186 0 <urn:uuid:051aa200-57b4-4985-a9dd-760a57270dc5> 0
199 0 <urn:uuid:fb07d8c0-d4af-4275-a80d-0f4fff80fd96> 0
173 0 <urn:uuid:9e2e59c6-7f88-4356-9d31-37e576df9144> 1
176 0 <urn:uuid:2568729d-df9e-4216-b011-50d6c96848d6> 0
169 0 <urn:uuid:af13f4e8-90a5-40b6-b9df-9836f5efe5bc> 1
154 0 <urn:uuid:f30f2a9a-f5ed-4cc0-8984-b74fedfe7de7> 0
163 0 <urn:uuid:f7a8fd81-500d-428b-a25f-b17e007af5ff> 0
157 0 <urn:uuid:7603402c-afa4-49d3-85e2-94dcc74b9a2d> 1
179 0 <urn:uuid:2096a85a-0e40-4e8f-a84d-3c4baa7e7973> 0
183 0 <urn:uuid:141c365a-7dba-4260-b946-22f60f4048fe> 0
192 0 <urn:uuid:b4819a97-050a-4114-adfc-ce0dc92e2dce> 1
194 0 <urn:uuid:8afc7d4e-5dd4-4780-8573-ff495a880707> 0
166 0 <urn:uuid:e8ab050e-3c5e-4cfe-bfd8-8813e5a9ba8f> 0
154 0 <urn:uuid:9a03fb83-4bbc-49f3-8918-ecb712516fbb> 0
184 0 <urn:uuid:7d96b051-b5ca-447b-bceb-c2c64a4a2ddd> 0
160 0 <urn:uuid:72ca498e-46c2-4a35-b686-b6e7380ce38a> 0
174 0 <urn:uuid:be76effa-8d60-45ca-bcfd-7e51fbf5a6e0> 0
184 0 <urn:uuid:e6debb49-d346-4b55-aa6e-d20355452d92> 0
196 0 <urn:uuid:45ac7a82-10bc-44a1-9bab-3507b8bbd3b6> 1
163 0 <urn:uuid:b71699aa-a150-49e1-845e-2a19c98607e2> 1
168 0 <urn:uuid:af4badd8-ce2a-4006-a251-67afbc2edabd> 0
151 0 <urn:uuid:5e2fc659-55b6-4bb1-afb0-ebc70185a8bd> 1
153 0 <urn:uuid:0ac41932-936e-46bb-bbd6-9898198e4b3b> 1
153 0 <urn:uuid:7d049470-8ea0-47f6-b084-9b05876095b8> 1
168 0 <urn:uuid:1973b09f-f0c2-4cff-bb63-e878ee7771d0> 0
193 0 <urn:uuid:5003ba80-f47d-47e5-94e6-dc2880a481e1> 0
184 0 <urn:uuid:597f6892-49e9-4dd8-82f1-efb7786dddfd> 4
167 0 <urn:uuid:3cacd35e-8465-47d6-9494-69db4863656a> 2
151 0 <urn:uuid:dbb7f4cf-b19f-4a50-a8b3-d450b431886c> 0
175 0 <urn:uuid:29b1356b-7ad4-44dd-9ef1-242b3c9b4d9b> 2
197 0 <urn:uuid:f5b7f7e6-f6dd-4345-aa1c-fa5941479eff> 0
183 0 <urn:uuid:c7fa3001-da6e-43ef-b7ad-4dabf6ac0325> 0
187 0 <urn:uuid:11ac670c-1bf0-4e35-994e-484365d774b4> 1
181 0 <urn:uuid:82b51519-711a-4792-b69a-4fe438b8a60e> 1
182 0 <urn:uuid:c1136332-ac9c-4c4f-b81e-f0911a141061> -2
172 0 <urn:uuid:1634a658-5095-4544-ac40-0e230b5227b8> 0
155 0 <urn:uuid:c92b9e34-66e8-4670-913e-798fd1e24288> 0
174 0 <urn:uuid:71ee9d13-fadb-409e-a294-7be00611ca55> 0
162 0 <urn:uuid:fb68abaa-d00c-447e-922a-21a15c814755> 0
154 0 <urn:uuid:40e1b6c0-7395-448d-b3e9-d342ab3611f0> 4
199 0 <urn:uuid:fbaa7386-e1bf-451f-9cbd-f076c9abc243> 1
163 0 <urn:uuid:ae76400a-c99d-46bb-89f5-ed7ebdf69cca> 0
184 0 <urn:uuid:2ab69a07-5c93-479a-88b0-cd9e722edfb4> 4
169 0 <urn:uuid:cc3bf0f7-4d29-4001-84bc-cdc3730b9192> 0
165 0 <urn:uuid:60d51cbe-d0b3-4a6b-96c8-6d295c8433a0> 2
154 0 <urn:uuid:6ffac370-972e-47e8-ba49-59603dbce42a> 0
193 0 <urn:uuid:30a1af8f-1cf2-4fef-bdd2-1e536d2cad22> 0
168 0 <urn:uuid:68098182-ebce-46f9-9bfd-917056c1289d> 1
184 0 <urn:uuid:de7396ca-ee99-4af9-b7a8-53ff1bd41538> 0
169 0 <urn:uuid:e5ea0b67-5eef-4015-b0fc-098bf9679d0c> 0
156 0 <urn:uuid:f90c8d57-f324-4055-bfc2-e8472eb3ed31> 0
165 0 <urn:uuid:9f7ba1c1-7757-4e65-9139-6923ef4ebc2d> 0
165 0 <urn:uuid:66abd48f-10ea-4471-82f9-e6a589a8fed9> 0
170 0 <urn:uuid:423201e6-4a4e-4b5d-a048-5063e8b7509b> 0
165 0 <urn:uuid:169eb127-91d5-4aa8-acb4-40a25347393e> 0
162 0 <urn:uuid:c46e9cea-5176-4020-b6d6-83022b2fea44> 2
169 0 <urn:uuid:2cd1499c-9b00-4abc-8011-cf6ccc94728e> 0
175 0 <urn:uuid:66f179a9-f58a-4c9a-a6f9-f206cd96359e> 0
169 0 <urn:uuid:9eb5c550-e026-44d1-b591-56097092e6d1> 0
169 0 <urn:uuid:62d684fb-2f41-4886-8d5f-7184ba86e91d> 0
169 0 <urn:uuid:a3a67b28-abc2-4c85-ace6-81d870471807> 1
172 0 <urn:uuid:ad63a1d4-747d-493d-bbbd-c250147828a3> 0
175 0 <urn:uuid:2b5c8573-041c-446e-809a-bcbe1d63952f> 0
172 0 <urn:uuid:a2b35a3c-ea28-411c-8e44-334594ecead8> 0
151 0 <urn:uuid:c3714390-bd42-4254-82ad-d478484866f4> 0
181 0 <urn:uuid:cffde8c5-e33c-42ca-975a-2bf2cfd2e03a> 0
191 0 <urn:uuid:470441e9-8dd0-44dc-a689-a46e607ea293> 0
198 0 <urn:uuid:9d427c4b-74a7-4f9e-91dc-fc77c7986bae> 1
170 0 <urn:uuid:a55996d9-8b29-4b3f-bd1b-f32dca8486ab> 0
160 0 <urn:uuid:a3108760-5a9f-4af0-bf33-1b215ee7a52e> 0
176 0 <urn:uuid:7895c398-5ab6-42a2-8478-511a0f55131c> 0
195 0 <urn:uuid:5d003cfd-43bd-4573-bcff-515212569ffa> 0
187 0 <urn:uuid:dc2e89a4-6643-433c-8978-e545735567d7> 0
168 0 <urn:uuid:97c6f2e5-1d9d-4163-a10e-cb29901b1e1b> 1
155 0 <urn:uuid:30eb8b92-02d4-400d-9fe0-546b2d58d306> 0
185 0 <urn:uuid:29831a1d-539a-464a-9b73-95e059e74392> -2
193 0 <urn:uuid:7b690ebd-07c0-498e-b4a8-bf0d2b91f49a> 0
169 0 <urn:uuid:d7cebdfa-e50e-457c-9007-f50470abac8e> 0
200 0 <urn:uuid:064325ad-def7-4bf8-801d-8067a0a53f08> 1
155 0 <urn:uuid:20be84d3-0c95-46e9-8b96-666fa1c02118> 0
192 0 <urn:uuid:c5422e9c-0469-4caa-822d-4c59f2c79923> 0
199 0 <urn:uuid:50e7978a-cc26-4ef2-a037-006067adbb28> 1
157 0 <urn:uuid:a952a73e-3c40-42d4-b6d2-7de5b1d43087> 0
151 0 <urn:uuid:4a7bcf82-0480-4728-ac2e-0f038bdbd1ef> 1
195 0 <urn:uuid:3f8bd10e-7184-46a1-9533-96e2f788da37> 0
165 0 <urn:uuid:ddb07c13-0c55-4144-832e-7f719fe0c0d8> 0
154 0 <urn:uuid:f1b84cc9-902e-4c6c-b0cd-98a86e33c9ea> 0
189 0 <urn:uuid:00f5a370-76a1-4d9f-b459-2d7bfdc46356> 0
189 0 <urn:uuid:4aa9de87-a8dd-419e-8b99-093f1bcaeacd> 0
189 0 <urn:uuid:0ee743a4-e692-4552-b209-fb6e3ada9dfc> 0
155 0 <urn:uuid:aae50f33-7a7b-4f92-b77c-c3528e02da22> 0
181 0 <urn:uuid:66d0be67-dc95-4e80-9efb-008bc9949536> 0
154 0 <urn:uuid:93f62c17-ae03-413a-b550-63479a453149> 1
185 0 <urn:uuid:87a18500-f3ea-420e-96bc-477028f506e1> 1
186 0 <urn:uuid:8b7aeaf5-73f8-4c46-9ba0-5ef04dc299d5> 0
176 0 <urn:uuid:6fcebdde-4692-45a9-814e-69068b121a43> 0
169 0 <urn:uuid:a3111d5e-51e5-4990-bb1d-f27338f9ada3> 0
178 0 <urn:uuid:cfd75d24-09cf-4b37-91cd-7aa2a3e90c53> -2
189 0 <urn:uuid:0b5a2d66-fc5b-4821-be12-0b0a2a066ddc> 0
165 0 <urn:uuid:f0f6ef72-4d9c-4c24-9b9d-dde9fa05a061> 0
172 0 <urn:uuid:22b2b8e9-0465-4317-be53-bcf0bcba723c> 0
178 0 <urn:uuid:9c91d053-ebe8-4a0d-90c4-9607084b246d> 0
194 0 <urn:uuid:be40b388-41b2-4c88-9520-78f2980711b4> 0
185 0 <urn:uuid:21b00c27-474f-410b-abed-faef445fcccc> 0
166 0 <urn:uuid:009912dd-58ac-4a6d-9461-327c69605b7c> 0
191 0 <urn:uuid:3cc69c0f-8b95-4e42-a291-cdbf817569f0> 1
181 0 <urn:uuid:b245e0be-64dc-4110-a5d7-175fc354b88b> 0
199 0 <urn:uuid:a3855f86-82b2-404c-841a-3dae9635987d> 1
170 0 <urn:uuid:eb5db0e2-0ad8-4050-866f-cb60b7ab8f59> 0
161 0 <urn:uuid:0dccf9d5-1f75-4fee-85b4-f1b9523ad7c4> 0
154 0 <urn:uuid:25721531-2644-47e7-ade9-ef51f861886b> 0
200 0 <urn:uuid:364eeffe-1177-49d3-a106-a80deca30b93> 0
160 0 <urn:uuid:f1898f7e-25ae-4c7b-bbcd-9001493fe23f> 0
173 0 <urn:uuid:329c865b-6df8-4752-bb47-c185bebc39c6> 4
169 0 <urn:uuid:1225bcb2-7efd-4a40-9565-358fed002c52> 1
173 0 <urn:uuid:ac888318-d52c-40f3-a202-a2a67bf04681> 1
182 0 <urn:uuid:e935efad-2f35-40dc-94a9-7b4752dc7d01> 4
177 0 <urn:uuid:c663c984-311e-47cc-9658-2f4e0aa3dc63> 0
160 0 <urn:uuid:5767fdf9-3511-4939-8c69-446f4f173b9e> 0
184 0 <urn:uuid:b5845e92-3dfb-498c-a858-efae328a3686> 0
184 0 <urn:uuid:9268eb1f-cf82-4d08-ad49-4d9a642f4c49> 0
154 0 <urn:uuid:65933f29-eece-4f9a-b874-2986e20348b1> 0
154 0 <urn:uuid:5825a02c-9f4d-48e6-989d-e34f14e4df6d> 1
170 0 <urn:uuid:aab596d7-d2ec-4d97-887d-2c0f73a6b4e4> 0
179 0 <urn:uuid:8371ac09-f439-462f-955f-93c4087b49c5> 0
169 0 <urn:uuid:6b639362-9723-452b-a458-9fabfb534698> 1
169 0 <urn:uuid:4457503f-5632-40bf-896b-1cc2f8c6fcba> 0
199 0 <urn:uuid:b1876bb0-7833-4140-a808-2adf89a977b4> 0
166 0 <urn:uuid:fd5764f0-a79b-4fd8-b4b2-1d57cdb75c78> 0
186 0 <urn:uuid:1d340b87-e373-48d5-8417-68fbffa89b9f> 0
173 0 <urn:uuid:d2215f66-e335-42bd-b107-04e8f273fdc3> 0
178 0 <urn:uuid:3e09de06-2392-4953-8b97-bf355fd1990f> 0
179 0 <urn:uuid:39e2275f-7aee-45b3-8628-284bedae3d65> 0
194 0 <urn:uuid:33de5543-e610-48c4-a6c2-f0981a44bc84> 0
197 0 <urn:uuid:9edea72c-0a81-40e7-a66d-1b43becd2f24> 1
154 0 <urn:uuid:0b57bd21-2a74-4874-983d-ebb0a726b295> 0
170 0 <urn:uuid:4cf67d1c-a1b9-4c8b-bd3f-695f8e82da68> 0
193 0 <urn:uuid:c8156daa-85f2-4320-a6cb-9519f6c914f4> 0
154 0 <urn:uuid:c88b921f-a287-4454-bd6e-62dfa2a6c1ee> 0
157 0 <urn:uuid:6bef67c7-bb25-4576-97a6-b4f64072d268> 0
195 0 <urn:uuid:d4cd8dcd-adcc-4699-a0f5-f9d9e8fd8d1d> 0
151 0 <urn:uuid:707405ec-54a9-4946-ab4d-a80773be5928> -2
154 0 <urn:uuid:5a7b663c-9ddb-458a-ae7c-ca8f73d6ef97> 0
164 0 <urn:uuid:ee444769-5aef-4cbb-9624-ae4fe862836b> 4
197 0 <urn:uuid:40a35253-54a7-4652-8dab-9c90cd38a8ae> 4
176 0 <urn:uuid:0df0e30d-8360-418d-bd10-b70edff1d7ff> 0
153 0 <urn:uuid:68ac7feb-c966-4e28-ba5d-b4f8e347ba30> 0
168 0 <urn:uuid:f077fd6f-5823-4d99-9f5f-503e59040c29> 0
181 0 <urn:uuid:ec6c3c65-d922-4000-982f-a49b8915b673> 1
179 0 <urn:uuid:60522ef3-76b1-49e6-b280-7a56cd9a8661> 0
154 0 <urn:uuid:e21583a2-0e9f-4aea-b154-376176af32b0> 1
177 0 <urn:uuid:2346ac5c-b02a-4146-ac4c-04bde7c7c652> 0
174 0 <urn:uuid:ebac45a0-6686-4869-9374-257d2acf8a9d> 0
197 0 <urn:uuid:70b06692-e2a0-4c5a-95be-4d6f906cdf28> 0
172 0 <urn:uuid:03523aeb-a85e-4e6d-9dea-2a518abf19e2> 0
167 0 <urn:uuid:0042d4a7-66e8-4997-b0c1-567961c93346> 0
170 0 <urn:uuid:ddcc47b8-d8b2-4ed2-b0b3-736d10ff9dbd> 0
170 0 <urn:uuid:3ef48569-0879-4870-88d7-1e1960a82637> 0
170 0 <urn:uuid:e0d18e44-5949-479c-a1ac-4b1ce843a40a> 0
170 0 <urn:uuid:a3e70486-091a-48be-86d9-1d43e1f77a4f> 0
170 0 <urn:uuid:f66a2a2d-9f64-4330-ac56-915591716afa> 0
195 0 <urn:uuid:0669eaa9-3d0f-4fa4-8065-49c2e89ff492> 0
160 0 <urn:uuid:4e77420e-36c0-4643-9589-8276cfd6ba35> 0
170 0 <urn:uuid:69111ffa-939a-49b8-b05a-657ce2a7a8c5> 0
170 0 <urn:uuid:b5b2f3d7-c11e-4bd9-ab56-396207d21ca7> 0
172 0 <urn:uuid:44427ed9-9542-4ee6-883f-6842f1b24f91> 1
157 0 <urn:uuid:8518f9ca-7b22-40d9-8e00-a549d3c81b83> 0
168 0 <urn:uuid:80f94024-5362-418b-bd10-79ec82cf05a2> 0
176 0 <urn:uuid:02778205-bb13-4322-a8e0-c4efe83df451> 0
184 0 <urn:uuid:c8e97f8e-f9bc-4a98-85bd-da7dbda0c7e6> 0
162 0 <urn:uuid:1b3f14a9-ac15-4018-882f-db6a625215db> 1
164 0 <urn:uuid:e3eb1b7c-1837-4bbc-9b46-c162f68395f9> 0
194 0 <urn:uuid:a7bffb94-3b49-4ba9-b495-bc996731f8c9> 0
174 0 <urn:uuid:9683dcbc-3297-4e6f-85e4-5b93b9cd88b4> 0
165 0 <urn:uuid:420f95e4-bc78-499b-ac25-ea2b81eac82d> 4
194 0 <urn:uuid:c6b04f28-e920-4857-9302-4b41b26110d8> 0
181 0 <urn:uuid:afab67d6-a149-48e1-ac81-e2c3ce8023e9> 0
181 0 <urn:uuid:a2f332b6-1466-47e1-9f41-f16dd8605213> 0
179 0 <urn:uuid:ec300854-0602-4c21-9063-a36a79ee0573> 0
193 0 <urn:uuid:1155b9a8-8fbf-4166-aae7-736dd66b3f7b> 1
160 0 <urn:uuid:3b75626f-5c09-4fc0-b7f2-f50eed5cf354> 0
196 0 <urn:uuid:b2173b32-c432-40f8-87d5-e83aa9f01bb1> 1
179 0 <urn:uuid:2da16bca-3b86-4cf5-90af-a1b301a96d34> -2
200 0 <urn:uuid:46e50b3d-4b55-447b-b140-ffc30bd42290> 0
181 0 <urn:uuid:0b3b5e8a-4250-4953-9061-0b009cb0943c> 0
169 0 <urn:uuid:e93315e8-f41d-427a-8905-99d3ad5cfafa> 0
186 0 <urn:uuid:63670f23-6e75-4a40-8318-3c607e5cec4f> 1
151 0 <urn:uuid:6d2444b4-8565-47a5-935f-6bdc2418301f> 4
169 0 <urn:uuid:5af43c3a-b78b-4dd5-996d-022d622d007d> 0
172 0 <urn:uuid:fee2f543-8229-4046-b2de-dd3b30f82aee> 0
197 0 <urn:uuid:e17957c1-34aa-4953-be71-9cf3335ceccb> 0
174 0 <urn:uuid:518df028-12eb-4c1a-b5c1-a1dc729b581a> 0
154 0 <urn:uuid:c96d7ce2-b2cb-4feb-aff7-4cfeba53c0f4> 0
194 0 <urn:uuid:7d9027b2-8605-445b-9a4a-e05913d2b510> 0
197 0 <urn:uuid:223efb0b-4d67-49cf-9bec-e9aa63501a66> 0
174 0 <urn:uuid:9b9ca09a-40b1-4d81-bc30-c1c259b26438> 0
165 0 <urn:uuid:62e1aa67-e1cc-4b0b-8ff2-3c70660ac2de> 0
171 0 <urn:uuid:b69580a9-2d9f-4f19-9bdf-50f82e0f4df0> 1
177 0 <urn:uuid:176bf5c7-68ea-489e-ab91-7e8a1bfbfea0> 0
153 0 <urn:uuid:beaa6ac5-d216-4d51-9d89-9e7291a2a6d4> 0
183 0 <urn:uuid:c376594e-b2f3-4df8-bc8a-f8218e348e79> 0
189 0 <urn:uuid:1b645892-165f-49d5-a538-a0f0d7526f30> 0
170 0 <urn:uuid:2f04048e-f561-4cff-9f59-ea95223a1c0a> 0
152 0 <urn:uuid:47c992c3-9590-470f-9a07-3b820bab3f75> 0
195 0 <urn:uuid:f322c986-9e30-4b09-a3a1-cea3e9fa81f3> 0
196 0 <urn:uuid:9c6c7151-f0a5-4d39-8589-629b43ed86d1> 1
174 0 <urn:uuid:a3da8a2c-18cf-46ee-9362-b8ea47b1dced> 0
179 0 <urn:uuid:8298a371-6e4f-48dd-a813-053c46decd64> 0
159 0 <urn:uuid:df5ad6e7-0cb8-4d04-9702-b634a77352b7> 0
171 0 <urn:uuid:e4f36190-a13b-4455-bc1d-2dc3ea9f15a2> 1
181 0 <urn:uuid:99e81a24-2ddc-4d8e-9323-82b2194ee9a3> 1
189 0 <urn:uuid:adf70088-7cff-4981-9304-2cabad5020cd> 0
171 0 <urn:uuid:a25784cf-ece6-4ee8-a2e7-1df72f33c3c4> 0
199 0 <urn:uuid:6e1e7a06-3061-4ee1-8233-2cd711cf8a10> 0
162 0 <urn:uuid:7111cab5-2a8c-488d-8766-9ead3f4767eb> 0
165 0 <urn:uuid:ff8e8871-74da-44c8-b79a-cfa183619b42> 0
162 0 <urn:uuid:4bd96eff-c346-4801-af0d-96e6dd30305b> 2
153 0 <urn:uuid:e1342736-c5e2-42ca-8072-b67a1b128358> 0
176 0 <urn:uuid:1ca75bee-6b0a-44aa-b22e-987a06b4d8bf> 0
169 0 <urn:uuid:9574e8bf-5f1a-4cd0-b704-6b33c2051545> 0
171 0 <urn:uuid:d9d724d8-9ba7-4f37-90fd-95f7921fc274> 4
166 0 <urn:uuid:e8f71e80-f2ba-45e2-ab26-d19a6d932d82> -2
165 0 <urn:uuid:6e45de10-975c-4a93-a4ee-ccce06a2cb07> 0
177 0 <urn:uuid:a9d3e6d4-a2c9-42c8-a756-9cc44e634ff6> 0
175 0 <urn:uuid:4658d7ff-4ead-4d12-a161-419f4f1ae924> 2
169 0 <urn:uuid:09351833-24a0-434a-9be8-f0d56be897f0> 0
169 0 <urn:uuid:5c1bdabd-3900-47a4-9773-ce5190cc39db> 0
192 0 <urn:uuid:c1bf132d-df70-40d6-a3a2-b16ee9f80a78> 1
163 0 <urn:uuid:ca12a0c2-31d8-47fe-ba43-0c13dc6bd9cd> 0
179 0 <urn:uuid:3019e993-8a27-44c9-9116-d81f32b9222e> 0
179 0 <urn:uuid:70b0461d-43ed-48d8-ad87-851384e102af> 0
179 0 <urn:uuid:4aab79df-2bba-4491-b851-82dd246c9160> 1
176 0 <urn:uuid:f280ba2d-7fbb-43c3-9e3f-1648c575ac3d> 0
160 0 <urn:uuid:f94ab6f1-e8c7-41d4-81c0-4ab574c6cc69> 0
180 0 <urn:uuid:2eb691c3-f7ce-499a-a341-6622a8388242> 0
184 0 <urn:uuid:e9d9b4b6-9034-4d5e-ae90-9bf73d64cd47> 0
161 0 <urn:uuid:1456574c-f097-434c-bcca-531e3d86c261> 0
171 0 <urn:uuid:6e85e30e-b5b7-4622-81b2-0d816c489809> -2
165 0 <urn:uuid:6de5c393-fa0b-4935-805b-c7343c7a16cc> 0
182 0 <urn:uuid:b1cdccd4-49b9-42c4-8c5d-b4ec83eeb5f0> 0
182 0 <urn:uuid:119f3e27-2fb0-43d6-8acc-977a77cc7254> 3
165 0 <urn:uuid:d8df3898-e5ad-44f4-a906-c19332d2d881> 0
194 0 <urn:uuid:4a6f3872-9f8a-4a45-bd57-d047a6ea27ea> 0
197 0 <urn:uuid:ad13fbe6-c16b-41e6-b5c0-9d0302123a44> 4
179 0 <urn:uuid:a36d000e-46a4-4b3d-ad4e-16591c8a5c97> 0
184 0 <urn:uuid:e77f2902-d418-4e2a-9867-0fe4679f8cfe> 0
163 0 <urn:uuid:68176fcb-312a-49b7-b1de-97ba020eca73> 4
169 0 <urn:uuid:5a9d40d3-c1a7-46d3-be9b-5f2ab2a272c9> 1
177 0 <urn:uuid:a7a82f3f-c890-4970-af89-75df9f4460f2> 0
169 0 <urn:uuid:99bfe41f-1ac3-46d1-849a-de3ca408bafc> 0
166 0 <urn:uuid:d32ee46a-1bf8-4527-a980-ab85942ad342> 0
174 0 <urn:uuid:870d1f84-aaaf-4182-8e19-f3e048aa824c> 0
173 0 <urn:uuid:057cd9ad-caf6-4d0f-85f2-b723d88c37f6> 1
176 0 <urn:uuid:24fbd55d-013d-4dc0-8e75-64e53bedf51f> 0
156 0 <urn:uuid:da15e2ab-4321-4c71-88c1-666b53b2dc54> 0
169 0 <urn:uuid:840032f5-5609-4346-943f-4db82ed96212> 1
176 0 <urn:uuid:341395ad-f6d4-4409-aa8f-586770a55b26> 0
155 0 <urn:uuid:6cf4f0bc-c662-4c67-9fd6-0d7b563d8053> 0
175 0 <urn:uuid:803ab63e-ed3f-4323-8a6f-a14950a9251d> 0
163 0 <urn:uuid:a3aaa3f4-c8f1-4b3c-b623-007c6710428c> 4
168 0 <urn:uuid:ecb5f81d-558b-46df-97a3-9d084ee5fba3> 0
183 0 <urn:uuid:2ee5b41e-f81a-46d6-9e83-0ad8aed3491b> 0
199 0 <urn:uuid:624bbfb6-4d9b-462c-a2c5-b82591276c1e> 1
159 0 <urn:uuid:5feaa22c-1c95-4f38-a824-2db1b7ca7fd7> 0
154 0 <urn:uuid:76b7d0b4-97f3-4c51-8a24-22e0c440af82> 0
154 0 <urn:uuid:85884e07-aa60-47aa-8475-3082c8a8f1f4> 0
165 0 <urn:uuid:12e4c85a-34ed-4105-a73c-36927fce90f0> 4
168 0 <urn:uuid:a755993b-5034-4f7c-8363-ee642f590d73> 0
170 0 <urn:uuid:ef4644ec-7917-4864-9401-2f749b1629d5> 0
170 0 <urn:uuid:6851e05d-8b50-46ae-9d4a-2ca4e57e49f7> 0
170 0 <urn:uuid:7b9f9b30-ed4c-458f-8937-6846a7d82483> 0
184 0 <urn:uuid:ec300854-0602-4c21-9063-a36a79ee0573> 0
189 0 <urn:uuid:9e542471-365f-4412-9dbf-112aa86a3a4b> 0
183 0 <urn:uuid:002246f6-24f1-43a3-ab14-bdbc44bccef2> 0
197 0 <urn:uuid:eb539dae-6e3a-4694-bdd3-cc425a1d30fd> 0
194 0 <urn:uuid:542420c4-0f53-4918-97ab-a0abca307d78> 0
177 0 <urn:uuid:ad3cb98e-faee-4449-bee3-8db066756cd8> 0
162 0 <urn:uuid:6c0fb834-875e-4ee2-a920-c01926ae9044> 0
164 0 <urn:uuid:95388198-c672-40e6-9dc7-abdd8960649d> 2
171 0 <urn:uuid:e5161737-de2f-4680-8e74-983bdcf43301> 0
186 0 <urn:uuid:f9a321d9-600c-4502-aa0f-542e6cec0507> 0
165 0 <urn:uuid:47227855-a470-4366-9f50-e9d8514b0a27> 0
174 0 <urn:uuid:a0729911-3939-41f1-9539-bd297942d873> 0
166 0 <urn:uuid:835696b5-8d4e-439f-b02f-1e7a56fda12f> 0
166 0 <urn:uuid:55080360-d534-4d6e-8855-051689dbaaf8> 0
154 0 <urn:uuid:b7855038-2121-42a5-8e7e-c4e4ce4d627c> 0
183 0 <urn:uuid:4813ef34-6f3d-4250-8437-59e728358f41> 0
188 0 <urn:uuid:d3db590b-45b4-4f7f-8f26-1f443809d379> 0
154 0 <urn:uuid:54e94a60-991d-4669-b016-7073fa3c24c8> 1
177 0 <urn:uuid:8d5071d5-5345-418d-ac45-6976c353d966> 1
199 0 <urn:uuid:8045f692-c620-4dbc-aaf0-6cfe8470f243> 1
154 0 <urn:uuid:488e1e2c-0cb3-4c5e-9d47-48a2ecbf2d56> 0
168 0 <urn:uuid:bae1a66b-f177-46b0-8280-8b8fb8550310> 0
167 0 <urn:uuid:2957e732-9391-4b82-954a-606dc99b729d> 0
184 0 <urn:uuid:1b54477a-de75-4e13-8e24-8253df0d0b45> 0
158 0 <urn:uuid:0eb78113-dd0c-4e41-8481-208e85251fd9> 1
191 0 <urn:uuid:51483690-13f5-45a6-97d0-bb68e68b3d81> 0
191 0 <urn:uuid:81d129fb-87da-4195-99d2-de91a711a891> 0
179 0 <urn:uuid:8c4c9c74-84dd-4d3b-904e-e25b24ae5365> 0
182 0 <urn:uuid:e5acd71b-3c43-4ba3-b594-8659b5bc5372> 0
169 0 <urn:uuid:b80af199-7a44-4ec7-9395-d949cec87dcf> 1
176 0 <urn:uuid:8eb11e9e-0223-45d5-ab64-b7b59c905d07> 0
173 0 <urn:uuid:147d62f2-f879-47ff-9bb9-a7f745568692> 1
154 0 <urn:uuid:f12952b7-ddec-4a0c-8d4c-e18a5791413c> 0
154 0 <urn:uuid:99c58ae1-a49d-4629-942c-ced60f7c74da> 0
199 0 <urn:uuid:dd6893fa-e747-4d3f-9248-b22982fc2e75> 1
194 0 <urn:uuid:151570f7-848e-4521-ad9d-a9ff0a6fe17e> 0
176 0 <urn:uuid:0bdf434b-091c-4d13-84a1-00e11a27a3cd> 0
179 0 <urn:uuid:a7dcd2e8-537d-4eaf-a048-07c9a472ac0e> 0
187 0 <urn:uuid:b53510a6-a98f-4644-a7d0-0b704b0f2070> 0
163 0 <urn:uuid:a33b32c2-c3b5-4249-9549-3006d2b80c83> 1
176 0 <urn:uuid:5d1c1945-0f36-4fd1-95e3-fef8d8ed544e> 0
168 0 <urn:uuid:c4eb2892-96a4-4b81-902f-dea3dc349baf> 0
163 0 <urn:uuid:26d04899-4fea-4b40-a2d8-30f836c7be78> 1
156 0 <urn:uuid:5f15687c-7936-45d1-a8cb-92386a86237e> 0
174 0 <urn:uuid:bbab61cc-b81b-4b3b-acd6-e40ec64864b0> 1
179 0 <urn:uuid:70b5ac5c-defb-4400-a792-0a86f2726a1d> 0
163 0 <urn:uuid:2fe457a2-76c4-4e76-ae74-53546d6023c2> 0
183 0 <urn:uuid:6dfda73a-5743-47cb-ac55-5fa9a01fd30a> 0
186 0 <urn:uuid:42f2c134-3387-443d-9af2-a3154ac61470> 0
165 0 <urn:uuid:702bad1f-f70c-488d-bd86-080cc28c25bb> 0
155 0 <urn:uuid:6ad4e7bc-0354-4431-932a-0f8e3e49ae00> 0
165 0 <urn:uuid:391fcf52-b387-4526-9a2d-2923bb1386ef> 0
197 0 <urn:uuid:df1b1cf2-bbb7-4119-990b-a5d71e060038> 2
154 0 <urn:uuid:09661fd3-3cf8-4b4a-9857-dcac4ae51c88> 0
154 0 <urn:uuid:33718355-ae71-4619-b831-2122883a7b43> 0
180 0 <urn:uuid:4ca4efe3-08c4-4f05-b638-72f10524ca45> 0
183 0 <urn:uuid:c5a09e3d-ec09-4a8b-abc5-fa12c5fc7f42> 0
186 0 <urn:uuid:48735efd-6a59-4046-a879-22ff1647f132> 0
160 0 <urn:uuid:e499e44c-f265-4879-87b2-621d9a4730b9> 0
194 0 <urn:uuid:f5c539b9-57fa-4294-9e7b-6cd5ab519107> 0
151 0 <urn:uuid:412af85e-1410-485a-8b2e-36a725429e30> 1
154 0 <urn:uuid:f0eaed51-8a86-4472-8e9c-d532f36c9af4> 0
165 0 <urn:uuid:8b23fb5b-a83b-430d-843e-b7425f7c47c0> 4
153 0 <urn:uuid:bcb48816-a62f-4995-b977-08e0973f8aa8> 0
172 0 <urn:uuid:63bcdf45-3004-4edf-998e-26597ac882e8> 1
172 0 <urn:uuid:76c1a5aa-b1f6-4135-9933-ff2248e8bff4> 0
159 0 <urn:uuid:89811f8a-5b17-4aa8-a9fb-f2c7e1b0ec77> 0
197 0 <urn:uuid:b5362cdc-c4a1-4083-8ebb-f612f6e6ee9b> 0
191 0 <urn:uuid:375ff981-9a3d-46bc-9f49-c4fe16937591> 0
154 0 <urn:uuid:577f6f64-a788-44bd-b9f1-6899ebece371> 0
172 0 <urn:uuid:fd0f1db2-be66-4bae-ab52-162e39a51f7f> 0
199 0 <urn:uuid:43420db6-f41f-4426-92a8-ec5d1ebd5679> 0
153 0 <urn:uuid:4aa659b5-590e-4985-91f7-e4446ee6cc28> 1
181 0 <urn:uuid:a931214c-e4fc-4bf7-82d9-e73b1c7ab061> 0
196 0 <urn:uuid:43d956e2-b717-4b22-a797-9881906ed0ab> 4
197 0 <urn:uuid:d2ca41f6-140a-42d9-9993-0f9706075f76> 0
165 0 <urn:uuid:158a2800-69d2-4a75-acca-52b7dd60404c> 0
182 0 <urn:uuid:e4aa8d90-df7b-43da-a7cb-c55ed8204e37> 1
194 0 <urn:uuid:30ef191c-4bf8-4b00-a688-907f576e010a> 0
165 0 <urn:uuid:11b52471-5ac0-4b58-8188-af8db0d406ed> 0
165 0 <urn:uuid:7878c502-977b-4f6b-bdd5-c44ce3f7cd6f> 3
199 0 <urn:uuid:26675370-5928-4039-a6e5-3ec353b5ec9d> 1
165 0 <urn:uuid:30ffd671-64a6-4aaf-aca0-25ec7d1bbcc6> 0
186 0 <urn:uuid:6ffbce2d-999d-492a-9bb8-e97fcafd2551> 0
157 0 <urn:uuid:1e9ec743-64a8-43da-89d5-df11ea1121f4> 4
165 0 <urn:uuid:549ea45e-dad0-452c-9b07-1fc462dffd27> 0
165 0 <urn:uuid:b7dabd74-5564-4fb0-b9c9-b1792411d8f9> 0
165 0 <urn:uuid:71465104-a4cc-4a22-a4f4-e9a5ce61e29d> 0
165 0 <urn:uuid:cf9d9975-8b14-4893-99ff-0c0088bee28d> 0
163 0 <urn:uuid:f8970e26-67f1-4f44-abd3-2cd27d6f8e77> 0
180 0 <urn:uuid:fb201d26-cb70-463e-a688-5d6b47e68068> 0
162 0 <urn:uuid:af8a2554-41ef-4ba3-b1f1-b4a389f8603c> 0
176 0 <urn:uuid:c6b86075-189c-4095-856b-4adc6f527c35> 0
152 0 <urn:uuid:66685256-abf2-4f27-9f1c-3896cc88d503> 0
162 0 <urn:uuid:e9f9cf64-20c6-4883-9764-1c926d9ad895> 0
182 0 <urn:uuid:d3cc371f-d4ab-4ec1-9cdc-57c1d03c9c9b> 1
160 0 <urn:uuid:c9971977-69bf-43d1-8527-ce36c01ba0b5> 0
154 0 <urn:uuid:b6ea652a-69e1-4815-9f81-50e5d0547768> 4
169 0 <urn:uuid:08937861-45a7-452b-a890-aa068899a979> 0
154 0 <urn:uuid:a5be2cc0-9064-4cc7-8711-a68bcbc90469> 2
174 0 <urn:uuid:6f0c4b46-b30b-48fc-bcc4-ee76b37d644f> 0
196 0 <urn:uuid:100fdb06-f89a-42ac-89f0-2372e9f4484e> 0
181 0 <urn:uuid:e0b3723e-1ec6-4cf4-a565-1bf24cd304fb> 0
181 0 <urn:uuid:60f51c03-f75d-4fce-a417-065814b6b94f> 0
184 0 <urn:uuid:2f42e158-f6db-4c91-aa1f-752dae827de9> 0
171 0 <urn:uuid:cd19691c-991c-4202-8ae2-e2b19c2355ca> 0
174 0 <urn:uuid:0e3af7fc-95bb-43ab-99a4-37eee8a5c8f7> 0
179 0 <urn:uuid:a6f2500e-8bb2-4f93-ac5c-aa329f9be353> 0
191 0 <urn:uuid:2a0f1386-0183-4bf3-943d-fbe8a39db741> 0
165 0 <urn:uuid:da21e9f0-00af-4769-92db-a1a9f47cc08d> 0
165 0 <urn:uuid:f8a51778-898b-4e1f-b810-1a148dfef76d> 0
165 0 <urn:uuid:4e364550-90f1-40c0-899c-eb2c7d6d5255> 0
165 0 <urn:uuid:44029b21-128c-4702-b92b-44d030568548> 0
169 0 <urn:uuid:2fafe02d-c22f-479e-b95a-ed58f92b3bd1> 1
169 0 <urn:uuid:f80583a5-cc89-4f94-82f7-6742b3442596> 0
176 0 <urn:uuid:87121e38-c75f-4d71-920e-301569551810> 0
154 0 <urn:uuid:17aebe35-bbf7-4736-9c13-d2c5ee5040d7> 0
168 0 <urn:uuid:16176dc3-88ac-4fa2-a861-875aac325375> 0
193 0 <urn:uuid:3146c5ec-8d71-491d-a616-c3dee1d8308c> 0
176 0 <urn:uuid:3c2b0636-6fe3-4b06-9ecf-f6fbe209fb54> 0