58 0 clueweb12-1614wb-92-35282 0
79 0 clueweb12-0004wb-64-23658 1
73 0 clueweb12-0302wb-97-32940 0
83 0 clueweb12-0002wb-56-15018 0
56 0 clueweb12-0302wb-74-02576 0
94 0 clueweb12-1402wb-55-24763 0
62 0 clueweb12-0001wb-24-25122 0
74 0 clueweb12-0109wb-23-09913 0
66 0 clueweb12-0002wb-93-16382 -2
75 0 clueweb12-1312wb-58-13486 0
75 0 clueweb12-1310wb-81-07736 0
66 0 clueweb12-0000wb-74-33751 -2
82 0 clueweb12-1616wb-81-04619 0
88 0 clueweb12-0102wb-11-27421 1
61 0 clueweb12-0301wb-29-06568 0
89 0 clueweb12-0109wb-68-09853 0
81 0 clueweb12-0002wb-98-04062 0
93 0 clueweb12-0303wb-97-04310 0
79 0 clueweb12-0111wb-43-20025 0
92 0 clueweb12-0000wb-06-23190 0
92 0 clueweb12-0000wb-06-23191 0
59 0 clueweb12-0509wb-17-31951 0
87 0 clueweb12-0301wb-39-23374 0
98 0 clueweb12-1406wb-30-13895 2
54 0 clueweb12-0807wb-02-05874 0
84 0 clueweb12-0209wb-21-17981 2
54 0 clueweb12-0204wb-03-01373 1
82 0 clueweb12-1616wb-69-10279 0
54 0 clueweb12-0403wb-33-00313 0
82 0 clueweb12-0110wb-17-04533 1
64 0 clueweb12-0012wb-40-02892 2
82 0 clueweb12-0203wb-67-25519 0
83 0 clueweb12-1910wb-02-14090 1
72 0 clueweb12-1616wb-67-16552 0
71 0 clueweb12-0112wb-61-03867 1
54 0 clueweb12-0312wb-24-04249 0
70 0 clueweb12-1904wb-17-21548 0
59 0 clueweb12-0203wb-64-09809 0
71 0 clueweb12-0405wb-18-02436 0
69 0 clueweb12-1313wb-27-09516 0
61 0 clueweb12-0809wb-96-00385 0
54 0 clueweb12-0006wb-06-24431 1
81 0 clueweb12-0406wb-08-19660 0
81 0 clueweb12-0005wb-92-19062 0
71 0 clueweb12-0411wb-33-17514 0
70 0 clueweb12-0000wb-00-08997 0
66 0 clueweb12-1900wb-00-11270 0
98 0 clueweb12-1709wb-16-09658 0
64 0 clueweb12-0107wb-44-02134 0
76 0 clueweb12-0200wb-25-06374 0
71 0 clueweb12-0205wb-23-10688 0
64 0 clueweb12-0003wb-69-33304 2
77 0 clueweb12-0808wb-19-16709 0
71 0 clueweb12-0205wb-69-13222 0
78 0 clueweb12-0906wb-89-23898 -2
82 0 clueweb12-0409wb-05-29066 2
87 0 clueweb12-0706wb-91-17582 1
94 0 clueweb12-1602wb-20-21923 0
90 0 clueweb12-0202wb-67-02186 0
90 0 clueweb12-0202wb-85-00712 0
85 0 clueweb12-0300wb-82-14279 0
94 0 clueweb12-0602wb-51-18379 0
70 0 clueweb12-0002wb-61-04933 0
75 0 clueweb12-1906wb-35-38296 1
64 0 clueweb12-0409wb-77-26480 1
94 0 clueweb12-0303wb-77-07853 0
75 0 clueweb12-1310wb-61-09047 0
58 0 clueweb12-0208wb-21-34473 0
62 0 clueweb12-0208wb-21-34473 0
72 0 clueweb12-0203wb-11-12527 2
64 0 clueweb12-1312wb-23-24846 0
75 0 clueweb12-0204wb-88-26896 0
99 0 clueweb12-0207wb-39-20424 0
66 0 clueweb12-0004wb-23-32786 -2
60 0 clueweb12-0003wb-92-01747 1
70 0 clueweb12-0003wb-22-08544 0
89 0 clueweb12-0811wb-37-31735 3
87 0 clueweb12-0400wb-11-08530 0
96 0 clueweb12-1900wb-59-17779 0
63 0 clueweb12-0211wb-30-29899 0
66 0 clueweb12-1900wb-15-12911 0
76 0 clueweb12-0111wb-83-08786 0
71 0 clueweb12-0107wb-89-02366 0
60 0 clueweb12-0211wb-17-26074 1
75 0 clueweb12-0603wb-12-28152 1
80 0 clueweb12-0202wb-97-11043 0
79 0 clueweb12-0208wb-21-34473 0
59 0 clueweb12-0101wb-84-03252 0
93 0 clueweb12-0713wb-66-27545 0
73 0 clueweb12-0701wb-69-20099 1
76 0 clueweb12-0108wb-01-32611 1
84 0 clueweb12-0208wb-81-26456 1
65 0 clueweb12-0001wb-80-08959 0
69 0 clueweb12-0011wb-73-02451 0
82 0 clueweb12-0911wb-15-01875 0
78 0 clueweb12-0007wb-54-00785 -2
78 0 clueweb12-0003wb-73-06964 1
96 0 clueweb12-0302wb-57-30531 1
86 0 clueweb12-0208wb-37-22069 0
69 0 clueweb12-0207wb-61-19913 0
69 0 clueweb12-0207wb-61-19912 0
68 0 clueweb12-1407wb-32-14481 0
67 0 clueweb12-0303wb-10-19776 0
66 0 clueweb12-0002wb-58-14482 0
59 0 clueweb12-0110wb-40-13732 0
59 0 clueweb12-0203wb-22-01987 1
92 0 clueweb12-0405wb-24-09758 0
69 0 clueweb12-0507wb-82-33970 0
58 0 clueweb12-0210wb-00-34881 0
74 0 clueweb12-0008wb-59-30032 0
67 0 clueweb12-0910wb-37-04326 0
54 0 clueweb12-1616wb-77-15919 1
70 0 clueweb12-0205wb-41-02873 0
96 0 clueweb12-1013wb-03-13043 0
89 0 clueweb12-0210wb-18-24602 1
73 0 clueweb12-0302wb-24-21543 1
74 0 clueweb12-0817wb-47-22350 0
85 0 clueweb12-0109wb-49-27103 1
99 0 clueweb12-0913wb-11-07714 0
65 0 clueweb12-0203wb-49-00950 1
70 0 clueweb12-0110wb-85-01403 0
68 0 clueweb12-1309wb-29-15780 0
56 0 clueweb12-0306wb-58-07807 0
51 0 clueweb12-0001wb-78-23962 0
54 0 clueweb12-0709wb-53-02129 0
91 0 clueweb12-1403wb-55-20208 0
60 0 clueweb12-0012wb-93-19915 0
85 0 clueweb12-0010wb-92-07810 0
55 0 clueweb12-0208wb-70-27665 1
90 0 clueweb12-0504wb-40-21128 0
58 0 clueweb12-0008wb-19-32180 0
88 0 clueweb12-0111wb-98-29927 0
65 0 clueweb12-1515wb-82-29406 0
81 0 clueweb12-0715wb-56-11189 0
88 0 clueweb12-0606wb-10-04561 0
56 0 clueweb12-1214wb-86-17906 0
91 0 clueweb12-0212wb-08-03823 2
60 0 clueweb12-0912wb-83-15043 1
78 0 clueweb12-1616wb-93-27366 -2
97 0 clueweb12-0212wb-10-17309 0
88 0 clueweb12-0104wb-47-26287 0
54 0 clueweb12-0602wb-83-10412 1
89 0 clueweb12-1010wb-76-02702 1
98 0 clueweb12-0104wb-21-17822 1
73 0 clueweb12-0102wb-51-11190 1
73 0 clueweb12-0301wb-92-27135 1
92 0 clueweb12-0408wb-81-03529 0
68 0 clueweb12-0204wb-69-06337 0
51 0 clueweb12-0104wb-70-02109 1
65 0 clueweb12-0112wb-05-27932 0
93 0 clueweb12-0207wb-14-18271 0
98 0 clueweb12-0212wb-12-26804 0
99 0 clueweb12-0200wb-02-06995 0
99 0 clueweb12-0200wb-52-13720 0
71 0 clueweb12-1906wb-72-12897 0
54 0 clueweb12-1516wb-81-17063 1
75 0 clueweb12-0104wb-85-29413 2
92 0 clueweb12-0001wb-01-27413 0
70 0 clueweb12-0011wb-73-12955 0
87 0 clueweb12-0300wb-58-15158 0
78 0 clueweb12-0013wb-27-02127 0
56 0 clueweb12-0107wb-90-23519 0
79 0 clueweb12-0307wb-47-13753 0
87 0 clueweb12-0301wb-35-06117 0
86 0 clueweb12-0503wb-25-02970 0
92 0 clueweb12-1009wb-66-13386 0
65 0 clueweb12-0300wb-92-19851 0
88 0 clueweb12-0204wb-96-04973 2
64 0 clueweb12-1900wb-62-19923 0
64 0 clueweb12-1815wb-01-30785 0
73 0 clueweb12-0004wb-44-22856 2
61 0 clueweb12-0103wb-43-13553 1
93 0 clueweb12-0010wb-70-28754 0
94 0 clueweb12-0611wb-99-34226 0
96 0 clueweb12-0102wb-19-00580 0
86 0 clueweb12-1700tw-53-03186 0
54 0 clueweb12-0009wb-89-28309 0
86 0 clueweb12-0508wb-51-21671 1
97 0 clueweb12-0211wb-89-20873 0
69 0 clueweb12-0009wb-72-14590 0
77 0 clueweb12-1411wb-00-08830 0
92 0 clueweb12-0004wb-35-31924 0
86 0 clueweb12-0106wb-15-32165 0
99 0 clueweb12-1503wb-17-18618 0
92 0 clueweb12-0301wb-53-04662 0
51 0 clueweb12-0202wb-17-16909 0
87 0 clueweb12-0307wb-48-11052 -2
89 0 clueweb12-0915wb-06-14913 1
65 0 clueweb12-0104wb-08-24303 0
55 0 clueweb12-0109wb-98-15801 0
52 0 clueweb12-0202wb-49-11617 0
54 0 clueweb12-1102wb-21-18289 1
55 0 clueweb12-0013wb-11-14881 1
55 0 clueweb12-0013wb-11-14890 2
55 0 clueweb12-0013wb-22-30835 1
70 0 clueweb12-0109wb-91-00665 -2
70 0 clueweb12-0108wb-63-24572 0
99 0 clueweb12-0000wb-17-21428 0
63 0 clueweb12-0204wb-86-06421 1
64 0 clueweb12-1105wb-65-05699 1
79 0 clueweb12-0307wb-33-01162 0
58 0 clueweb12-0602wb-63-12278 0
56 0 clueweb12-1303wb-43-05671 0
81 0 clueweb12-0013wb-42-35586 0
71 0 clueweb12-0112wb-69-18619 1
92 0 clueweb12-0205wb-87-26986 0
86 0 clueweb12-0006wb-79-11723 0
69 0 clueweb12-0909wb-75-23494 0
72 0 clueweb12-0000wb-45-28101 1
86 0 clueweb12-0703wb-39-12576 0
78 0 clueweb12-0208wb-61-28136 0
57 0 clueweb12-0004wb-76-31638 0
64 0 clueweb12-0303wb-91-03808 0
61 0 clueweb12-1801wb-04-26820 0
58 0 clueweb12-0010wb-24-06383 0
64 0 clueweb12-0512wb-08-20613 0
67 0 clueweb12-0303wb-06-05428 1
81 0 clueweb12-0307wb-28-03833 0
73 0 clueweb12-1314wb-31-21525 -2
75 0 clueweb12-0209wb-89-17493 2
56 0 clueweb12-0101wb-39-16779 0
78 0 clueweb12-0304wb-56-19422 -2
56 0 clueweb12-0003wb-63-35075 0
51 0 clueweb12-0400wb-06-15240 0
97 0 clueweb12-0106wb-94-08712 0
82 0 clueweb12-0013wb-07-25588 0
84 0 clueweb12-0300wb-70-18683 2
72 0 clueweb12-0001wb-88-26784 0
58 0 clueweb12-1315wb-62-15787 2
79 0 clueweb12-0307wb-47-13694 0
97 0 clueweb12-0108wb-04-04751 1
97 0 clueweb12-0106wb-32-31229 0
71 0 clueweb12-1209wb-13-06125 0
60 0 clueweb12-0301wb-69-22814 1
51 0 clueweb12-0200wb-98-26069 0
88 0 clueweb12-0601wb-38-27415 0
82 0 clueweb12-0308wb-55-32436 0
66 0 clueweb12-0208wb-22-17819 -2
51 0 clueweb12-0403wb-76-02340 -2
89 0 clueweb12-0914wb-85-03881 1
85 0 clueweb12-0809wb-28-19533 1
55 0 clueweb12-0501wb-47-29949 0
89 0 clueweb12-0914wb-85-03872 1
93 0 clueweb12-1804wb-18-03911 0
93 0 clueweb12-0207wb-14-18269 0
89 0 clueweb12-0914wb-85-03873 1
93 0 clueweb12-0207wb-14-18266 0
58 0 clueweb12-1104wb-21-27648 1
92 0 clueweb12-1013wb-73-16431 0
77 0 clueweb12-0008wb-10-26036 0
60 0 clueweb12-0412wb-20-05910 1
85 0 clueweb12-0805wb-65-06566 1
85 0 clueweb12-0805wb-93-02660 1
94 0 clueweb12-0205wb-59-13851 0
85 0 clueweb12-0302wb-52-09047 0
76 0 clueweb12-0007wb-01-10005 0
76 0 clueweb12-0007wb-01-10004 0
75 0 clueweb12-0012wb-02-19256 0
51 0 clueweb12-0109wb-61-06986 2
83 0 clueweb12-0100wb-04-20633 -2
75 0 clueweb12-1600wb-08-35271 1
83 0 clueweb12-0204wb-79-15794 0
92 0 clueweb12-0203wb-73-24482 0
68 0 clueweb12-0208wb-21-34473 0
90 0 clueweb12-1815wb-37-01834 1
51 0 clueweb12-1021wb-20-22219 0
58 0 clueweb12-0800tw-13-00652 0
70 0 clueweb12-0000wb-98-25812 0
70 0 clueweb12-0107wb-76-07436 0
82 0 clueweb12-0204wb-26-29365 0
81 0 clueweb12-0201wb-67-20601 0
87 0 clueweb12-0405wb-28-02032 0
56 0 clueweb12-0012wb-61-19911 1
73 0 clueweb12-0109wb-82-33013 1
67 0 clueweb12-0109wb-15-08112 0
89 0 clueweb12-0208wb-21-34473 0
62 0 clueweb12-0410wb-79-28246 0
59 0 clueweb12-0200wb-37-00770 0
99 0 clueweb12-0008wb-12-06589 0
72 0 clueweb12-0009wb-31-10890 0
52 0 clueweb12-0005wb-51-07305 0
55 0 clueweb12-0303wb-05-02285 2
94 0 clueweb12-0912wb-84-15703 0
82 0 clueweb12-1504wb-71-20365 0
56 0 clueweb12-0211wb-72-20589 0
54 0 clueweb12-1116wb-87-06472 0
90 0 clueweb12-0811wb-36-22425 2
66 0 clueweb12-1020wb-60-03721 0
64 0 clueweb12-1401wb-44-03088 2
79 0 clueweb12-0204wb-84-06967 0
76 0 clueweb12-1502wb-84-26151 0
64 0 clueweb12-0203wb-54-20019 0
78 0 clueweb12-0106wb-76-14047 1
96 0 clueweb12-0207wb-25-32202 0
92 0 clueweb12-0400wb-80-09670 0
88 0 clueweb12-0000wb-37-27883 0
96 0 clueweb12-0206wb-96-17720 0
55 0 clueweb12-1012wb-55-12901 0
97 0 clueweb12-0306wb-79-02772 1
62 0 clueweb12-0109wb-23-09853 0
98 0 clueweb12-0203wb-17-23597 0
82 0 clueweb12-0204wb-26-29364 0
81 0 clueweb12-1016wb-94-15655 0
87 0 clueweb12-0000wb-94-03968 0
87 0 clueweb12-0000wb-94-03976 0
62 0 clueweb12-0608wb-92-00638 0
70 0 clueweb12-0000wb-43-09747 0
54 0 clueweb12-0001wb-17-17373 1
59 0 clueweb12-0013wb-06-12681 0
70 0 clueweb12-0800wb-04-24599 0
87 0 clueweb12-0012wb-47-25201 0
70 0 clueweb12-0800wb-04-24601 0
90 0 clueweb12-0304wb-23-30734 0
60 0 clueweb12-0004wb-27-01959 1
72 0 clueweb12-0915wb-38-26304 0
60 0 clueweb12-0004wb-14-21273 1
76 0 clueweb12-1815wb-15-23105 1
53 0 clueweb12-0602wb-96-13579 0
79 0 clueweb12-0000wb-94-03225 0
54 0 clueweb12-0510wb-67-00738 1
96 0 clueweb12-0000wb-25-30186 0
96 0 clueweb12-0000wb-11-30826 0
78 0 clueweb12-0204wb-66-16140 0
51 0 clueweb12-0205wb-68-30062 0
94 0 clueweb12-1715wb-47-07606 0
96 0 clueweb12-0000wb-88-10509 0
96 0 clueweb12-0000wb-25-30184 0
96 0 clueweb12-0000wb-25-30179 0
69 0 clueweb12-0112wb-65-04802 0
96 0 clueweb12-0000wb-60-11091 0
86 0 clueweb12-0005wb-65-13955 0
61 0 clueweb12-0407wb-52-12249 0
96 0 clueweb12-1412wb-34-30834 0
96 0 clueweb12-0000wb-11-30820 0
72 0 clueweb12-0612wb-01-00736 0
90 0 clueweb12-0109wb-63-00722 0
78 0 clueweb12-0100wb-89-24730 0
96 0 clueweb12-1411wb-00-19038 1
72 0 clueweb12-1406wb-03-11854 0
66 0 clueweb12-0806wb-14-05655 -2
96 0 clueweb12-0405wb-13-27803 1
97 0 clueweb12-0006wb-55-29611 2
94 0 clueweb12-0303wb-77-21618 0
80 0 clueweb12-0105wb-61-02025 1
61 0 clueweb12-0010wb-14-25015 0
71 0 clueweb12-1906wb-72-12899 0
68 0 clueweb12-1506wb-13-31073 0
55 0 clueweb12-0111wb-53-25856 0
98 0 clueweb12-1019wb-17-04455 0
53 0 clueweb12-0002wb-74-15549 0
67 0 clueweb12-0006wb-26-16935 0
78 0 clueweb12-0206wb-20-33223 -2
78 0 clueweb12-0206wb-62-22817 -2
70 0 clueweb12-0407wb-80-29816 0
86 0 clueweb12-1300wb-99-31853 1
99 0 clueweb12-1014wb-66-03673 2
64 0 clueweb12-0710wb-35-23195 0
51 0 clueweb12-0306wb-79-27502 0
91 0 clueweb12-1006wb-15-06707 0
90 0 clueweb12-0204wb-81-21345 1
68 0 clueweb12-0204wb-69-06334 -2
97 0 clueweb12-0000wb-35-04503 0
68 0 clueweb12-0205wb-48-02148 0
96 0 clueweb12-0207wb-72-26801 1
96 0 clueweb12-0101wb-59-12993 0
52 0 clueweb12-0210wb-49-32292 0
78 0 clueweb12-1308wb-81-09811 0
98 0 clueweb12-0212wb-21-06710 0
68 0 clueweb12-0204wb-62-29148 0
92 0 clueweb12-0600wb-46-24855 0
90 0 clueweb12-1708wb-33-13198 0
61 0 clueweb12-0210wb-02-21280 0
63 0 clueweb12-0005wb-78-20851 0
87 0 clueweb12-0101wb-72-03018 0
54 0 clueweb12-0112wb-06-18181 0
79 0 clueweb12-0109wb-54-20757 0
51 0 clueweb12-0006wb-61-11292 1
77 0 clueweb12-0000wb-96-15507 0
88 0 clueweb12-0602wb-38-01857 0
82 0 clueweb12-0109wb-55-10061 0
55 0 clueweb12-0203wb-62-21749 1
70 0 clueweb12-0012wb-72-04293 0
59 0 clueweb12-0508wb-44-00546 0
98 0 clueweb12-0111wb-07-20612 0
70 0 clueweb12-0102wb-24-30565 0
92 0 clueweb12-0008wb-20-30202 0
75 0 clueweb12-0704wb-68-02641 1
75 0 clueweb12-0210wb-52-33460 1
86 0 clueweb12-0912wb-86-05181 0
81 0 clueweb12-0505wb-95-13355 0
75 0 clueweb12-1014wb-61-14069 0
87 0 clueweb12-0002wb-96-33816 0
83 0 clueweb12-0002wb-27-20812 0
70 0 clueweb12-0012wb-14-03308 0
61 0 clueweb12-0100wb-15-15644 0
58 0 clueweb12-0208wb-07-27145 0
75 0 clueweb12-1310wb-53-11252 0
56 0 clueweb12-0106wb-09-06197 0
97 0 clueweb12-0207wb-31-00619 1
59 0 clueweb12-0207wb-60-03749 0
54 0 clueweb12-0406wb-80-23333 1
70 0 clueweb12-0208wb-94-01483 0
83 0 clueweb12-0307wb-40-29946 1
81 0 clueweb12-0104wb-98-12714 0
81 0 clueweb12-0202wb-75-10924 1
70 0 clueweb12-0110wb-13-06013 0
70 0 clueweb12-0108wb-75-26283 0
70 0 clueweb12-0108wb-75-26284 0
79 0 clueweb12-0003wb-21-20479 2
70 0 clueweb12-0110wb-13-06015 0
70 0 clueweb12-0109wb-91-00664 -2
51 0 clueweb12-1904wb-55-18057 0
61 0 clueweb12-1702wb-78-05941 0
97 0 clueweb12-0308wb-61-33129 0
67 0 clueweb12-0109wb-91-01900 0
78 0 clueweb12-0900wb-34-02148 0
74 0 clueweb12-0402wb-30-30713 2
54 0 clueweb12-0000wb-37-30495 1
82 0 clueweb12-0111wb-38-22455 0
55 0 clueweb12-0611wb-02-15836 2
61 0 clueweb12-0511wb-32-02941 0
70 0 clueweb12-0209wb-51-09531 0
96 0 clueweb12-1001wb-55-26958 0
80 0 clueweb12-0302wb-04-23615 1
97 0 clueweb12-0013wb-88-00604 0
97 0 clueweb12-0603wb-48-21429 1
66 0 clueweb12-0210wb-89-05816 -2
92 0 clueweb12-1205wb-26-13471 -2
87 0 clueweb12-0212wb-05-18743 0
51 0 clueweb12-0205wb-64-24488 0
97 0 clueweb12-0405wb-86-20030 0
51 0 clueweb12-0205wb-71-04012 1
51 0 clueweb12-0205wb-64-24490 1
97 0 clueweb12-0100wb-51-07870 1
78 0 clueweb12-0107wb-94-22928 0
89 0 clueweb12-0407wb-87-25704 1
85 0 clueweb12-1308wb-31-27209 0
89 0 clueweb12-1501wb-45-03100 0
61 0 clueweb12-0202wb-63-34542 0
54 0 clueweb12-1313wb-07-07894 0
89 0 clueweb12-0407wb-87-25703 1
61 0 clueweb12-0210wb-05-23754 0
84 0 clueweb12-0208wb-45-08421 2
65 0 clueweb12-0308wb-73-18497 0
68 0 clueweb12-0309wb-57-08964 1
64 0 clueweb12-0203wb-69-20485 1
64 0 clueweb12-0406wb-23-27101 0
97 0 clueweb12-1501wb-93-32584 0
51 0 clueweb12-0201wb-07-08134 0
93 0 clueweb12-0000wb-47-10178 0
51 0 clueweb12-0201wb-15-26542 0
56 0 clueweb12-0700wb-38-23046 0
51 0 clueweb12-0200wb-98-26080 0
58 0 clueweb12-0109wb-75-34152 0
69 0 clueweb12-1501wb-24-10002 0
99 0 clueweb12-0504wb-90-09804 2
55 0 clueweb12-0207wb-71-30985 2
81 0 clueweb12-0011wb-72-24376 0
52 0 clueweb12-0715wb-22-09024 0
51 0 clueweb12-0207wb-09-06047 0
91 0 clueweb12-0404wb-05-17845 1
65 0 clueweb12-0204wb-10-30959 0
94 0 clueweb12-0813wb-59-20884 0
94 0 clueweb12-0814wb-62-07323 0
66 0 clueweb12-1801wb-36-10009 0
69 0 clueweb12-0012wb-14-24748 0
67 0 clueweb12-0202wb-12-04085 1
93 0 clueweb12-0913wb-83-07396 0
83 0 clueweb12-0918wb-43-02428 1
59 0 clueweb12-0004wb-75-30743 3
99 0 clueweb12-0207wb-30-27888 0
94 0 clueweb12-0308wb-49-02344 0
51 0 clueweb12-1908wb-91-04941 0
54 0 clueweb12-0303wb-57-04085 0
51 0 clueweb12-0201wb-34-17506 0
51 0 clueweb12-0200wb-72-11649 0
51 0 clueweb12-0201wb-15-26540 0
78 0 clueweb12-0609wb-04-03992 0
94 0 clueweb12-0811wb-41-03138 0
51 0 clueweb12-0007wb-71-08102 0
86 0 clueweb12-0208wb-21-34473 -2
70 0 clueweb12-0011wb-01-14923 0
54 0 clueweb12-1411wb-66-09256 0
80 0 clueweb12-0102wb-67-17348 0
59 0 clueweb12-0206wb-31-23722 0
54 0 clueweb12-0003wb-52-32337 2
71 0 clueweb12-0006wb-86-33627 1
91 0 clueweb12-0101wb-77-05741 1
66 0 clueweb12-1701wb-27-01213 0
66 0 clueweb12-1701wb-29-28730 0
67 0 clueweb12-0500wb-23-28045 2
93 0 clueweb12-0204wb-43-16880 0
53 0 clueweb12-0104wb-89-11941 0
53 0 clueweb12-0105wb-14-05967 3
88 0 clueweb12-0207wb-97-32444 1
88 0 clueweb12-0109wb-53-04116 0
83 0 clueweb12-0203wb-26-33277 0
97 0 clueweb12-1703wb-66-03627 2
65 0 clueweb12-0201wb-85-31656 0
63 0 clueweb12-1008wb-71-03985 1
72 0 clueweb12-0011wb-72-11589 -2
72 0 clueweb12-0905wb-60-29237 1
69 0 clueweb12-0400wb-72-04835 0
94 0 clueweb12-1300wb-47-20430 0
61 0 clueweb12-1607wb-55-08566 0
61 0 clueweb12-0400tw-77-08855 0
66 0 clueweb12-1510wb-36-14952 0
65 0 clueweb12-0304wb-69-18716 0
72 0 clueweb12-0000tw-30-00009 1
93 0 clueweb12-0200wb-15-01421 2
56 0 clueweb12-1804wb-47-13438 0
83 0 clueweb12-1202wb-24-01811 1
84 0 clueweb12-1100wb-86-16700 -2
82 0 clueweb12-0105wb-82-07273 0
56 0 clueweb12-0708wb-98-14898 1
67 0 clueweb12-0007wb-35-08169 0
92 0 clueweb12-0009wb-54-11939 0
68 0 clueweb12-0202wb-91-00192 0
84 0 clueweb12-0411wb-23-00367 1
52 0 clueweb12-0112wb-15-03166 0
67 0 clueweb12-0602wb-36-11976 1
81 0 clueweb12-0009wb-18-19900 0
51 0 clueweb12-1007wb-46-27777 1
84 0 clueweb12-0005wb-24-27205 1
99 0 clueweb12-0406wb-59-06786 0
99 0 clueweb12-0200wb-52-13711 0
96 0 clueweb12-0405wb-50-16873 0
58 0 clueweb12-0211wb-60-26520 1
93 0 clueweb12-0110wb-27-09091 0
66 0 clueweb12-0208wb-21-34473 0
58 0 clueweb12-0211wb-84-11561 0
58 0 clueweb12-0209wb-55-09951 1
58 0 clueweb12-0210wb-61-32574 0
58 0 clueweb12-0209wb-92-14292 1
58 0 clueweb12-0210wb-61-32573 0
54 0 clueweb12-0207wb-71-04909 0
60 0 clueweb12-0200wb-57-27435 0
92 0 clueweb12-0000wb-21-06326 0
61 0 clueweb12-0201wb-89-09251 0
99 0 clueweb12-0805wb-41-24498 0
56 0 clueweb12-1600wb-44-01858 0
98 0 clueweb12-0003wb-15-24399 1
52 0 clueweb12-1008wb-61-21786 0
70 0 clueweb12-0110wb-21-32751 0
70 0 clueweb12-0110wb-15-18398 0
70 0 clueweb12-0105wb-59-22086 0
87 0 clueweb12-0208wb-21-34473 0
80 0 clueweb12-0108wb-24-22542 0
66 0 clueweb12-1703wb-01-12219 0
88 0 clueweb12-0208wb-01-02022 0
58 0 clueweb12-0307wb-01-05297 0
76 0 clueweb12-1416wb-19-25013 0
82 0 clueweb12-0000wb-21-19761 0
70 0 clueweb12-0109wb-93-19842 0
54 0 clueweb12-0705wb-09-12899 0
55 0 clueweb12-0111wb-52-27436 0
55 0 clueweb12-0111wb-44-07607 0
78 0 clueweb12-0105wb-24-29832 0
93 0 clueweb12-0007wb-16-31913 0
56 0 clueweb12-0301wb-94-23070 0
88 0 clueweb12-0208wb-51-03615 0
97 0 clueweb12-0010wb-43-04021 1
51 0 clueweb12-1700wb-01-20258 0
83 0 clueweb12-0205wb-00-08148 1
82 0 clueweb12-0111wb-97-23402 0
73 0 clueweb12-0205wb-55-06600 0
64 0 clueweb12-0006wb-88-00937 0
82 0 clueweb12-0111wb-47-12987 0
82 0 clueweb12-0201wb-11-13893 0
58 0 clueweb12-0506wb-77-06453 0
82 0 clueweb12-1311wb-04-04014 1
83 0 clueweb12-0103wb-48-23384 0
78 0 clueweb12-0200wb-45-25772 0
72 0 clueweb12-0000wb-19-30522 1
70 0 clueweb12-0105wb-64-22013 -2
59 0 clueweb12-0816wb-64-21598 0
83 0 clueweb12-1700wb-51-20369 0
59 0 clueweb12-0411wb-12-22384 0
99 0 clueweb12-0201wb-60-25513 2
87 0 clueweb12-0009wb-72-08130 0
53 0 clueweb12-0003wb-99-29685 0
72 0 clueweb12-0807wb-92-12500 0
55 0 clueweb12-0919wb-65-08569 1
92 0 clueweb12-1303wb-93-07250 0
56 0 clueweb12-0813wb-46-06042 0
89 0 clueweb12-0717wb-29-25644 1
75 0 clueweb12-1308wb-32-19825 0
51 0 clueweb12-1112wb-50-20127 0
66 0 clueweb12-1004wb-67-03991 1
56 0 clueweb12-0012wb-31-09718 0
54 0 clueweb12-0112wb-65-05500 2
81 0 clueweb12-0001wb-70-24708 0
65 0 clueweb12-0007wb-13-16398 2
79 0 clueweb12-0101wb-30-14080 2
51 0 clueweb12-0503wb-47-03285 1
84 0 clueweb12-0700wb-01-10114 2
97 0 clueweb12-1706wb-89-06264 0
79 0 clueweb12-0010wb-73-16778 2
59 0 clueweb12-0910wb-37-03759 0
79 0 clueweb12-0010wb-45-28569 2
79 0 clueweb12-0100wb-48-33536 2
79 0 clueweb12-0102wb-98-12201 2
79 0 clueweb12-0102wb-38-01112 2
79 0 clueweb12-0102wb-08-27869 2
87 0 clueweb12-0013wb-28-33686 1
89 0 clueweb12-0717wb-29-25649 1
90 0 clueweb12-0605wb-20-33638 0
82 0 clueweb12-0004wb-82-32737 1
99 0 clueweb12-1608wb-86-03035 0
69 0 clueweb12-0709wb-76-13125 0
79 0 clueweb12-0011wb-90-25324 2
84 0 clueweb12-0300wb-90-09591 0
60 0 clueweb12-1310wb-00-15050 0
84 0 clueweb12-0208wb-21-34473 0
72 0 clueweb12-1712wb-83-11252 0
59 0 clueweb12-0013wb-26-08847 1
61 0 clueweb12-0005wb-71-07041 0
98 0 clueweb12-0210wb-56-27916 0
98 0 clueweb12-0211wb-07-04540 0
63 0 clueweb12-0208wb-21-34473 0
91 0 clueweb12-0007wb-35-09959 1
65 0 clueweb12-1216wb-30-18322 3
69 0 clueweb12-0208wb-39-01259 1
69 0 clueweb12-0208wb-10-06515 0
92 0 clueweb12-0010wb-67-24826 0
92 0 clueweb12-0300wb-12-19471 0
69 0 clueweb12-0208wb-67-23741 0
69 0 clueweb12-0206wb-49-04114 0
69 0 clueweb12-0205wb-50-09099 0
69 0 clueweb12-0207wb-91-13757 0
69 0 clueweb12-0205wb-82-05512 0
62 0 clueweb12-0401wb-60-23926 0
62 0 clueweb12-0111wb-83-01542 0
64 0 clueweb12-0107wb-45-11798 1
71 0 clueweb12-0007wb-88-05643 0
98 0 clueweb12-0507wb-29-00069 0
73 0 clueweb12-0209wb-89-29975 0
98 0 clueweb12-0401wb-80-23599 1
52 0 clueweb12-0001wb-17-17373 0
90 0 clueweb12-0103wb-96-06288 0
64 0 clueweb12-0300wb-39-02967 0
96 0 clueweb12-0914wb-83-09157 0
90 0 clueweb12-0103wb-57-13730 0
63 0 clueweb12-1901wb-05-01841 0
90 0 clueweb12-0103wb-48-17936 0
64 0 clueweb12-0102wb-80-03075 0
64 0 clueweb12-0102wb-66-06694 0
73 0 clueweb12-0604wb-64-02894 0
96 0 clueweb12-0302wb-95-16490 0
52 0 clueweb12-0102wb-13-18246 0
89 0 clueweb12-1609wb-70-07103 1
98 0 clueweb12-1702wb-72-04034 0
70 0 clueweb12-0409wb-20-22608 0
82 0 clueweb12-1009wb-55-25270 0
77 0 clueweb12-0201wb-12-14784 0
61 0 clueweb12-0102wb-12-31661 1
54 0 clueweb12-0205wb-77-12790 0
69 0 clueweb12-0008wb-42-17577 0
55 0 clueweb12-0002wb-20-05971 0
70 0 clueweb12-0108wb-81-07654 0
92 0 clueweb12-1316wb-49-16917 1
51 0 clueweb12-0209wb-06-28285 1
59 0 clueweb12-0303wb-32-04557 1
59 0 clueweb12-0303wb-71-08726 0
59 0 clueweb12-0301wb-52-20073 1
59 0 clueweb12-0303wb-53-04119 1
59 0 clueweb12-0303wb-44-03365 1
67 0 clueweb12-1403wb-89-04471 0
82 0 clueweb12-0810wb-93-22443 0
60 0 clueweb12-1100wb-06-08028 0
69 0 clueweb12-0205wb-79-24016 0
55 0 clueweb12-1101wb-80-22570 1
51 0 clueweb12-1412wb-05-11374 0
51 0 clueweb12-0007wb-82-32799 0
65 0 clueweb12-0509wb-38-28534 1
52 0 clueweb12-1717wb-31-05504 0
86 0 clueweb12-1502wb-63-02740 0
64 0 clueweb12-0002wb-44-25375 0
84 0 clueweb12-0610wb-12-08647 2
73 0 clueweb12-0001wb-47-26616 0
54 0 clueweb12-0009wb-43-03972 1
76 0 clueweb12-1900wb-15-28401 0
64 0 clueweb12-0009wb-75-08932 0
67 0 clueweb12-1800wb-36-27152 0
88 0 clueweb12-0112wb-00-11311 0
59 0 clueweb12-0604wb-43-12982 1
74 0 clueweb12-0011wb-75-17639 0
81 0 clueweb12-0705wb-16-01431 0
54 0 clueweb12-0106wb-11-05051 1
83 0 clueweb12-0004wb-28-18967 0
88 0 clueweb12-1600wb-89-00611 0
84 0 clueweb12-0302wb-57-04868 2
81 0 clueweb12-0011wb-46-05906 0
61 0 clueweb12-0012wb-44-27386 0
92 0 clueweb12-0111wb-82-31940 0
83 0 clueweb12-0105wb-72-29273 0
98 0 clueweb12-0701wb-83-17864 0
77 0 clueweb12-0211wb-04-32234 0
73 0 clueweb12-0108wb-36-22890 1
55 0 clueweb12-0102wb-80-23055 0
55 0 clueweb12-0100wb-32-08303 0
88 0 clueweb12-0005wb-18-27145 0
64 0 clueweb12-0001wb-31-12235 1
70 0 clueweb12-1516wb-55-11838 0
51 0 clueweb12-0106wb-04-31519 1
93 0 clueweb12-0304wb-78-13394 0
68 0 clueweb12-0409wb-42-19704 0
77 0 clueweb12-0308wb-30-00872 0
92 0 clueweb12-0010wb-50-27188 0
81 0 clueweb12-0002wb-90-00702 0
97 0 clueweb12-0013wb-69-31378 0
71 0 clueweb12-0815wb-02-22853 1
78 0 clueweb12-1012wb-13-28013 0
54 0 clueweb12-0003wb-24-00784 0
81 0 clueweb12-0208wb-21-34473 0
78 0 clueweb12-0010wb-62-06102 0
59 0 clueweb12-0402wb-96-21452 0
58 0 clueweb12-1109wb-30-03357 0
58 0 clueweb12-0205wb-29-09657 0
92 0 clueweb12-0010wb-80-03959 0
97 0 clueweb12-0010wb-85-05789 0
84 0 clueweb12-0002wb-63-10324 1
75 0 clueweb12-0011wb-67-18706 0
93 0 clueweb12-0006wb-30-19200 0
61 0 clueweb12-1315wb-99-23374 1
69 0 clueweb12-0202wb-06-12187 0
84 0 clueweb12-0003wb-25-32488 1
84 0 clueweb12-0003wb-79-27785 1
78 0 clueweb12-0200wb-82-32940 0
51 0 clueweb12-0009wb-25-22003 1
83 0 clueweb12-0109wb-89-35294 0
76 0 clueweb12-0312wb-08-15536 0
96 0 clueweb12-0000wb-26-33702 0
92 0 clueweb12-0804wb-39-22042 0
68 0 clueweb12-0106wb-85-12075 0
92 0 clueweb12-0806wb-36-10305 0
89 0 clueweb12-1807wb-70-25640 0
82 0 clueweb12-0110wb-95-21677 0
62 0 clueweb12-0401wb-60-23925 0
75 0 clueweb12-0211wb-05-15320 0
62 0 clueweb12-1717wb-23-04969 1
87 0 clueweb12-0002wb-41-34340 0
72 0 clueweb12-0804wb-18-00220 1
87 0 clueweb12-0202wb-53-22106 1
98 0 clueweb12-0102wb-57-03879 0
78 0 clueweb12-0208wb-21-34473 0
97 0 clueweb12-0201wb-98-21533 1
54 0 clueweb12-0102wb-51-19144 1
71 0 clueweb12-0408wb-98-24055 1
70 0 clueweb12-0806wb-14-14796 -2
69 0 clueweb12-0203wb-32-20671 0
55 0 clueweb12-0013wb-62-25967 0
64 0 clueweb12-0704wb-70-08184 1
64 0 clueweb12-0703wb-44-21669 0
88 0 clueweb12-1806wb-85-13608 2
63 0 clueweb12-0210wb-97-10632 0
87 0 clueweb12-0601wb-53-17480 0
96 0 clueweb12-0100wb-37-15436 0
98 0 clueweb12-0810wb-15-09040 -2
96 0 clueweb12-0202wb-42-03712 1
89 0 clueweb12-0202wb-04-00007 1
80 0 clueweb12-0010wb-89-12358 0
80 0 clueweb12-0111wb-98-31187 1
80 0 clueweb12-0110wb-99-03328 1
77 0 clueweb12-1412wb-40-08807 1
75 0 clueweb12-0104wb-06-15238 0
66 0 clueweb12-0009wb-67-34601 -2
70 0 clueweb12-0207wb-94-23673 0
58 0 clueweb12-0010wb-58-23257 1
92 0 clueweb12-0804wb-39-22037 0
51 0 clueweb12-0202wb-98-33034 1
76 0 clueweb12-0105wb-40-12306 1
55 0 clueweb12-0001wb-95-10910 0
86 0 clueweb12-0100wb-41-23246 1
59 0 clueweb12-1002wb-13-11605 0
58 0 clueweb12-0010wb-02-12379 0
64 0 clueweb12-0301wb-14-24191 0
86 0 clueweb12-0013wb-62-18380 0
84 0 clueweb12-0712wb-50-30555 2
56 0 clueweb12-0307wb-86-14508 0
86 0 clueweb12-0409wb-93-18547 0
63 0 clueweb12-0013wb-33-06524 0
63 0 clueweb12-0013wb-33-06523 0
64 0 clueweb12-0000wb-83-20517 1
80 0 clueweb12-1400wb-87-05808 0
64 0 clueweb12-0205wb-59-16004 0
64 0 clueweb12-0208wb-90-01994 0
72 0 clueweb12-0008wb-13-25463 2
92 0 clueweb12-1019wb-18-10058 0
55 0 clueweb12-0008wb-50-12225 2
66 0 clueweb12-1900wb-22-29492 0
93 0 clueweb12-0603wb-00-19633 0
75 0 clueweb12-0208wb-21-34473 0
64 0 clueweb12-0107wb-76-07678 0
59 0 clueweb12-0200wb-91-13608 0
63 0 clueweb12-0210wb-45-19783 1
89 0 clueweb12-0000wb-33-35155 1
85 0 clueweb12-0100wb-08-33412 1
52 0 clueweb12-0919wb-20-06916 0
70 0 clueweb12-0004wb-47-13193 0
80 0 clueweb12-0805wb-71-14128 1
86 0 clueweb12-0701wb-30-02251 0
87 0 clueweb12-0209wb-47-22594 0
97 0 clueweb12-0000wb-87-05451 0
57 0 clueweb12-0408wb-12-21440 0
70 0 clueweb12-0207wb-56-30264 0
69 0 clueweb12-1407wb-59-03525 0
92 0 clueweb12-0302wb-28-09687 0
93 0 clueweb12-0206wb-11-10002 0
99 0 clueweb12-0000wb-14-33982 0
81 0 clueweb12-0001wb-27-27552 0
84 0 clueweb12-0509wb-40-00111 2
59 0 clueweb12-0307wb-16-21509 0
78 0 clueweb12-0107wb-19-19685 0
62 0 clueweb12-1700tw-53-03186 0
87 0 clueweb12-0208wb-75-07373 0
89 0 clueweb12-0811wb-22-01407 0
90 0 clueweb12-0300wb-04-26497 2
73 0 clueweb12-0303wb-51-17777 1
73 0 clueweb12-0303wb-04-26398 0
70 0 clueweb12-0604wb-33-06889 0
75 0 clueweb12-0206wb-58-34003 0
80 0 clueweb12-1204wb-14-14195 0
51 0 clueweb12-1310wb-10-02126 0
78 0 clueweb12-0107wb-29-05778 1
82 0 clueweb12-0505wb-24-20804 0
69 0 clueweb12-0202wb-17-14784 0
78 0 clueweb12-0107wb-26-00653 0
78 0 clueweb12-0107wb-26-00652 0
94 0 clueweb12-0210wb-73-28912 0
96 0 clueweb12-0919wb-65-26966 0
73 0 clueweb12-0302wb-49-23012 1
73 0 clueweb12-0302wb-74-01297 1
73 0 clueweb12-0303wb-69-21954 0
85 0 clueweb12-0112wb-05-24054 0
73 0 clueweb12-0302wb-97-32941 0
73 0 clueweb12-0302wb-49-23009 1
73 0 clueweb12-0302wb-49-23010 1
73 0 clueweb12-0302wb-78-03012 0
73 0 clueweb12-0302wb-57-29666 1
88 0 clueweb12-0502wb-87-09216 0
73 0 clueweb12-0302wb-24-21546 1
99 0 clueweb12-1802wb-79-03198 0
73 0 clueweb12-0302wb-74-01302 1
94 0 clueweb12-1012wb-14-16829 0
73 0 clueweb12-0302wb-42-25283 1
73 0 clueweb12-0302wb-24-21548 1
70 0 clueweb12-0209wb-79-22601 1
58 0 clueweb12-0100tw-04-12903 0
82 0 clueweb12-0012wb-54-20265 0
99 0 clueweb12-1110wb-90-20613 0
70 0 clueweb12-0200wb-28-13013 0
84 0 clueweb12-0200wb-38-22108 2
58 0 clueweb12-0205wb-53-11562 0
74 0 clueweb12-0209wb-72-10162 0
67 0 clueweb12-1714wb-36-25368 0
62 0 clueweb12-0305wb-44-08304 0
99 0 clueweb12-1012wb-71-14709 0
51 0 clueweb12-0400wb-76-14756 0
71 0 clueweb12-0303wb-06-33543 1
51 0 clueweb12-0610wb-40-16983 2
97 0 clueweb12-0715wb-13-17766 0
78 0 clueweb12-0107wb-03-17338 0
51 0 clueweb12-0610wb-31-17296 1
78 0 clueweb12-0107wb-11-14911 0
73 0 clueweb12-0302wb-57-29664 1
87 0 clueweb12-0005wb-67-18143 1
78 0 clueweb12-0107wb-26-00638 0
96 0 clueweb12-0007wb-60-11391 0
51 0 clueweb12-0609wb-96-30227 0
71 0 clueweb12-0005wb-91-11442 0
88 0 clueweb12-0111wb-96-05782 0
82 0 clueweb12-0300wb-08-12682 2
57 0 clueweb12-0914wb-36-22690 0
60 0 clueweb12-0007wb-62-08765 0
83 0 clueweb12-0112wb-14-05782 0
76 0 clueweb12-0112wb-07-08779 0
70 0 clueweb12-0301wb-55-21021 0
81 0 clueweb12-0702wb-98-31236 0
76 0 clueweb12-0108wb-83-26525 0
60 0 clueweb12-0717wb-30-10461 0
61 0 clueweb12-1807wb-30-14056 1
81 0 clueweb12-0404wb-98-27492 0
83 0 clueweb12-0004wb-25-17146 0
73 0 clueweb12-0302wb-66-06247 1
61 0 clueweb12-0001wb-61-17505 0
87 0 clueweb12-1406wb-61-18432 1
75 0 clueweb12-0211wb-29-23976 1
73 0 clueweb12-0302wb-49-23006 0
80 0 clueweb12-0301wb-87-26391 0
75 0 clueweb12-0212wb-18-33547 0
93 0 clueweb12-0000wb-03-34435 0
70 0 clueweb12-0109wb-73-06748 0
88 0 clueweb12-0006wb-13-20744 0
51 0 clueweb12-1902wb-59-09470 1
88 0 clueweb12-0508wb-56-28388 0
84 0 clueweb12-0000wb-71-24668 1
59 0 clueweb12-0301wb-01-23992 0
97 0 clueweb12-0011wb-16-16271 1
54 0 clueweb12-0809wb-34-00967 0
82 0 clueweb12-0104wb-98-01826 0
87 0 clueweb12-0106wb-40-18933 0
98 0 clueweb12-0108wb-07-25602 0
96 0 clueweb12-0611wb-46-21155 0
70 0 clueweb12-0304wb-19-03356 0
88 0 clueweb12-1608wb-52-14124 0
80 0 clueweb12-0109wb-99-13169 1
78 0 clueweb12-0102wb-03-25053 0
87 0 clueweb12-0300wb-02-10645 0
89 0 clueweb12-1511wb-25-14084 1
78 0 clueweb12-0102wb-14-15471 0
78 0 clueweb12-0102wb-14-15472 0
70 0 clueweb12-0203wb-82-10357 0
64 0 clueweb12-1208wb-59-22221 0
51 0 clueweb12-0000wb-81-22915 0
81 0 clueweb12-0300wb-18-13050 0
84 0 clueweb12-0000wb-55-12005 2
61 0 clueweb12-0702wb-36-22636 0
61 0 clueweb12-0810wb-15-09040 -2
94 0 clueweb12-0309wb-46-01139 0
56 0 clueweb12-0308wb-83-14161 0
56 0 clueweb12-0309wb-11-20698 0
59 0 clueweb12-0013wb-09-32101 1
56 0 clueweb12-0309wb-11-20697 0
78 0 clueweb12-0212wb-25-18339 0
72 0 clueweb12-1515wb-76-23584 0
92 0 clueweb12-0000wb-10-28603 0
61 0 clueweb12-0101wb-40-16233 0
87 0 clueweb12-0406wb-51-03902 0
51 0 clueweb12-0111wb-79-04150 0
51 0 clueweb12-0201wb-46-30995 1
78 0 clueweb12-0410wb-23-24036 0
78 0 clueweb12-0411wb-85-33285 -2
86 0 clueweb12-0303wb-76-34096 0
56 0 clueweb12-0008wb-30-24391 0
87 0 clueweb12-0600wb-41-23294 0
74 0 clueweb12-0006wb-66-26105 -2
83 0 clueweb12-0000wb-02-25618 0
51 0 clueweb12-0202wb-32-11887 0
51 0 clueweb12-0201wb-38-33353 1
59 0 clueweb12-0112wb-43-16661 0
75 0 clueweb12-0810wb-14-06687 0
91 0 clueweb12-0001wb-54-04817 -2
97 0 clueweb12-0404wb-07-21066 2
78 0 clueweb12-0106wb-94-28293 0
93 0 clueweb12-0208wb-21-34473 0
54 0 clueweb12-0003wb-74-21600 0
83 0 clueweb12-0008wb-83-32877 0
60 0 clueweb12-0308wb-15-07624 -2
53 0 clueweb12-0204wb-66-09521 0
82 0 clueweb12-0101wb-14-32691 0
82 0 clueweb12-0101wb-56-31923 0
82 0 clueweb12-0101wb-83-02181 0
82 0 clueweb12-0101wb-92-10155 0
65 0 clueweb12-0205wb-67-17228 1
93 0 clueweb12-0307wb-54-24632 0
68 0 clueweb12-1315wb-93-25416 0
51 0 clueweb12-0912wb-68-02674 0
51 0 clueweb12-0611wb-02-30335 0
51 0 clueweb12-0009wb-81-22607 0
87 0 clueweb12-0308wb-46-22846 -2
87 0 clueweb12-0308wb-83-07494 -2
87 0 clueweb12-0309wb-68-20333 -2
87 0 clueweb12-0008wb-06-03288 -2
87 0 clueweb12-0308wb-83-07499 -2
87 0 clueweb12-0307wb-27-32808 -2
87 0 clueweb12-0307wb-27-32819 -2
82 0 clueweb12-0101wb-83-02182 0
71 0 clueweb12-0108wb-71-09163 0
77 0 clueweb12-0201wb-13-10048 0
98 0 clueweb12-0102wb-44-19377 1
79 0 clueweb12-0006wb-93-33333 1
69 0 clueweb12-0106wb-15-02319 0
69 0 clueweb12-0209wb-77-01090 0
75 0 clueweb12-1709wb-90-29405 1
90 0 clueweb12-0207wb-26-27115 3
68 0 clueweb12-0206wb-83-24704 0
85 0 clueweb12-0302wb-53-01972 0
67 0 clueweb12-0407wb-65-10367 0
59 0 clueweb12-0101wb-89-17451 0
96 0 clueweb12-0001wb-31-24976 0
82 0 clueweb12-0301wb-50-16679 0
75 0 clueweb12-0000wb-17-27818 0
71 0 clueweb12-0108wb-49-07350 0
64 0 clueweb12-0407wb-58-18517 1
71 0 clueweb12-0110wb-43-18842 0
71 0 clueweb12-0108wb-09-07866 0
71 0 clueweb12-0108wb-71-09166 0
71 0 clueweb12-0108wb-71-09165 0
53 0 clueweb12-0212wb-06-24791 1
88 0 clueweb12-0010wb-82-10390 0
58 0 clueweb12-1308wb-63-06134 0
63 0 clueweb12-0012wb-25-07059 0
51 0 clueweb12-0201wb-46-31005 1
51 0 clueweb12-0201wb-38-33365 0
70 0 clueweb12-0108wb-57-14946 0
84 0 clueweb12-0205wb-17-11767 1
74 0 clueweb12-1001wb-97-19641 0
94 0 clueweb12-0000wb-75-03118 0
92 0 clueweb12-1300wb-43-23068 0
70 0 clueweb12-0817wb-45-03766 0
89 0 clueweb12-0001wb-81-04778 1
82 0 clueweb12-0612wb-35-00268 1
74 0 clueweb12-1313wb-63-26321 1
62 0 clueweb12-1310wb-97-05722 1
54 0 clueweb12-0001wb-60-01726 1
78 0 clueweb12-0112wb-15-07955 0
97 0 clueweb12-0002wb-72-14657 1
79 0 clueweb12-0302wb-76-09262 0
58 0 clueweb12-0105wb-58-16561 0
77 0 clueweb12-0013wb-13-24497 0
64 0 clueweb12-0111wb-95-21154 0
89 0 clueweb12-0203wb-80-02535 2
97 0 clueweb12-0208wb-78-07424 0
78 0 clueweb12-0201wb-33-08474 0
94 0 clueweb12-0104wb-90-11597 0
51 0 clueweb12-1708wb-99-08200 0
53 0 clueweb12-0110wb-44-01092 0
65 0 clueweb12-0211wb-43-10550 1
83 0 clueweb12-0006wb-17-11992 0
61 0 clueweb12-0909wb-44-22238 0
72 0 clueweb12-1003wb-76-20073 2
82 0 clueweb12-1401wb-19-21280 0
70 0 clueweb12-0912wb-82-20756 0
84 0 clueweb12-0202wb-90-26465 0
97 0 clueweb12-0201wb-79-07258 2
78 0 clueweb12-1103wb-26-10933 0
78 0 clueweb12-1102wb-73-22529 0
78 0 clueweb12-1102wb-58-29132 0
78 0 clueweb12-1102wb-75-20425 0
67 0 clueweb12-0300wb-22-15050 0
88 0 clueweb12-0012wb-84-02470 0
89 0 clueweb12-0006wb-62-01931 0
69 0 clueweb12-0817wb-54-13908 0
84 0 clueweb12-0301wb-57-05155 1
55 0 clueweb12-0011wb-51-14696 1
64 0 clueweb12-0002wb-30-15855 2
89 0 clueweb12-0007wb-01-14605 1
89 0 clueweb12-0007wb-01-14606 0
91 0 clueweb12-1010wb-93-21867 0
84 0 clueweb12-0301wb-48-33284 2
76 0 clueweb12-0211wb-21-19174 0
76 0 clueweb12-0210wb-54-04733 0
87 0 clueweb12-1805wb-68-06170 0
97 0 clueweb12-0100wb-05-28111 0
61 0 clueweb12-0110wb-83-06152 2
87 0 clueweb12-0204wb-12-11038 1
98 0 clueweb12-0212wb-29-12933 1
55 0 clueweb12-0808wb-74-33447 1
58 0 clueweb12-0208wb-15-20434 2
84 0 clueweb12-0000wb-00-05280 0
82 0 clueweb12-1305wb-81-08506 0
92 0 clueweb12-1011wb-55-20737 0
61 0 clueweb12-0300wb-19-17605 0
74 0 clueweb12-0306wb-63-07810 0
97 0 clueweb12-0304wb-06-01156 0
84 0 clueweb12-0608wb-41-28990 1
88 0 clueweb12-0110wb-16-29511 2
98 0 clueweb12-0600wb-42-08489 0
90 0 clueweb12-1201wb-97-08481 1
88 0 clueweb12-0303wb-20-27036 2
83 0 clueweb12-1612wb-98-21170 0
78 0 clueweb12-1102wb-58-29141 0
92 0 clueweb12-0000wb-19-19834 -2
96 0 clueweb12-0104wb-98-15928 0
66 0 clueweb12-1801wb-09-10591 0
59 0 clueweb12-0302wb-84-26804 0
65 0 clueweb12-0400wb-52-27572 2
92 0 clueweb12-0207wb-05-02260 0
70 0 clueweb12-0001wb-05-25706 0
54 0 clueweb12-1415wb-33-05325 0
83 0 clueweb12-0000wb-64-00769 0
96 0 clueweb12-0400wb-88-09148 0
72 0 clueweb12-0909wb-61-21257 0
89 0 clueweb12-1700wb-25-15161 0
70 0 clueweb12-0812wb-87-13926 0
75 0 clueweb12-0107wb-60-09426 1
64 0 clueweb12-0813wb-90-28916 1
65 0 clueweb12-0004wb-88-12760 1
67 0 clueweb12-0202wb-21-21629 0
78 0 clueweb12-1914wb-21-14490 0
54 0 clueweb12-1407wb-33-20379 0
70 0 clueweb12-0012wb-89-19311 0
76 0 clueweb12-0105wb-04-29706 1
92 0 clueweb12-1206wb-37-08028 0
83 0 clueweb12-0204wb-54-08570 0
92 0 clueweb12-0008wb-68-33894 1
78 0 clueweb12-0010wb-10-13202 0
77 0 clueweb12-0005wb-27-16171 0
74 0 clueweb12-0009wb-66-28116 0
96 0 clueweb12-1900wb-67-21436 2
81 0 clueweb12-0000wb-07-01065 0
83 0 clueweb12-0607wb-23-24855 0
86 0 clueweb12-0500wb-24-22439 0
92 0 clueweb12-0002wb-42-04937 0
78 0 clueweb12-0007wb-31-23304 0
87 0 clueweb12-0602wb-22-20283 -2
92 0 clueweb12-0100tw-07-01910 0
84 0 clueweb12-0010wb-16-23552 2
70 0 clueweb12-0204wb-15-32072 0
51 0 clueweb12-0408wb-49-10789 -2
70 0 clueweb12-0205wb-81-13369 0
58 0 clueweb12-0102wb-80-07755 2
70 0 clueweb12-0205wb-81-13373 0
70 0 clueweb12-0205wb-98-32472 0
61 0 clueweb12-0112wb-50-15121 0
87 0 clueweb12-1200wb-51-10392 0
74 0 clueweb12-1021wb-16-16430 1
70 0 clueweb12-0306wb-46-08942 0
75 0 clueweb12-0110wb-80-27389 0
61 0 clueweb12-1313wb-65-13415 0
55 0 clueweb12-0400wb-10-06929 2
87 0 clueweb12-0915wb-52-20575 0
99 0 clueweb12-0005wb-85-28616 -2
51 0 clueweb12-1413wb-17-21948 0
51 0 clueweb12-1412wb-91-23597 1
99 0 clueweb12-0006wb-44-12014 -2
73 0 clueweb12-0007wb-02-24969 0
70 0 clueweb12-0011wb-89-22770 0
51 0 clueweb12-1015wb-53-18222 1
69 0 clueweb12-0106wb-38-30534 0
89 0 clueweb12-1413wb-41-34689 0
85 0 clueweb12-0111wb-01-10864 -2
70 0 clueweb12-0005wb-58-30282 0
51 0 clueweb12-0201wb-44-32220 0
78 0 clueweb12-0001wb-48-02619 1
75 0 clueweb12-0300wb-63-22046 2
52 0 clueweb12-1714wb-26-14209 0
75 0 clueweb12-0210wb-06-14784 0
75 0 clueweb12-0001wb-00-15850 1
84 0 clueweb12-0208wb-78-14518 1
84 0 clueweb12-0208wb-78-14514 2
97 0 clueweb12-0302wb-71-16730 0
82 0 clueweb12-0107wb-28-03173 0
96 0 clueweb12-1900wb-60-22206 1
78 0 clueweb12-0104wb-69-28403 0
90 0 clueweb12-0203wb-08-21120 0
57 0 clueweb12-0013wb-72-03554 2
51 0 clueweb12-0703wb-88-31854 1
80 0 clueweb12-1809wb-68-26600 0
83 0 clueweb12-0206wb-41-29350 1
54 0 clueweb12-0010wb-41-15791 0
64 0 clueweb12-1712wb-79-09783 1
70 0 clueweb12-0002wb-05-01456 0
82 0 clueweb12-0000wb-96-15768 0
81 0 clueweb12-0300wb-10-00424 0
70 0 clueweb12-0109wb-44-23275 0
88 0 clueweb12-0500wb-33-18188 1
63 0 clueweb12-0008wb-84-12314 0
59 0 clueweb12-0604wb-17-31568 3
70 0 clueweb12-0205wb-50-03499 0
86 0 clueweb12-0304wb-92-09701 0
53 0 clueweb12-0307wb-58-16381 0
75 0 clueweb12-1010wb-30-05960 1
96 0 clueweb12-0201wb-43-17111 0
90 0 clueweb12-1114wb-80-14882 0
58 0 clueweb12-0200wb-70-27451 0
59 0 clueweb12-0912wb-53-02019 3
99 0 clueweb12-0209wb-68-01563 1
79 0 clueweb12-1114wb-82-02429 0
63 0 clueweb12-0000tw-21-19009 0
94 0 clueweb12-0008wb-62-25621 0
94 0 clueweb12-0006wb-65-25897 0
65 0 clueweb12-0804wb-43-06591 0
57 0 clueweb12-0608wb-55-09705 0
67 0 clueweb12-0204wb-89-33868 0
99 0 clueweb12-0004wb-23-32798 -2
99 0 clueweb12-0001wb-54-04812 -2
87 0 clueweb12-0209wb-67-28690 1
81 0 clueweb12-0000wb-08-03195 0
84 0 clueweb12-0508wb-30-26480 0
66 0 clueweb12-0001wb-86-24804 0
62 0 clueweb12-0308wb-45-17145 0
84 0 clueweb12-0509wb-43-31281 1
65 0 clueweb12-0804wb-06-13224 1
76 0 clueweb12-0106wb-08-12349 0
59 0 clueweb12-0009wb-67-32014 0
77 0 clueweb12-0000wb-51-20878 3
89 0 clueweb12-0507wb-53-11720 0
81 0 clueweb12-1700tw-53-03186 0
82 0 clueweb12-0308wb-10-22561 1
98 0 clueweb12-1700tw-53-03186 0
97 0 clueweb12-0013wb-28-15548 0
99 0 clueweb12-1712wb-76-00718 0
98 0 clueweb12-1512wb-48-26085 2
56 0 clueweb12-0105wb-77-22069 0
83 0 clueweb12-0000wb-42-23464 0
92 0 clueweb12-0111wb-54-03561 0
70 0 clueweb12-0205wb-91-00996 0
70 0 clueweb12-0205wb-91-00997 0
70 0 clueweb12-0205wb-98-32476 0
70 0 clueweb12-0205wb-98-32480 0
70 0 clueweb12-0205wb-68-17325 0
88 0 clueweb12-1900wb-32-07802 1
70 0 clueweb12-0205wb-91-01005 0
63 0 clueweb12-0012wb-32-20931 0
87 0 clueweb12-0504wb-39-18720 0
70 0 clueweb12-1113wb-04-02775 0
84 0 clueweb12-0010wb-31-03478 1
88 0 clueweb12-1806wb-70-11545 2
51 0 clueweb12-0202wb-04-33057 0
94 0 clueweb12-1402wb-49-24263 0
70 0 clueweb12-0406wb-93-01432 0
75 0 clueweb12-1501wb-99-02296 0
87 0 clueweb12-0201wb-37-13101 0
91 0 clueweb12-0810wb-15-09040 0
89 0 clueweb12-0205wb-14-31585 0
55 0 clueweb12-0110wb-93-02457 2
69 0 clueweb12-1413wb-03-00842 0
81 0 clueweb12-0716wb-80-35435 0
92 0 clueweb12-0000wb-03-26173 0
89 0 clueweb12-0915wb-06-14912 1
64 0 clueweb12-0107wb-14-15601 2
89 0 clueweb12-0914wb-85-03877 1
89 0 clueweb12-0914wb-70-12840 1
89 0 clueweb12-0914wb-85-03878 1
83 0 clueweb12-0006wb-93-05838 0
76 0 clueweb12-1809wb-73-17242 1
88 0 clueweb12-0013wb-84-09650 0
91 0 clueweb12-0010wb-21-03791 -2
88 0 clueweb12-0203wb-27-30858 1
81 0 clueweb12-0012wb-84-06478 0
82 0 clueweb12-0111wb-90-18346 0
71 0 clueweb12-0204wb-24-23154 0
82 0 clueweb12-0300wb-77-23207 0
64 0 clueweb12-0210wb-50-29844 2
68 0 clueweb12-0914wb-72-24647 0
87 0 clueweb12-0706wb-20-19070 0
73 0 clueweb12-0201wb-24-28794 1
54 0 clueweb12-0108wb-90-14074 0
69 0 clueweb12-0103wb-93-16836 0
75 0 clueweb12-0305wb-76-17850 1
75 0 clueweb12-0300tw-10-23473 0
75 0 clueweb12-0305wb-90-02027 0
69 0 clueweb12-1912wb-29-14405 0
56 0 clueweb12-1303wb-43-01598 0
87 0 clueweb12-1505wb-29-20694 0
72 0 clueweb12-1412wb-70-10109 1
97 0 clueweb12-0304wb-52-15462 0
64 0 clueweb12-0102wb-17-28604 2
56 0 clueweb12-0103wb-74-21437 0
69 0 clueweb12-0105wb-35-25793 0
64 0 clueweb12-0507wb-36-33017 1
88 0 clueweb12-0103wb-57-33013 2
61 0 clueweb12-0109wb-09-14852 0
72 0 clueweb12-0107wb-22-30846 2
64 0 clueweb12-0507wb-23-15645 0
75 0 clueweb12-0000wb-47-28486 1
94 0 clueweb12-0205wb-43-17889 0
88 0 clueweb12-0108wb-59-14580 0
66 0 clueweb12-0909wb-88-25768 0
92 0 clueweb12-0302wb-09-07279 0
99 0 clueweb12-0302wb-33-03847 0
75 0 clueweb12-0305wb-06-01310 0
70 0 clueweb12-0106wb-20-32103 0
88 0 clueweb12-0208wb-21-34473 0
98 0 clueweb12-0300wb-62-04900 0
54 0 clueweb12-0500tw-40-07966 1
92 0 clueweb12-0110wb-31-20295 -2
71 0 clueweb12-0002wb-30-05080 1
96 0 clueweb12-0106wb-08-17149 1
85 0 clueweb12-1300wb-96-15590 1
64 0 clueweb12-0010wb-05-09662 2
89 0 clueweb12-0402wb-34-28131 0
74 0 clueweb12-1700tw-53-03186 0
86 0 clueweb12-0009wb-82-13803 0
51 0 clueweb12-0205wb-73-17309 0
96 0 clueweb12-0006wb-48-02270 0
56 0 clueweb12-1401wb-08-31611 0
57 0 clueweb12-1814wb-68-13640 0
78 0 clueweb12-0011wb-35-26096 0
96 0 clueweb12-0012wb-12-01653 1
82 0 clueweb12-1505wb-67-13722 1
99 0 clueweb12-0200wb-54-01096 0
97 0 clueweb12-0503wb-00-16305 0
61 0 clueweb12-0406wb-16-28058 0
62 0 clueweb12-0108wb-80-28952 1
91 0 clueweb12-0304wb-16-00610 1
51 0 clueweb12-0608wb-82-05505 0
51 0 clueweb12-0609wb-05-15625 0
51 0 clueweb12-0609wb-05-15627 0
51 0 clueweb12-0607wb-96-21717 1
51 0 clueweb12-0609wb-96-30230 1
51 0 clueweb12-0609wb-96-30232 1
89 0 clueweb12-0001wb-91-09103 0
51 0 clueweb12-0611wb-02-30337 1
85 0 clueweb12-0809wb-19-23708 1
85 0 clueweb12-0809wb-28-19534 1
89 0 clueweb12-0000wb-92-13015 1
75 0 clueweb12-0003wb-45-14351 0
64 0 clueweb12-1015wb-18-10594 0
71 0 clueweb12-0000wb-15-03799 0
81 0 clueweb12-1416wb-42-11884 1
81 0 clueweb12-0300wb-87-09321 0
56 0 clueweb12-0403wb-78-05553 0
81 0 clueweb12-1607wb-95-08152 0
81 0 clueweb12-1609wb-05-19130 0
88 0 clueweb12-0009wb-38-32156 0
51 0 clueweb12-0109wb-51-26938 0
70 0 clueweb12-0205wb-91-21275 0
82 0 clueweb12-0108wb-21-27467 0
62 0 clueweb12-0304wb-00-20252 0
61 0 clueweb12-0005wb-78-02576 1
51 0 clueweb12-1010wb-98-07881 0
70 0 clueweb12-0013wb-71-15722 0
99 0 clueweb12-0005wb-67-16538 0
64 0 clueweb12-0104wb-96-33233 1
73 0 clueweb12-0111wb-82-26271 1
51 0 clueweb12-0201wb-88-17735 1
60 0 clueweb12-0305wb-70-17181 0
71 0 clueweb12-0714wb-71-13888 0
59 0 clueweb12-0107wb-25-26075 0
70 0 clueweb12-0112wb-28-25168 2
90 0 clueweb12-0004wb-11-32563 -2
70 0 clueweb12-0010wb-93-08408 0
81 0 clueweb12-0000wb-14-01813 0
54 0 clueweb12-0203wb-10-25599 1
91 0 clueweb12-0110wb-19-09796 0
88 0 clueweb12-0101wb-57-29458 0
78 0 clueweb12-0108wb-98-34564 1
84 0 clueweb12-1507wb-23-02872 0
99 0 clueweb12-0001wb-79-07376 0
78 0 clueweb12-0602wb-00-12698 0
88 0 clueweb12-0007wb-87-33973 0
59 0 clueweb12-0716wb-81-25284 0
98 0 clueweb12-0611wb-66-07714 1
83 0 clueweb12-0000wb-70-17146 0
53 0 clueweb12-0106wb-75-29844 0
54 0 clueweb12-0008wb-84-15199 0
82 0 clueweb12-0002wb-40-32290 0
82 0 clueweb12-0104wb-19-17764 3
72 0 clueweb12-0006wb-91-07773 2
65 0 clueweb12-0307wb-87-02607 0
74 0 clueweb12-0000wb-33-38377 0
88 0 clueweb12-0106wb-81-04812 1
51 0 clueweb12-1709wb-28-13101 0
82 0 clueweb12-0106wb-11-11916 0
87 0 clueweb12-0001wb-58-17150 0
85 0 clueweb12-0108wb-26-31776 0
75 0 clueweb12-1702wb-12-02605 1
74 0 clueweb12-1905wb-80-04825 0
81 0 clueweb12-0001wb-32-23616 0
54 0 clueweb12-0711wb-00-11124 1
56 0 clueweb12-1108wb-71-18544 0
92 0 clueweb12-1516wb-23-09724 0
84 0 clueweb12-0000wb-14-21586 0
74 0 clueweb12-0207wb-40-29209 0
98 0 clueweb12-0107wb-91-32298 0
90 0 clueweb12-0504wb-40-21129 1
87 0 clueweb12-0007wb-66-04870 0
70 0 clueweb12-1413wb-57-03747 0
94 0 clueweb12-0002wb-18-09950 0
64 0 clueweb12-0917wb-96-06750 2
65 0 clueweb12-1903wb-18-12021 0
80 0 clueweb12-0500wb-75-07986 1
89 0 clueweb12-0207wb-85-28366 1
59 0 clueweb12-1600wb-52-23070 0
52 0 clueweb12-0300wb-86-28713 0
87 0 clueweb12-0208wb-70-13542 0
52 0 clueweb12-0300wb-02-07342 0
52 0 clueweb12-0211wb-83-23888 0
52 0 clueweb12-0300wb-02-07343 0
54 0 clueweb12-0108wb-68-13311 0
52 0 clueweb12-0300wb-02-07340 0
52 0 clueweb12-0300wb-02-07341 0
89 0 clueweb12-0012wb-56-16677 0
98 0 clueweb12-1510wb-20-29035 0
64 0 clueweb12-0104wb-66-17470 0
64 0 clueweb12-0104wb-59-25005 0
64 0 clueweb12-0105wb-11-15810 0
52 0 clueweb12-0300wb-56-03213 0
57 0 clueweb12-0917wb-36-13154 0
66 0 clueweb12-1700tw-53-03186 0
92 0 clueweb12-1206wb-04-06993 0
64 0 clueweb12-0102wb-64-11144 0
77 0 clueweb12-0208wb-21-34473 0
56 0 clueweb12-1008wb-42-02833 0
58 0 clueweb12-0400wb-29-20813 0
63 0 clueweb12-0302wb-18-29527 0
72 0 clueweb12-0100wb-20-18734 0
72 0 clueweb12-0012wb-27-12721 0
72 0 clueweb12-0100wb-10-20688 0
72 0 clueweb12-0100wb-20-18735 0
72 0 clueweb12-0100wb-20-18737 0
72 0 clueweb12-0100wb-20-18736 0
72 0 clueweb12-0100wb-20-18738 0
79 0 clueweb12-1906wb-07-06333 0
52 0 clueweb12-0302wb-33-03727 0
52 0 clueweb12-0212wb-27-19503 0
84 0 clueweb12-0007wb-41-31916 1
78 0 clueweb12-0101wb-31-07883 0
52 0 clueweb12-0302wb-33-03729 0
52 0 clueweb12-0300wb-09-33298 0
52 0 clueweb12-0302wb-33-03721 0
52 0 clueweb12-0302wb-33-03726 0
54 0 clueweb12-1814wb-33-13954 0
82 0 clueweb12-0111wb-83-02516 0
51 0 clueweb12-0108wb-82-05498 1
75 0 clueweb12-1110wb-94-24427 1
97 0 clueweb12-1101wb-16-08399 1
60 0 clueweb12-0208wb-19-16733 1
81 0 clueweb12-0102wb-50-28813 0
97 0 clueweb12-0108wb-39-27217 1
83 0 clueweb12-0109wb-89-14104 0
65 0 clueweb12-0205wb-69-03236 0
84 0 clueweb12-0307wb-60-23648 1
54 0 clueweb12-0203wb-81-09865 0
68 0 clueweb12-0207wb-92-11179 0
52 0 clueweb12-0212wb-19-05078 0
70 0 clueweb12-0800wb-25-19927 0
72 0 clueweb12-0003wb-46-37479 0
78 0 clueweb12-0010wb-58-13865 0
68 0 clueweb12-0202wb-78-26644 0
98 0 clueweb12-0208wb-21-34473 -2
52 0 clueweb12-0300wb-95-06837 0
94 0 clueweb12-0300wb-10-19258 0
52 0 clueweb12-0300wb-57-04773 0
70 0 clueweb12-0210wb-90-30676 0
75 0 clueweb12-0004wb-31-09400 0
52 0 clueweb12-0300wb-09-33300 0
52 0 clueweb12-0212wb-27-19510 0
70 0 clueweb12-0408wb-04-16338 0
60 0 clueweb12-0208wb-21-34473 0
63 0 clueweb12-0207wb-20-20875 0
64 0 clueweb12-1804wb-38-16703 0
87 0 clueweb12-0209wb-13-14621 0
87 0 clueweb12-0209wb-06-28602 0
87 0 clueweb12-0209wb-06-28601 1
87 0 clueweb12-0209wb-06-28600 1
52 0 clueweb12-0300wb-95-06839 0
52 0 clueweb12-0212wb-27-19509 0
52 0 clueweb12-0300wb-02-07345 0
91 0 clueweb12-0100wb-31-00130 0
52 0 clueweb12-0002wb-23-39013 0
62 0 clueweb12-0303wb-90-13982 2
65 0 clueweb12-0205wb-40-26554 0
99 0 clueweb12-0104wb-42-24763 0
87 0 clueweb12-0801wb-17-05525 0
51 0 clueweb12-0504wb-14-29616 1
74 0 clueweb12-0309wb-15-29344 0
74 0 clueweb12-0001wb-03-11207 0
73 0 clueweb12-0001wb-23-12494 0
81 0 clueweb12-0205wb-68-15733 0
59 0 clueweb12-0303wb-44-03364 1
51 0 clueweb12-0200wb-52-25920 0
75 0 clueweb12-1400wb-34-23852 1
79 0 clueweb12-0509wb-85-19493 0
76 0 clueweb12-0911wb-41-15379 1
89 0 clueweb12-0110wb-39-11234 1
76 0 clueweb12-0911wb-37-27178 1
55 0 clueweb12-1503wb-82-18450 0
87 0 clueweb12-0002wb-09-12359 0
78 0 clueweb12-0306wb-90-21747 0
92 0 clueweb12-1310wb-53-13546 0
74 0 clueweb12-0100wb-20-15303 1
96 0 clueweb12-1111wb-98-20494 0
70 0 clueweb12-1111wb-59-04159 0
60 0 clueweb12-0107wb-37-06360 0
64 0 clueweb12-0402wb-15-20251 1
89 0 clueweb12-0006wb-85-31862 1
55 0 clueweb12-0302wb-34-23180 1
73 0 clueweb12-0310wb-76-24117 1
82 0 clueweb12-0302wb-17-28307 0
57 0 clueweb12-0212wb-29-19491 0
55 0 clueweb12-0102wb-40-09643 1
68 0 clueweb12-0202wb-78-32446 1
78 0 clueweb12-0304wb-80-22777 0
58 0 clueweb12-0208wb-40-16182 0
82 0 clueweb12-0101wb-42-01793 2
52 0 clueweb12-1400wb-17-10206 0
63 0 clueweb12-1700tw-53-03186 0
52 0 clueweb12-1310wb-25-38001 0
52 0 clueweb12-1112wb-03-04246 0
71 0 clueweb12-0001wb-83-10661 0
75 0 clueweb12-0102wb-89-26943 1
71 0 clueweb12-0510wb-04-16361 1
96 0 clueweb12-0406wb-07-02898 0
71 0 clueweb12-0200wb-59-04570 0
97 0 clueweb12-0101wb-37-14885 0
51 0 clueweb12-0611wb-60-14967 1
61 0 clueweb12-0201wb-40-00903 0
79 0 clueweb12-1112wb-66-19371 0
62 0 clueweb12-0108wb-64-33123 1
70 0 clueweb12-0806wb-66-02909 0
85 0 clueweb12-0804wb-87-12462 1
94 0 clueweb12-0701wb-77-13567 0
81 0 clueweb12-0109wb-00-31685 0
64 0 clueweb12-1508wb-79-16569 1
92 0 clueweb12-0206wb-83-06087 0
92 0 clueweb12-0207wb-46-18213 0
80 0 clueweb12-0303wb-08-03759 0
68 0 clueweb12-0103wb-95-20481 0
64 0 clueweb12-0106wb-11-12958 0
57 0 clueweb12-0200wb-66-27591 1
94 0 clueweb12-0307wb-03-16864 0
64 0 clueweb12-0005wb-74-32574 1
89 0 clueweb12-0208wb-41-28850 0
93 0 clueweb12-1607wb-46-07187 0
84 0 clueweb12-1315wb-83-14099 1
55 0 clueweb12-0302wb-93-18320 0
78 0 clueweb12-0104wb-37-01527 0
78 0 clueweb12-0104wb-25-05040 2
90 0 clueweb12-0109wb-71-13573 0
69 0 clueweb12-1401wb-12-05150 0
89 0 clueweb12-0914wb-85-03880 1
92 0 clueweb12-0107wb-81-21001 0
89 0 clueweb12-0013wb-62-04939 0
76 0 clueweb12-0805wb-60-08658 0
89 0 clueweb12-1010wb-73-28663 0
89 0 clueweb12-1010wb-37-03091 0
57 0 clueweb12-0101wb-91-00219 0
52 0 clueweb12-0011wb-29-13418 0
82 0 clueweb12-0000wb-05-28896 0
99 0 clueweb12-1712wb-09-01870 0
89 0 clueweb12-0208wb-01-25088 0
93 0 clueweb12-0201wb-75-11688 0
79 0 clueweb12-0300wb-51-11389 2
88 0 clueweb12-1516wb-55-29797 1
58 0 clueweb12-0303wb-82-07535 0
78 0 clueweb12-0000wb-10-07053 -2
78 0 clueweb12-0000wb-10-07052 -2
78 0 clueweb12-0000wb-10-07054 -2
80 0 clueweb12-0211wb-25-23708 0
67 0 clueweb12-1118wb-68-01218 0
74 0 clueweb12-0006wb-36-02624 2
98 0 clueweb12-0106wb-62-03104 0
62 0 clueweb12-0406wb-52-23958 0
62 0 clueweb12-0004wb-38-30685 0
77 0 clueweb12-0410wb-94-19984 0
89 0 clueweb12-1116wb-09-13402 0
72 0 clueweb12-1015wb-14-31577 0
72 0 clueweb12-0310wb-35-16711 0
62 0 clueweb12-0000wb-85-27967 0
53 0 clueweb12-0302wb-79-25425 0
79 0 clueweb12-0305wb-18-32079 0
81 0 clueweb12-0007wb-11-09167 0
73 0 clueweb12-0303wb-16-13973 1
72 0 clueweb12-0201wb-76-01641 0
71 0 clueweb12-0103wb-46-14807 0
88 0 clueweb12-0500wb-34-33023 1
83 0 clueweb12-0203wb-66-05501 0
60 0 clueweb12-1211wb-44-15626 1
60 0 clueweb12-1212wb-12-17520 1
77 0 clueweb12-1009wb-75-09426 0
79 0 clueweb12-0817wb-60-05029 1
96 0 clueweb12-0301wb-90-17009 0
87 0 clueweb12-0608wb-29-33865 0
92 0 clueweb12-0010wb-62-25159 0
87 0 clueweb12-0301wb-14-03816 0
69 0 clueweb12-0111wb-96-09962 0
88 0 clueweb12-0509wb-42-16507 1
86 0 clueweb12-1110wb-89-09525 0
59 0 clueweb12-0201wb-95-20970 0
52 0 clueweb12-0507wb-51-00370 0
98 0 clueweb12-0209wb-97-02424 0
92 0 clueweb12-0310wb-95-22249 0
51 0 clueweb12-0004wb-50-03484 0
89 0 clueweb12-0303wb-33-32608 1
65 0 clueweb12-0203wb-25-29197 0
88 0 clueweb12-0108wb-28-32186 1
94 0 clueweb12-0603wb-11-09260 0
54 0 clueweb12-0112wb-63-33184 1
82 0 clueweb12-0100wb-62-04942 0
94 0 clueweb12-0300wb-57-31910 0
74 0 clueweb12-1218wb-19-10227 0
82 0 clueweb12-1201wb-76-00220 0
93 0 clueweb12-1807wb-29-05351 0
61 0 clueweb12-0606wb-02-30527 1
94 0 clueweb12-1801wb-98-06136 0
76 0 clueweb12-0302wb-44-09010 1
78 0 clueweb12-1413wb-77-27278 0
75 0 clueweb12-0706wb-91-03483 1
59 0 clueweb12-0301wb-77-25703 0
61 0 clueweb12-0606wb-12-32875 1
92 0 clueweb12-1311wb-00-09616 0
61 0 clueweb12-1306wb-77-35218 0
70 0 clueweb12-0406wb-95-15943 1
74 0 clueweb12-0004wb-05-25946 0
97 0 clueweb12-0404wb-67-29627 0
89 0 clueweb12-0013wb-62-04947 1
69 0 clueweb12-0311wb-96-24846 0
70 0 clueweb12-0204wb-89-05275 2
57 0 clueweb12-0102wb-76-23690 2
59 0 clueweb12-0304wb-20-01225 0
59 0 clueweb12-0304wb-27-12321 1
63 0 clueweb12-0200wb-57-27435 0
74 0 clueweb12-0311wb-71-08812 1
93 0 clueweb12-0103wb-04-28860 0
51 0 clueweb12-0007wb-11-06219 -2
97 0 clueweb12-1405wb-95-05592 0
91 0 clueweb12-0206wb-78-00842 0
84 0 clueweb12-0001wb-39-15562 0
63 0 clueweb12-1908wb-89-31708 0
72 0 clueweb12-0013wb-31-08592 0
52 0 clueweb12-0200wb-16-16819 0
72 0 clueweb12-0013wb-80-11005 0
63 0 clueweb12-1115wb-84-09677 0
71 0 clueweb12-0300wb-90-18218 1
84 0 clueweb12-0102wb-52-11942 0
91 0 clueweb12-0205wb-55-24205 1
74 0 clueweb12-0111wb-99-08894 0
62 0 clueweb12-0108wb-64-33129 1
70 0 clueweb12-0208wb-64-10398 0
78 0 clueweb12-0302wb-30-26648 1
84 0 clueweb12-0209wb-65-14396 2
59 0 clueweb12-1705wb-21-18172 0
59 0 clueweb12-1705wb-01-16924 0
67 0 clueweb12-0302wb-59-20205 1
59 0 clueweb12-1208wb-03-01701 0
75 0 clueweb12-1000wb-93-10915 1
70 0 clueweb12-0007wb-93-15642 0
56 0 clueweb12-0111wb-25-05658 2
70 0 clueweb12-0103wb-05-16401 0
82 0 clueweb12-0209wb-30-31291 2
78 0 clueweb12-0102wb-33-24621 1
73 0 clueweb12-1313wb-70-31941 1
54 0 clueweb12-0700wb-08-00722 0
64 0 clueweb12-0200wb-07-33888 0
87 0 clueweb12-0001wb-23-12462 1
54 0 clueweb12-0406wb-26-06826 1
56 0 clueweb12-0407wb-64-16696 -2
66 0 clueweb12-0210wb-33-19435 0
87 0 clueweb12-1202wb-89-16737 -2
71 0 clueweb12-0205wb-26-08987 1
51 0 clueweb12-0204wb-04-03492 3
72 0 clueweb12-0006wb-83-20590 2
83 0 clueweb12-0601wb-80-10756 0
70 0 clueweb12-0101wb-19-11428 0
70 0 clueweb12-1613wb-94-12947 0
61 0 clueweb12-0107wb-10-10569 -2
81 0 clueweb12-0012wb-74-19645 0
75 0 clueweb12-0210wb-18-00933 1
84 0 clueweb12-0111wb-43-20025 0
70 0 clueweb12-1106wb-62-14827 0
82 0 clueweb12-0602wb-04-26737 0
83 0 clueweb12-0110wb-43-19683 0
92 0 clueweb12-0004wb-99-06279 0
87 0 clueweb12-0508wb-26-09389 0
80 0 clueweb12-0706wb-24-18480 -2
77 0 clueweb12-0109wb-50-01622 1
65 0 clueweb12-0108wb-31-32259 1
76 0 clueweb12-1912wb-34-07117 1
79 0 clueweb12-0900wb-33-16272 0
54 0 clueweb12-0501wb-33-19787 1
75 0 clueweb12-0209wb-89-17492 2
94 0 clueweb12-0300wb-20-29407 0
84 0 clueweb12-0004wb-25-17147 0
64 0 clueweb12-0200wb-78-33763 0
75 0 clueweb12-0510wb-67-20866 0
75 0 clueweb12-0510wb-78-13059 0
65 0 clueweb12-0906wb-31-13315 1
51 0 clueweb12-0109wb-61-03491 1
54 0 clueweb12-0004wb-67-24724 0
54 0 clueweb12-0111wb-98-22511 0
80 0 clueweb12-0000wb-19-05960 0
88 0 clueweb12-0207wb-75-16850 0
64 0 clueweb12-0006wb-16-28671 2
90 0 clueweb12-0013wb-36-18195 0
90 0 clueweb12-0013wb-25-08174 0
70 0 clueweb12-0108wb-63-24573 -2
70 0 clueweb12-0110wb-13-06016 0
74 0 clueweb12-0202wb-96-07554 0
70 0 clueweb12-0108wb-53-16955 -2
66 0 clueweb12-0005wb-36-31822 -2
87 0 clueweb12-1911wb-64-08745 0
55 0 clueweb12-1715wb-97-16202 1
56 0 clueweb12-0308wb-83-14162 0
64 0 clueweb12-1806wb-87-07208 0
88 0 clueweb12-0109wb-78-11702 1
64 0 clueweb12-0505wb-34-07318 1
91 0 clueweb12-0605wb-89-00189 0
55 0 clueweb12-0800wb-45-01280 2
54 0 clueweb12-0202wb-17-13180 0
51 0 clueweb12-0610wb-19-20491 0
99 0 clueweb12-0308wb-55-31352 0
79 0 clueweb12-0001wb-41-08834 0
70 0 clueweb12-1603wb-02-00521 0
59 0 clueweb12-0010wb-90-10625 0
98 0 clueweb12-0106wb-88-02617 1
60 0 clueweb12-0311wb-24-08508 0
80 0 clueweb12-0110wb-27-05415 0
61 0 clueweb12-0303wb-21-07885 0
82 0 clueweb12-0000wb-04-14071 0
70 0 clueweb12-0109wb-09-29646 0
93 0 clueweb12-0000wb-04-14142 0
61 0 clueweb12-0303wb-12-08503 0
99 0 clueweb12-1613wb-08-01703 2
77 0 clueweb12-1213wb-59-27176 0
71 0 clueweb12-0205wb-71-26948 3
78 0 clueweb12-0302wb-94-15890 0
88 0 clueweb12-0204wb-41-15663 1
69 0 clueweb12-0207wb-91-13756 0
69 0 clueweb12-0207wb-76-31471 0
62 0 clueweb12-0406wb-21-02538 -2
92 0 clueweb12-1806wb-57-31789 0
75 0 clueweb12-0210wb-37-11054 3
69 0 clueweb12-0206wb-68-32120 0
72 0 clueweb12-0003wb-56-08701 0
87 0 clueweb12-0604wb-67-03184 0
73 0 clueweb12-0202wb-84-23303 1
93 0 clueweb12-0109wb-75-18938 0
98 0 clueweb12-0110wb-95-16774 1
78 0 clueweb12-0302wb-29-18875 0
75 0 clueweb12-0210wb-90-20999 2
78 0 clueweb12-0302wb-26-06324 0
64 0 clueweb12-0504wb-03-26350 0
64 0 clueweb12-0504wb-30-13540 0
64 0 clueweb12-0502wb-19-22875 0
54 0 clueweb12-1020wb-48-09291 1
82 0 clueweb12-0101wb-07-24886 0
69 0 clueweb12-0207wb-53-25835 0
81 0 clueweb12-0001wb-84-06930 1
93 0 clueweb12-0109wb-91-15485 0
92 0 clueweb12-0012wb-25-12922 1
62 0 clueweb12-0000wb-18-34945 1
78 0 clueweb12-0000wb-48-22718 0
96 0 clueweb12-0207wb-96-14832 1
87 0 clueweb12-1307wb-51-12433 0
64 0 clueweb12-0002wb-10-26678 0
63 0 clueweb12-0207wb-69-11230 1
63 0 clueweb12-0207wb-53-25359 0
51 0 clueweb12-1908wb-19-09183 1
90 0 clueweb12-0211wb-54-32157 0
79 0 clueweb12-0006wb-06-16044 0
70 0 clueweb12-0110wb-13-06014 0
70 0 clueweb12-0109wb-74-27151 0
62 0 clueweb12-0112wb-02-25142 0
70 0 clueweb12-0109wb-59-05395 0
83 0 clueweb12-0012wb-81-04431 0
70 0 clueweb12-0110wb-13-06012 0
70 0 clueweb12-0109wb-18-27746 0
70 0 clueweb12-0110wb-22-34800 0
70 0 clueweb12-0110wb-13-06011 0
51 0 clueweb12-0607wb-64-14814 2
73 0 clueweb12-0100wb-74-00969 1
55 0 clueweb12-0012wb-79-11824 0
59 0 clueweb12-0411wb-20-27712 3
83 0 clueweb12-0108wb-95-03672 1
58 0 clueweb12-0601wb-05-05545 1
87 0 clueweb12-1903wb-29-05976 0
63 0 clueweb12-0507wb-33-06693 0
80 0 clueweb12-0011wb-64-23117 1
67 0 clueweb12-1801wb-69-02831 0
51 0 clueweb12-0108wb-64-30224 0
55 0 clueweb12-0408wb-58-02963 2
56 0 clueweb12-0403wb-34-05602 0
92 0 clueweb12-0006wb-74-03153 0
64 0 clueweb12-1901wb-90-09222 0
59 0 clueweb12-0510wb-01-16831 0
64 0 clueweb12-0012wb-88-15966 0
96 0 clueweb12-0010wb-73-20023 0
79 0 clueweb12-0103wb-88-20501 0
99 0 clueweb12-0207wb-18-27457 0
65 0 clueweb12-0108wb-54-32469 1
93 0 clueweb12-0109wb-59-31831 0
97 0 clueweb12-1100wb-87-29302 0
75 0 clueweb12-1300wb-56-15735 1
62 0 clueweb12-0703wb-81-19446 0
61 0 clueweb12-0706wb-30-32276 1
74 0 clueweb12-0202wb-71-03750 0
82 0 clueweb12-1020wb-66-31070 0
51 0 clueweb12-0000wb-34-01414 0
63 0 clueweb12-0000wb-14-04729 0
82 0 clueweb12-0000wb-75-02552 0
51 0 clueweb12-0108wb-67-31543 1
63 0 clueweb12-0806wb-78-14018 1
88 0 clueweb12-0011wb-99-01003 0
83 0 clueweb12-0307wb-54-08762 1
72 0 clueweb12-0211wb-86-26788 0
58 0 clueweb12-1700tw-53-03186 0
71 0 clueweb12-1209wb-66-00509 -2
61 0 clueweb12-0109wb-97-20256 0
99 0 clueweb12-0008wb-21-08031 0
77 0 clueweb12-0108wb-77-10880 0
82 0 clueweb12-0919wb-52-00546 0
97 0 clueweb12-0304wb-34-25233 0
54 0 clueweb12-0001wb-92-30808 1
76 0 clueweb12-0206wb-88-13369 1
92 0 clueweb12-0004wb-99-02315 0
77 0 clueweb12-0604wb-55-00389 0
79 0 clueweb12-0109wb-01-03963 0
58 0 clueweb12-0004wb-28-22953 2
79 0 clueweb12-0611wb-58-27869 2
70 0 clueweb12-0203wb-67-32192 0
79 0 clueweb12-0406wb-13-20826 1
55 0 clueweb12-0001wb-72-04595 0
79 0 clueweb12-0108wb-93-02637 0
83 0 clueweb12-1305wb-70-05575 0
98 0 clueweb12-0009wb-22-10261 0
76 0 clueweb12-0112wb-49-31380 1
83 0 clueweb12-0002wb-32-15047 0
75 0 clueweb12-1315wb-83-14108 1
59 0 clueweb12-0109wb-86-10499 0
70 0 clueweb12-0000wb-98-25809 0
55 0 clueweb12-0212wb-11-00205 0
97 0 clueweb12-0103wb-96-08472 0
57 0 clueweb12-0806wb-36-13376 0
57 0 clueweb12-0806wb-36-13371 0
73 0 clueweb12-0206wb-05-29932 0
88 0 clueweb12-0100wb-63-20623 0
89 0 clueweb12-0915wb-48-04114 0
75 0 clueweb12-1018wb-82-16104 1
96 0 clueweb12-0609wb-13-22495 1
97 0 clueweb12-0103wb-96-08471 0
88 0 clueweb12-0101wb-19-10131 0
65 0 clueweb12-0203wb-15-01824 0
68 0 clueweb12-0508wb-12-15770 0
68 0 clueweb12-0508wb-19-30102 0
68 0 clueweb12-0112wb-18-06781 1
72 0 clueweb12-0203wb-12-10466 2
60 0 clueweb12-0212wb-15-21479 0
83 0 clueweb12-0007wb-12-28278 0
92 0 clueweb12-0201wb-22-09887 2
93 0 clueweb12-0003wb-30-15740 0
87 0 clueweb12-1202wb-98-29563 -2
80 0 clueweb12-1010wb-81-23163 -2
68 0 clueweb12-0509wb-00-06976 0
52 0 clueweb12-1801wb-23-17027 0
56 0 clueweb12-0002wb-88-09444 2
64 0 clueweb12-0913wb-60-19161 1
94 0 clueweb12-0109wb-85-04025 0
76 0 clueweb12-0004wb-50-09209 2
64 0 clueweb12-0300wb-85-05662 0
88 0 clueweb12-0107wb-48-24741 0
73 0 clueweb12-1802wb-79-21808 1
86 0 clueweb12-0112wb-06-28396 0
88 0 clueweb12-0204wb-00-16739 0
89 0 clueweb12-0207wb-29-09049 0
97 0 clueweb12-0606wb-39-28932 1
54 0 clueweb12-0004wb-96-17619 1
99 0 clueweb12-0715wb-06-05406 0
69 0 clueweb12-0304wb-51-19703 0
81 0 clueweb12-1017wb-83-17140 0
58 0 clueweb12-0004wb-29-09949 0
99 0 clueweb12-0406wb-47-04787 0
74 0 clueweb12-0011wb-96-09372 0
99 0 clueweb12-0010wb-61-13565 1
97 0 clueweb12-0103wb-96-08487 0
93 0 clueweb12-0412wb-26-04615 0
75 0 clueweb12-0816wb-41-16587 1
97 0 clueweb12-0103wb-96-08494 0
99 0 clueweb12-0000wb-13-27312 0
90 0 clueweb12-1913wb-31-23194 2
97 0 clueweb12-0103wb-76-27576 0
51 0 clueweb12-0303wb-82-09682 1
83 0 clueweb12-0110wb-81-16457 0
90 0 clueweb12-1104wb-00-24418 0
67 0 clueweb12-1100wb-87-30302 0
77 0 clueweb12-0502wb-19-16878 0
68 0 clueweb12-1907wb-80-19447 0
60 0 clueweb12-1706wb-15-06427 0
61 0 clueweb12-0601wb-46-12834 0
76 0 clueweb12-0304wb-89-04514 0
61 0 clueweb12-0012wb-33-32921 0
59 0 clueweb12-0013wb-69-13773 0
82 0 clueweb12-0000wb-14-05188 0
62 0 clueweb12-0403wb-89-27963 0
67 0 clueweb12-0000wb-32-22333 1
89 0 clueweb12-0407wb-70-00481 0
88 0 clueweb12-0504wb-88-13312 1
62 0 clueweb12-0204wb-35-26373 0
64 0 clueweb12-1907wb-87-29364 0
77 0 clueweb12-0302wb-49-28305 0
77 0 clueweb12-1805wb-04-02240 0
89 0 clueweb12-0407wb-62-06580 0
89 0 clueweb12-0407wb-62-06581 1
74 0 clueweb12-0006wb-54-16020 0
51 0 clueweb12-1206wb-26-16251 0
76 0 clueweb12-1809wb-90-27173 1
94 0 clueweb12-0305wb-31-03630 0
73 0 clueweb12-0006wb-44-33110 0
79 0 clueweb12-0401wb-15-17562 0
63 0 clueweb12-0110wb-04-30443 0
84 0 clueweb12-1510wb-28-25398 2
72 0 clueweb12-0303wb-45-20254 0
84 0 clueweb12-1510wb-40-27600 1
67 0 clueweb12-0304wb-42-28062 0
80 0 clueweb12-0106wb-44-31086 1
83 0 clueweb12-0712wb-53-16133 0
94 0 clueweb12-0208wb-21-34473 0
54 0 clueweb12-0105wb-60-25919 0
54 0 clueweb12-0006wb-61-04836 2
54 0 clueweb12-0003wb-46-31641 1
66 0 clueweb12-1900wb-56-17777 1
74 0 clueweb12-0104wb-49-07908 0
73 0 clueweb12-0013wb-40-04170 1
54 0 clueweb12-0013wb-27-08707 1
91 0 clueweb12-0207wb-64-12459 0
64 0 clueweb12-1202wb-24-01839 0
91 0 clueweb12-0607wb-73-24202 0
65 0 clueweb12-0001wb-85-24100 0
65 0 clueweb12-0306wb-69-16337 1
64 0 clueweb12-1206wb-19-01407 0
64 0 clueweb12-1202wb-24-01838 0
57 0 clueweb12-0206wb-86-10715 1
70 0 clueweb12-0812wb-73-18732 0
56 0 clueweb12-1610wb-86-17672 0
61 0 clueweb12-0001wb-75-11685 0
62 0 clueweb12-0303wb-86-17106 0
59 0 clueweb12-0209wb-14-25546 0
60 0 clueweb12-1211wb-52-06866 0
96 0 clueweb12-0102wb-08-04642 1
69 0 clueweb12-0005wb-39-07053 0
56 0 clueweb12-0511wb-46-10265 0
96 0 clueweb12-0111wb-86-17987 1
54 0 clueweb12-0012wb-14-26623 0
87 0 clueweb12-0300wb-11-20981 1
89 0 clueweb12-0809wb-07-11582 0
94 0 clueweb12-0308wb-15-07810 0
83 0 clueweb12-0101wb-00-32715 0
58 0 clueweb12-1804wb-51-11390 0
83 0 clueweb12-0105wb-57-27881 0
87 0 clueweb12-0102wb-14-01423 0
62 0 clueweb12-0012wb-76-13051 0
80 0 clueweb12-0913wb-75-25017 0
85 0 clueweb12-0809wb-28-19543 1
56 0 clueweb12-0303wb-94-08087 0
85 0 clueweb12-0809wb-28-19539 1
85 0 clueweb12-0809wb-19-23709 1
67 0 clueweb12-0100tw-64-21366 0
84 0 clueweb12-0204wb-81-19689 2
86 0 clueweb12-0809wb-11-21274 2
98 0 clueweb12-0106wb-34-25704 1
51 0 clueweb12-0111wb-27-25981 0
58 0 clueweb12-0101wb-64-32491 2
75 0 clueweb12-0008wb-70-20638 1
88 0 clueweb12-0000wb-06-19796 0
81 0 clueweb12-1200wb-33-19970 2
77 0 clueweb12-0109wb-36-05357 0
67 0 clueweb12-0001wb-28-16729 0
77 0 clueweb12-0204wb-41-01337 0
97 0 clueweb12-1108wb-57-18567 1
72 0 clueweb12-1708wb-41-05742 0
70 0 clueweb12-0912wb-85-03160 0
78 0 clueweb12-0107wb-80-27989 0
98 0 clueweb12-0500wb-85-22899 0
62 0 clueweb12-0501wb-32-11210 0
55 0 clueweb12-0205wb-61-01813 2
55 0 clueweb12-0710wb-44-13051 0
56 0 clueweb12-1303wb-08-25268 0
71 0 clueweb12-0608wb-64-07858 1
74 0 clueweb12-0012wb-91-18479 0
87 0 clueweb12-0001wb-78-28277 0
80 0 clueweb12-0110wb-99-03326 0
80 0 clueweb12-0111wb-21-34247 1
94 0 clueweb12-0001wb-30-14388 0
79 0 clueweb12-0502wb-54-14838 1
79 0 clueweb12-0100wb-61-00217 0
84 0 clueweb12-0106wb-09-23164 2
89 0 clueweb12-0207wb-40-22579 1
89 0 clueweb12-0207wb-34-12384 0
73 0 clueweb12-1912wb-34-06900 1
63 0 clueweb12-0605wb-17-05795 1
77 0 clueweb12-0107wb-48-21002 0
70 0 clueweb12-0300wb-10-02591 0
89 0 clueweb12-0809wb-59-01124 1
71 0 clueweb12-0200wb-78-06036 0
64 0 clueweb12-0000wb-44-20951 1
77 0 clueweb12-0109wb-99-28568 0
82 0 clueweb12-0207wb-72-33465 2
76 0 clueweb12-0110wb-62-30745 2
76 0 clueweb12-0110wb-31-30136 2
83 0 clueweb12-0008wb-15-11293 0
79 0 clueweb12-0304wb-22-27695 0
51 0 clueweb12-0003wb-11-02397 0
85 0 clueweb12-0002wb-30-18773 1
70 0 clueweb12-0203wb-22-29454 0
54 0 clueweb12-0008wb-37-03695 1
88 0 clueweb12-0202wb-19-23821 0
67 0 clueweb12-0106wb-14-28573 0
54 0 clueweb12-0101wb-67-09135 1
97 0 clueweb12-0011wb-33-18150 1
97 0 clueweb12-0501wb-91-00007 1
70 0 clueweb12-0913wb-47-26347 0
75 0 clueweb12-0500wb-70-11525 1
78 0 clueweb12-0917wb-37-04494 0
54 0 clueweb12-1103wb-45-22332 1
58 0 clueweb12-0302wb-92-09962 0
58 0 clueweb12-0303wb-72-27082 1
58 0 clueweb12-0601wb-09-19885 1
58 0 clueweb12-0305wb-47-29146 2
89 0 clueweb12-1413wb-41-34688 0
72 0 clueweb12-0003wb-28-16285 0
90 0 clueweb12-0111wb-43-20025 0
58 0 clueweb12-1202wb-49-21399 1
70 0 clueweb12-1505wb-29-23498 0
74 0 clueweb12-1208wb-61-28891 2
54 0 clueweb12-0714wb-49-18520 1
77 0 clueweb12-1505wb-35-18513 0
67 0 clueweb12-0205wb-08-15825 0
72 0 clueweb12-1807wb-34-09199 1
67 0 clueweb12-1611wb-59-30802 0
82 0 clueweb12-0101wb-92-33145 0
73 0 clueweb12-0013wb-70-12808 0
80 0 clueweb12-0111wb-98-31188 0
84 0 clueweb12-0011wb-83-10297 1
57 0 clueweb12-0010wb-23-26351 0
67 0 clueweb12-0200wb-30-24572 0
78 0 clueweb12-0201wb-34-20524 0
82 0 clueweb12-1000wb-82-05725 0
92 0 clueweb12-0306wb-35-27929 0
61 0 clueweb12-1413wb-21-03368 1
84 0 clueweb12-0008wb-39-21478 1
52 0 clueweb12-0107wb-32-12166 0
70 0 clueweb12-0009wb-34-33600 0
97 0 clueweb12-0502wb-09-30616 0
87 0 clueweb12-1805wb-18-08063 0
68 0 clueweb12-0303wb-60-10380 0
54 0 clueweb12-0307wb-18-12299 0
87 0 clueweb12-0500wb-53-06409 0
86 0 clueweb12-1011wb-31-26515 0
77 0 clueweb12-0205wb-73-17309 -2
51 0 clueweb12-0112wb-39-11229 0
54 0 clueweb12-1004wb-06-20226 0
65 0 clueweb12-0304wb-80-21220 0
72 0 clueweb12-0512wb-28-28923 1
69 0 clueweb12-0201wb-35-06584 0
85 0 clueweb12-0300wb-07-22551 0
74 0 clueweb12-0404wb-96-03827 0
88 0 clueweb12-0207wb-99-06775 1
71 0 clueweb12-0013wb-05-09574 1
51 0 clueweb12-1704wb-53-25499 1
82 0 clueweb12-0100wb-51-24018 1
84 0 clueweb12-0013wb-01-29187 2
99 0 clueweb12-0012wb-74-13349 0
99 0 clueweb12-0002wb-26-29288 0
64 0 clueweb12-0108wb-89-12226 2
83 0 clueweb12-0001wb-98-15595 -2
93 0 clueweb12-0110wb-00-02917 0
66 0 clueweb12-1512wb-51-01557 0
54 0 clueweb12-0006wb-48-12538 1
93 0 clueweb12-0110wb-00-02920 0
52 0 clueweb12-0716wb-72-19919 0
82 0 clueweb12-0209wb-89-21282 0
97 0 clueweb12-0606wb-12-21408 0
87 0 clueweb12-0309wb-11-15818 0
70 0 clueweb12-0000wb-03-16701 0
69 0 clueweb12-0000tw-20-01740 0
54 0 clueweb12-0008wb-00-32530 0
93 0 clueweb12-0110wb-00-02916 0
82 0 clueweb12-0508wb-21-16944 0
78 0 clueweb12-0010wb-42-05559 0
88 0 clueweb12-0204wb-77-33256 0
54 0 clueweb12-0312wb-26-12406 0
88 0 clueweb12-0205wb-29-32907 1
87 0 clueweb12-0007wb-28-02150 0
97 0 clueweb12-0311wb-49-07224 2
92 0 clueweb12-0011wb-64-17454 0
51 0 clueweb12-0202wb-86-13757 0
81 0 clueweb12-0110wb-38-07223 0
88 0 clueweb12-1811wb-27-07084 0
52 0 clueweb12-0008wb-56-31328 0
94 0 clueweb12-0304wb-58-04138 0
51 0 clueweb12-0109wb-69-01859 2
96 0 clueweb12-0715wb-85-08991 1
83 0 clueweb12-0111wb-75-13393 0
87 0 clueweb12-0309wb-19-09425 0
61 0 clueweb12-0711wb-88-10998 0
88 0 clueweb12-0105wb-55-20316 0
96 0 clueweb12-1701wb-78-23021 0
75 0 clueweb12-0804wb-86-24456 0
60 0 clueweb12-0003wb-23-18005 1
89 0 clueweb12-0604wb-30-07471 0
86 0 clueweb12-1310wb-58-13093 0
86 0 clueweb12-1310wb-70-13633 0
52 0 clueweb12-1601wb-18-25121 0
61 0 clueweb12-0109wb-25-11835 0
90 0 clueweb12-0105wb-12-25835 1
90 0 clueweb12-0104wb-87-18581 3
70 0 clueweb12-1208wb-27-07395 0
79 0 clueweb12-0807wb-26-16279 -2
70 0 clueweb12-1207wb-26-03945 0
72 0 clueweb12-0702wb-63-11310 0
59 0 clueweb12-0205wb-49-04264 0
60 0 clueweb12-1910wb-26-00886 1
96 0 clueweb12-0111wb-82-09320 0
70 0 clueweb12-0100wb-62-23381 1
61 0 clueweb12-0208wb-21-34473 0
87 0 clueweb12-0004wb-44-19416 -2
54 0 clueweb12-0806wb-78-26076 0
60 0 clueweb12-1910wb-23-01479 1
90 0 clueweb12-0502wb-11-15693 0
61 0 clueweb12-0100wb-45-21568 0
94 0 clueweb12-1700tw-53-03186 0
97 0 clueweb12-0202wb-37-11850 0
65 0 clueweb12-0012wb-76-10682 1
70 0 clueweb12-0207wb-47-24794 0
90 0 clueweb12-0504wb-91-03068 1
90 0 clueweb12-0504wb-91-03069 0
90 0 clueweb12-0208wb-10-22393 0
90 0 clueweb12-0208wb-10-22395 2
59 0 clueweb12-1608wb-75-18646 3
96 0 clueweb12-0605wb-64-18396 0
84 0 clueweb12-0105wb-47-29976 0
79 0 clueweb12-1309wb-60-16631 0
80 0 clueweb12-0000wb-60-34148 0
92 0 clueweb12-0211wb-53-09574 0
55 0 clueweb12-0201wb-99-26655 0
68 0 clueweb12-1400wb-12-05797 0
88 0 clueweb12-0002wb-56-26085 1
64 0 clueweb12-1201wb-35-22793 1
56 0 clueweb12-1411wb-06-18168 0
79 0 clueweb12-0110wb-33-18718 0
87 0 clueweb12-1203wb-38-35468 -2
66 0 clueweb12-0209wb-23-16248 0
99 0 clueweb12-0010wb-02-14045 0
69 0 clueweb12-0010wb-16-14861 0
83 0 clueweb12-1501wb-19-02095 0
53 0 clueweb12-0108wb-28-20587 0
54 0 clueweb12-0308wb-09-03709 0
81 0 clueweb12-0011wb-31-00020 0
75 0 clueweb12-0905wb-98-11244 0
99 0 clueweb12-0109wb-99-23900 0
87 0 clueweb12-0307wb-27-32784 -2
78 0 clueweb12-0105wb-67-00756 -2
59 0 clueweb12-0304wb-75-00903 0
72 0 clueweb12-0300wb-82-00942 0
55 0 clueweb12-0611wb-02-15815 1
75 0 clueweb12-0604wb-76-02655 1
58 0 clueweb12-0008wb-39-31470 2
79 0 clueweb12-0203wb-45-27264 2
52 0 clueweb12-1302wb-55-02971 0
99 0 clueweb12-0007wb-65-26438 0
61 0 clueweb12-0200wb-48-00129 0
96 0 clueweb12-1306wb-02-05056 0
58 0 clueweb12-0110wb-17-25566 0
80 0 clueweb12-0203wb-24-11172 0
67 0 clueweb12-0208wb-21-34473 0
71 0 clueweb12-0409wb-02-20816 0
75 0 clueweb12-0405wb-33-30947 1
66 0 clueweb12-0209wb-16-29013 1