131 0 <urn:uuid:aad0b26f-f2ea-43e9-9b9b-49ee1879abbb> 0
131 0 <urn:uuid:e7537043-b0fd-4dde-bd26-093b05a4da8d> 0
131 0 <urn:uuid:cddb2713-1d47-4a36-ae4f-804d1adedeb0> 0
131 0 <urn:uuid:78348ae4-39a1-4b03-bc8e-30779d76c01d> 0
131 0 <urn:uuid:b63be343-ceeb-4546-a26e-b3964ea5d095> 0
131 0 <urn:uuid:b3d81a19-c303-4d42-8c9f-55684d924640> 0
131 0 <urn:uuid:577838f9-208e-4152-9830-93ad01fcfd63> 0
135 0 <urn:uuid:dcc2b525-d635-4349-901f-86492693c73f> 0
131 0 <urn:uuid:400d6f98-c5f9-49ed-8232-aca83a147bb0> 0
148 0 <urn:uuid:fb9ee42a-3710-4dec-ab77-0b2355b708ef> 0
111 0 <urn:uuid:88b8eba0-da50-402c-9e2b-1ea57e20c302> 1
131 0 <urn:uuid:1cffaffe-916a-4a2f-a685-90bef08c7693> 0
128 0 <urn:uuid:d0a181f4-144c-4dba-8b11-fff8c47a9c35> 0
149 0 <urn:uuid:73881923-d3b9-49d5-9511-6e19f8c76668> 0
129 0 <urn:uuid:06bbec3a-b902-43da-88f6-6f7db39d79d3> 0
150 0 <urn:uuid:83fbc1d2-a268-4fb0-8b3f-0f5c04905d82> 0
138 0 <urn:uuid:78285d67-363d-40b6-9a55-d9b6be617d55> 0
130 0 <urn:uuid:1396cc0e-4947-4775-a280-08b60d1edcb6> 3
130 0 <urn:uuid:153dd89e-8a0a-40eb-bec6-cf9b0e8c285d> 1
111 0 <urn:uuid:8c7664c7-43bc-4761-b65e-37f5adf9a00f> 3
130 0 <urn:uuid:91eee94e-e27f-46e4-b726-ee9b2953239e> 2
122 0 <urn:uuid:3285cf01-641a-48db-8789-cc7efae24108> 0
122 0 <urn:uuid:caf7b710-646c-43ec-bfdd-1ae5ac9d1178> 0
147 0 <urn:uuid:ee0592d2-9dd0-4669-bfe9-223fbd7a2337> 1
137 0 <urn:uuid:1502c6c7-e38c-45ed-9c86-02bfd31b75fe> 0
125 0 <urn:uuid:9cfa2159-db43-45ac-8460-82db7a20d41d> 0
148 0 <urn:uuid:1bfe8c62-9ffe-417d-854f-653f672294b5> 1
114 0 <urn:uuid:d1aef4ed-0338-46a2-abf9-17ea5d3817f2> 0
135 0 <urn:uuid:681539a4-32ef-465a-b8bf-5120257f1f2c> 0
117 0 <urn:uuid:74572b59-0845-443a-b1e8-c4605b58ebdc> 0
104 0 <urn:uuid:61501dd4-081e-4829-a14f-02f052085edd> 0
128 0 <urn:uuid:95880171-fad3-4476-8bcf-04819d14deb6> 2
125 0 <urn:uuid:a8cb32d3-3d4f-47ab-84f7-fd0a2a0453d5> 0
114 0 <urn:uuid:5ae2d48b-9a19-4760-9e49-c7e5ec26d9a0> 0
145 0 <urn:uuid:6fe760f7-8e7b-4eb2-87ae-8e0bc7b0b69d> 1
132 0 <urn:uuid:0a5de692-a263-40dc-a0f8-73be10df125f> 1
102 0 <urn:uuid:22f96644-c517-434d-baee-28a39fda2f39> 0
145 0 <urn:uuid:7c766371-b292-43df-a7e7-9da82aecd22d> 1
132 0 <urn:uuid:75086629-7a80-428e-af05-e2eabdf036da> 0
126 0 <urn:uuid:a202bbee-98a8-4f53-ae70-06f4fe9cb12e> 0
131 0 <urn:uuid:b20ebd93-a247-4b0a-a7a4-0e899300d360> 0
133 0 <urn:uuid:34174f79-4acf-455f-a26f-97e21e59bb1d> 1
130 0 <urn:uuid:a57cffb7-020c-4f80-982f-2d8e9dcfeb66> 2
121 0 <urn:uuid:a5fa15a3-5e23-4609-94e8-a8e40567d81f> 0
125 0 <urn:uuid:661276e8-001f-4639-8f94-8363d2d3dbb2> 0
108 0 <urn:uuid:4c694b70-d7f6-48f3-b20f-d51ca2b1dc4a> 1
138 0 <urn:uuid:9240a6f7-91d4-4f31-b947-d597972c6ccf> 0
130 0 <urn:uuid:f6ccfab2-6cd4-45b2-b2fa-73ca852a05e9> 2
128 0 <urn:uuid:9a7b41cb-5819-4379-a09f-fa2eb7f40b40> 0
149 0 <urn:uuid:192b2d82-d457-4769-bbda-b2d07fdf8076> 0
130 0 <urn:uuid:7499a218-eea8-4f6d-a960-28f858640877> 1
114 0 <urn:uuid:08d9a9e3-7199-4d91-b7bf-38467ed967ea> 0
134 0 <urn:uuid:ce92e2d2-f85b-4425-be9d-17f159b85731> 0
130 0 <urn:uuid:a1834e39-156a-42c7-b9d0-f32b51e7113f> 2
121 0 <urn:uuid:cc6ec114-02f8-420d-a0c3-57958d40c8e0> 0
130 0 <urn:uuid:611a4745-e9e0-4c31-baa9-804dbd0eabba> 1
145 0 <urn:uuid:be6b9b57-76d3-4a5a-8845-d569d987cf64> 1
125 0 <urn:uuid:15270105-4f0a-4e7e-8549-0ec2eccac2f1> 0
131 0 <urn:uuid:09828b90-32cc-4f26-bdd5-d29b6ead3102> 0
118 0 <urn:uuid:44d74175-bc73-4bd8-a338-8acce3805f04> 0
117 0 <urn:uuid:a8f7dbc7-cccc-4326-bf3d-33122534cb65> 2
135 0 <urn:uuid:afa1852f-7aa5-40af-a62b-8129a301cde7> 0
133 0 <urn:uuid:ed703778-e4f0-4695-9ce8-a7e25325e0a2> 0
149 0 <urn:uuid:ec55c6ca-4926-4901-bec1-1ef02ba7ce50> 0
149 0 <urn:uuid:5bae5f96-ef61-4ae8-9744-675f3bd60f24> 0
139 0 <urn:uuid:55cbed75-6ce3-410f-a267-a73ea31d836a> 0
149 0 <urn:uuid:c4a47e6d-3a03-4cbb-a6d5-4bc1c689347f> 0
131 0 <urn:uuid:564a678e-e135-497d-9e37-b3357a66ffb2> 0
116 0 <urn:uuid:04510ccb-502d-4020-ac07-1f5aa8016eee> 2
116 0 <urn:uuid:3d90bc96-6368-4fb4-9cff-b915c0cb369f> 2
142 0 <urn:uuid:fa0fdef4-3980-49b9-9354-a7f25cdafa60> 0
137 0 <urn:uuid:bb20ddc6-ca46-4b29-9fbd-50c364cee8b5> 1
137 0 <urn:uuid:bb7d466c-343b-4c7e-a016-1e8711c1432e> 0
133 0 <urn:uuid:869c91e7-07b1-492d-baad-84b2d42f7c12> 0
133 0 <urn:uuid:674b44a5-a724-446d-a84b-a4a48848b71d> 1
130 0 <urn:uuid:bc6fb595-f4ab-48d2-a710-e07042a93901> 1
130 0 <urn:uuid:144892b6-2634-4036-8ef5-cfa20a4ca3c0> 2
109 0 <urn:uuid:1ba5ac57-cb0d-4d04-b238-052ccb5f139d> 0
133 0 <urn:uuid:89d407ee-1305-4ac5-925d-3374c77beb85> 0
114 0 <urn:uuid:58ceec18-35ac-4ccf-8de4-3abb5ed29b09> 0
133 0 <urn:uuid:a7c33301-e26c-4a07-9ead-2e63e71d3e67> 1
147 0 <urn:uuid:0afc9458-306a-4ce2-ab24-dbea09e3f7f4> 2
117 0 <urn:uuid:b1378a08-6cc5-48a6-b247-bd40ebda44f2> 1
137 0 <urn:uuid:ed73ce0e-8051-46fc-96e7-0d013876aff7> 3
138 0 <urn:uuid:557b44d2-b20f-4094-8219-5d3f1181ec49> 0
129 0 <urn:uuid:3dac04c4-f4cc-4e2c-b7dc-75b2ae51a689> 0
128 0 <urn:uuid:6de36cb1-57be-4148-b1af-e88c15094867> 1
124 0 <urn:uuid:987de7ff-bf97-4451-b6bc-06b870b11be3> 0
107 0 <urn:uuid:6907f487-3879-44ed-9c01-376fa0b275df> 0
115 0 <urn:uuid:12bfb97e-9554-4fe8-9dde-356a66c23d48> 0
125 0 <urn:uuid:596944a9-909b-4639-af88-1b5ee8db62c1> 1
137 0 <urn:uuid:4d4a38f2-00e1-4d31-afb1-2925649c0674> 0
108 0 <urn:uuid:f46d1ab6-ecf8-47c1-89f7-1cadf07c135f> 0
142 0 <urn:uuid:82ebbe1b-b749-4255-9c61-0a246c8ef8b7> 0
133 0 <urn:uuid:501528e8-5874-4f34-9265-8d6a338298a2> 1
133 0 <urn:uuid:ed586769-ea98-4f2f-b98b-68ed8915005e> 0
107 0 <urn:uuid:32667644-7979-4c88-887d-fc360880b2fa> 0
133 0 <urn:uuid:1684b78f-ee1d-4205-acbc-8ed25e434d92> 0
127 0 <urn:uuid:3bbc2ee9-c250-4fb0-ad58-d7f56520cdc5> 1
145 0 <urn:uuid:3bb162d6-cf71-438a-bc3b-6220cc05f1f5> 0
118 0 <urn:uuid:10172efa-9379-4ebd-a5d4-1498fbda0af3> 0
130 0 <urn:uuid:4797e328-665a-4b37-aa6e-032facbd0255> 1
132 0 <urn:uuid:09fc74ef-7b52-4a06-95e3-d0fc7d481816> 0
125 0 <urn:uuid:b5ab7298-b42b-495b-a278-35d8cec32ad8> 0
126 0 <urn:uuid:e9915c9d-101a-4fdb-a814-d720c1a0bfcd> 0
136 0 <urn:uuid:205a0c17-44ec-4504-8096-04dd2b122702> 0
122 0 <urn:uuid:17ad3386-6d2e-45c8-8e17-e63d36b3d359> 0
134 0 <urn:uuid:5252d6ef-88f2-449f-b724-a7756293506e> 0
130 0 <urn:uuid:cf324171-7c46-482e-ab01-7c09167c3d02> 1
115 0 <urn:uuid:195ae9c6-1668-45ac-b1da-1a2b8fd94e18> 0
133 0 <urn:uuid:84dcc2de-6ddc-4e55-813e-848128619fe1> 0
111 0 <urn:uuid:0b3472ac-9a72-4b16-88ce-72963b79c725> 1
122 0 <urn:uuid:3de68a74-98f6-49c1-ad2a-4d897fcb357f> 0
147 0 <urn:uuid:b53019f8-c422-4d69-ba43-8cecf813c0b9> 0
121 0 <urn:uuid:0a90a4e3-bcab-416e-88cc-d2cddff6022f> 1
135 0 <urn:uuid:68238b27-304c-4fe3-a4d5-2361b9944d7f> 0
125 0 <urn:uuid:57b1168a-9399-4f3e-9972-667c5d6a4345> 1
118 0 <urn:uuid:a982d88f-e919-4f8d-9924-2407d12340f5> 0
114 0 <urn:uuid:82b74bee-f807-40e4-b801-551db6822a2f> 0
142 0 <urn:uuid:27ee82d6-f443-4b0c-97fb-1f718e95c6f1> 0
115 0 <urn:uuid:a740606a-eeca-4296-8830-d9cd53a1221b> 0
115 0 <urn:uuid:f6930351-e862-411d-bdb0-6227f07747e1> 0
115 0 <urn:uuid:9b68bdbe-e2c3-41d2-a02b-cafd828ce473> 0
147 0 <urn:uuid:312f94ad-9613-4023-a1c7-283d0796cee8> 2
130 0 <urn:uuid:694527d2-701b-43c8-8408-cc049ded5a36> 0
150 0 <urn:uuid:ee69e478-f0a2-4842-86d8-88a9f2294b03> 0
114 0 <urn:uuid:dc9bbb68-2361-4f8c-b228-6a676d84b144> 0
137 0 <urn:uuid:bfff8466-136a-4364-ba86-adc1227a05a7> 0
117 0 <urn:uuid:1872d1ef-1a22-4958-a6cd-dd721bf04ef5> 2
132 0 <urn:uuid:0fb99700-d3a1-4281-abfc-830f2ad43ff2> 0
115 0 <urn:uuid:c6c81e4c-a55b-442f-8ac6-e247bf841477> 0
125 0 <urn:uuid:b9bcbdc5-28bb-42fd-8f4d-9c674c99f80b> 1
120 0 <urn:uuid:c4440273-cec9-4755-a4c4-e2c5ead5e844> 0
130 0 <urn:uuid:54b53c3a-d8d7-4e7f-9a84-46f9d202b777> 3
118 0 <urn:uuid:08eadb50-f84b-475c-b81b-0428097eb5d4> 0
114 0 <urn:uuid:c703584b-15f6-4e35-9bd3-383251a03be3> 1
130 0 <urn:uuid:9485fe29-b8f8-4fb5-9a11-6d13c3bda3fc> 1
114 0 <urn:uuid:0f5972eb-8a18-42fa-a3c2-20f113647bfc> 0
110 0 <urn:uuid:984ce131-2a2e-4c57-86de-c112565641c7> 1
120 0 <urn:uuid:4c96ab1d-08d6-42e8-a493-656a7f84ac2c> 0
115 0 <urn:uuid:c7aa464a-5f2b-45bd-9e62-d171c624fdc7> 0
130 0 <urn:uuid:32776e4e-50ea-4576-88b3-4c797372feec> 1
142 0 <urn:uuid:f82c0aa3-707f-41ea-8632-0eede9c2376e> 0
115 0 <urn:uuid:43d54f6d-718e-4749-a7c1-c187a659060e> 0
132 0 <urn:uuid:ff3912d0-f370-4bec-bc5a-6d6efc05c051> 0
146 0 <urn:uuid:ab500e34-3cb9-4866-b740-cbf1a747c0d2> 0
129 0 <urn:uuid:526f7007-bdb4-4d3e-a290-87dfaeacd3b6> 0
114 0 <urn:uuid:f302ffa8-e192-4200-b9f9-81218bace99b> 1
114 0 <urn:uuid:9cf0cbc2-e984-4ffa-9fd8-18408b54f701> 0
112 0 <urn:uuid:a6d3aded-2944-4fa8-a3d4-7ac98a32b3c9> 0
110 0 <urn:uuid:5e0f0606-605b-4cb0-8e05-efd8c7614121> 1
119 0 <urn:uuid:b7653e32-454f-4db2-af2b-7bc89113dd2e> 2
138 0 <urn:uuid:2750bbd3-34c4-4419-a0dc-76ec83f1cbe6> 0
118 0 <urn:uuid:3a5790e4-fba6-4d06-9e84-906b52307b68> 0
115 0 <urn:uuid:27f2b3cf-d627-4d1e-827a-43c22d439bc9> 0
107 0 <urn:uuid:d493217e-7c86-4a14-8078-6ef490705166> 0
114 0 <urn:uuid:b7042df5-75fe-440a-bcb7-8d7f2c9019a2> 0
125 0 <urn:uuid:ed382b4f-69b5-4e51-ad94-dc1131b376ba> 0
128 0 <urn:uuid:cbf87926-5df5-4cb6-a79f-94450814b2ba> 2
112 0 <urn:uuid:37dc87e8-2b62-451f-9be2-b869a63332dc> 0
118 0 <urn:uuid:b3269831-3dc3-4308-90a7-017433b20cd0> 0
122 0 <urn:uuid:fecf4aa7-4b7d-4e8f-9578-bf3c5f059328> 0
148 0 <urn:uuid:e3d916ae-be4d-41ae-afbe-ac645de767c9> 0
142 0 <urn:uuid:3856e617-3df9-4bad-b6bf-141c765b8b30> 0
121 0 <urn:uuid:1d23f4ee-3926-4695-9b8f-89833338d809> 0
125 0 <urn:uuid:628de7d2-c20b-4f9c-8d90-d57aa4d3b008> 0
136 0 <urn:uuid:3a83000b-3fd4-4e84-9fbd-133006b25896> 0
128 0 <urn:uuid:0d4e537c-7dd9-4236-b5a1-ba17c74a7fe7> 0
146 0 <urn:uuid:3518fa50-e35d-4e90-81ea-0ce4ff4df7bc> 0
146 0 <urn:uuid:3ffcb14f-82cf-474b-bb6e-71f448341994> 0
107 0 <urn:uuid:e750dd8f-d3cc-49b7-8877-0188373aedac> 1
147 0 <urn:uuid:5e048b0c-2ba7-4f61-a12d-b1a981d69d98> 0
150 0 <urn:uuid:fc7a4b73-9075-4677-8070-b291e453c268> 0
147 0 <urn:uuid:3e4f3bd9-a3c7-40bf-bd9a-6d847c47dd69> 1
147 0 <urn:uuid:9549dca9-b4b7-4f16-b5eb-d77e2840e35c> 0
121 0 <urn:uuid:25cf458c-74c9-47e2-ac52-845635225d00> 0
144 0 <urn:uuid:96878349-8d19-435f-bc7e-50698817f8ee> 0
121 0 <urn:uuid:8ff6a79f-ade7-4088-a42f-851eda815604> 1
106 0 <urn:uuid:f6a25c7b-e817-4f72-a94a-6b74e7f34a45> 0
114 0 <urn:uuid:bac72b90-688b-406a-9240-e4146f5f18a7> 0
110 0 <urn:uuid:75bbf745-1b00-4e01-aad2-4fc51e064a1f> 0
113 0 <urn:uuid:79291b87-632e-4af8-9cd8-9ff7748116b7> 0
130 0 <urn:uuid:ed5449ab-a1a3-46fd-b5fa-d829f4ed7c86> 1
106 0 <urn:uuid:af7d0333-9d40-46ff-93c3-752b865c83a4> 0
131 0 <urn:uuid:6e91a260-2fc2-499a-b547-9328cf15e089> 0
130 0 <urn:uuid:481d12c7-82cd-4145-bc7a-f933f463657a> 1
125 0 <urn:uuid:24143ea9-a063-4e9b-9be9-1081fcf92b88> 0
103 0 <urn:uuid:20787f3a-cbc0-4ad1-8c48-e8f5dcd61d50> 0
103 0 <urn:uuid:8f00efa8-65c9-417b-8737-3d442f388a23> 0
144 0 <urn:uuid:ff1aac81-167b-4621-ab0a-bfb4a2cc1cb6> 0
103 0 <urn:uuid:26de77e5-434b-43b0-9399-2fa7a6d14639> 0
134 0 <urn:uuid:0f99ae5d-323c-4e2f-9cbb-292a024951ca> 0
133 0 <urn:uuid:e8394d54-f7c9-43be-8f5b-e43537d30f86> 1
119 0 <urn:uuid:24f0f341-5e14-4067-9ec3-202584a3a26e> 1
119 0 <urn:uuid:e75fa3ec-1111-4b91-85ff-20bcde3ef2b1> 0
144 0 <urn:uuid:c9c111e1-2b0c-4b83-9778-c08e3229db1a> 0
144 0 <urn:uuid:b86ed6a8-e692-4cc8-97a1-2ac5407e1769> 0
143 0 <urn:uuid:7d7959d3-bb77-4002-8183-06fb741da537> 0
119 0 <urn:uuid:e6e097d8-a7d0-4979-b58e-78b38010b0f1> 0
130 0 <urn:uuid:367280ed-3be6-4f6f-8ce2-fed93be7559e> 1
130 0 <urn:uuid:e8ec646a-65f6-4b30-ad8a-d12c5804d37b> 2
134 0 <urn:uuid:a90bb9ec-1ba1-4f44-9b52-8582da1eedb4> 0
126 0 <urn:uuid:7ef5387e-2fd7-49e2-9afa-3b4c537b67bf> 0
111 0 <urn:uuid:6730193f-dad3-4907-a1fb-d543aa26911c> 0
126 0 <urn:uuid:34af0147-125d-4516-a190-a455049a63c1> 0
106 0 <urn:uuid:26fe8193-de41-4d1b-8547-90dfbcfad985> 0
138 0 <urn:uuid:03cda5a4-4340-4ec0-8050-8859e7d0966c> 0
139 0 <urn:uuid:a32275ad-aa8c-44b2-9b8f-0eff1c1c686d> 0
130 0 <urn:uuid:2b1cb8fe-1c02-4885-9caa-f5a86f594f50> 0
133 0 <urn:uuid:669e9ab4-afe2-42a4-9d00-7f4e9d80970a> 1
117 0 <urn:uuid:86156f6d-be7b-4a04-bf47-39cf43aa7c74> 1
119 0 <urn:uuid:0a498db4-8114-4c2f-b7c4-89be0a4d3652> 1
117 0 <urn:uuid:aed61952-2638-4a0b-8117-4b937935d968> 1
133 0 <urn:uuid:d5bdf3ac-001f-4212-b50f-94f86cd7af2c> 0
136 0 <urn:uuid:2823bca2-0211-402d-885b-d8f8e0a61e3f> 0
118 0 <urn:uuid:a36032e9-c8b1-4988-beed-2b3371248564> 0
147 0 <urn:uuid:e03f2e7b-2ff4-467e-a7d4-fdfbdacb5a4f> 0
125 0 <urn:uuid:66eba01f-e066-4f1e-963d-db9fe8be6e86> 0
138 0 <urn:uuid:11e342d9-46d0-4d2c-8a87-ef1e197e5c63> 0
122 0 <urn:uuid:f7beb3ed-0af2-4dbe-8264-7f77e7325499> 0
125 0 <urn:uuid:f02631a2-553a-4b05-8365-00b28f00be4b> 0
114 0 <urn:uuid:dbb0aaea-7913-4c6a-af2a-f76d848fe8f5> 0
116 0 <urn:uuid:036eb349-2291-40b7-b676-9617eea65330> 3
117 0 <urn:uuid:566a0bd3-9f10-487e-ae3e-a97251079af2> 1
133 0 <urn:uuid:c7f2860c-79c1-4362-95ad-53230a2b7ff6> 0
109 0 <urn:uuid:a3591990-9eed-46b0-adad-fce724eda14e> 0
115 0 <urn:uuid:74a9ec33-b9c3-4983-9c80-389c160bd99b> 0
114 0 <urn:uuid:d810ece2-2c99-4fc2-b6e0-aa058d593446> 0
133 0 <urn:uuid:f6f30959-c355-46d3-a2df-7f5381e6f17e> 0
121 0 <urn:uuid:c357f14f-fda5-4800-b954-1d591d7e1b2e> 0
145 0 <urn:uuid:bbeb19c5-043c-4e0c-94cb-5b4052332848> 0
133 0 <urn:uuid:1e3fee3b-c4df-4eb2-871e-f3e204ab9130> 0
121 0 <urn:uuid:d1d6c16e-9303-4a3c-8ef9-bf62dbdbed83> 0
135 0 <urn:uuid:360594a9-d7e4-44ee-97c2-5aa91b666f23> 0
130 0 <urn:uuid:9c443144-b17b-4246-b049-4aa37428c311> 2
130 0 <urn:uuid:99c7b5f2-ba68-4b91-bf88-067924cec780> 3
130 0 <urn:uuid:8b61351a-6b0a-47b0-9585-968a44ea82d6> 3
130 0 <urn:uuid:77e68d89-c552-44a0-bd5c-b9046d48d195> 3
114 0 <urn:uuid:86dec0b6-c662-41c6-806b-dcca17d5b057> 0
130 0 <urn:uuid:f5e1e2d7-e100-4129-883a-4931a8132d9a> 3
130 0 <urn:uuid:c0652d93-60c0-41ce-b8d0-76bd1728bec6> 3
122 0 <urn:uuid:9f9b6a3c-3873-462c-b8d6-8c84c464c793> 0
135 0 <urn:uuid:f657cb73-9046-429b-8775-e311a2ad0524> 0
120 0 <urn:uuid:667fec11-bbc1-49f5-b475-2af99ca73b76> 0
142 0 <urn:uuid:13d7ae01-a19a-4747-86c3-4ffd6978a350> 0
141 0 <urn:uuid:f786127c-c5b7-424a-8ec8-d88e88682fcf> 0
134 0 <urn:uuid:34b5c082-3878-42ac-aafc-ef02e036025a> 0
145 0 <urn:uuid:185d4b96-1ddb-4f33-b125-603537e1fce1> 0
118 0 <urn:uuid:a178bfc9-73e2-4795-af2d-d0ae682bd462> 0
121 0 <urn:uuid:c53d44a7-bdcf-4a1a-920e-b4f773363abc> 0
135 0 <urn:uuid:7601c358-f11a-4faf-9b7f-1b17283f9e25> 0
114 0 <urn:uuid:cf25d97b-4c43-4170-aebd-606096442c9d> 0
130 0 <urn:uuid:3b485f50-7f3b-418c-9f4d-01aa245912da> 1
130 0 <urn:uuid:7cf420c7-2f63-4f87-b995-cc2054bd8d20> 1
118 0 <urn:uuid:4a25ba9c-5cb9-498f-86bd-38e3a09a04fd> 0
146 0 <urn:uuid:ad6d2241-ceb8-43a7-a3e0-7e7abd2590db> 0
110 0 <urn:uuid:d29e60a0-0b4b-4a27-a3b1-f170d7c37b6f> 0
123 0 <urn:uuid:071cbbc3-29aa-4616-81aa-57a0218c2688> 2
108 0 <urn:uuid:a3a57835-80a8-4623-9309-660cf393f7ab> 0
131 0 <urn:uuid:dda78172-e947-4d2f-8c3f-15a7f747fc3a> 0
130 0 <urn:uuid:c264159b-9eb9-45b8-9c28-ade31a4173f6> 2
102 0 <urn:uuid:c367cef7-e6b0-4688-89e2-8a42f2685b01> 0
128 0 <urn:uuid:39256c9d-e71a-4d2b-84dd-e1795b165e5d> 0
104 0 <urn:uuid:8e5f4b05-3b05-40dc-8f98-756816c8657e> 0
114 0 <urn:uuid:c854a431-0574-41cb-9157-12be61fdb381> 0
123 0 <urn:uuid:2625809e-2c34-4fd7-b277-a9a4cf54c043> 0
104 0 <urn:uuid:385860ca-df0f-49bd-9292-717549e9c8b6> 0
132 0 <urn:uuid:215a1453-46dc-40e6-9b2f-43b41b5104fe> 0
121 0 <urn:uuid:bcabdc1d-313d-4a53-aebf-e2d3d76724ba> 0
147 0 <urn:uuid:9c5c8e89-de00-4543-b7f7-4383fbb68533> 1
110 0 <urn:uuid:79085b17-03c7-4be7-8bb8-78e4938ba509> 2
124 0 <urn:uuid:d43bbdd5-b561-4659-be52-5b9fc33fe342> 0
114 0 <urn:uuid:2e4426bf-a5bc-4d92-bc4c-0475f1a1e595> 0
114 0 <urn:uuid:ac241478-4672-4b2b-80e0-498d65a6b780> 0
133 0 <urn:uuid:28d625d0-d1b8-4b4e-99d5-ec99ade173ba> 1
149 0 <urn:uuid:14b8487e-81c8-4f4d-9b1b-35bf9c96bb4e> 0
114 0 <urn:uuid:1bc6d965-2324-4734-95d2-b4b54b42a8bc> 2
114 0 <urn:uuid:5273ddc6-e53b-44ca-9fef-1d1b6041066f> 0
129 0 <urn:uuid:0ab17a75-6eb4-490b-9be0-19f6432b4a0b> 0
122 0 <urn:uuid:3fc04724-0d3f-4558-aac4-acdc03ed44c1> 0
135 0 <urn:uuid:3cc25ba1-0dce-4a07-9b41-569ee60f1cfc> 0
117 0 <urn:uuid:8271f0dc-bd01-4da2-aa83-631da0c647ee> 0
109 0 <urn:uuid:c4906f1c-e859-4eb6-9f24-661eef458376> 0
122 0 <urn:uuid:62f3070b-453f-498b-adbd-af0a22c5cd10> 0
118 0 <urn:uuid:6e4290d4-ef5c-46da-82a5-adc556cb32d9> 0
119 0 <urn:uuid:80846e3c-5b7f-471a-9a98-f3da6fdfe589> 0
122 0 <urn:uuid:abb8d106-6847-43a4-9b11-7e214627faac> 0
122 0 <urn:uuid:dec61d87-f6f1-43b7-a407-00039350d83b> 0
114 0 <urn:uuid:d9780379-1ebc-4160-b842-c816719c743e> 0
125 0 <urn:uuid:ec35cd95-b70a-492d-8dc5-3088cf87f87f> 0
115 0 <urn:uuid:4964021a-6ec0-4295-8e7e-8d20acd58661> 0
129 0 <urn:uuid:7781f42e-d514-4dcf-9934-b5c292f9e64b> 0
125 0 <urn:uuid:b6b75285-dac8-4098-80ab-848f43caee5f> 0
108 0 <urn:uuid:badcc35f-34cf-4bd9-86d4-62307461ef68> 0
129 0 <urn:uuid:2258afc5-997c-4e55-b96b-03e254b7e7bc> 0
129 0 <urn:uuid:43a57aae-257b-4e05-93be-a2898fcfbeb8> 0
145 0 <urn:uuid:34a77be2-a330-452f-94b6-5853307f92c7> 0
102 0 <urn:uuid:961a687f-3fe2-4ad3-aa9b-52b5876a8561> 0
145 0 <urn:uuid:ea3beef7-df07-4de4-98a7-1db8d64b680e> 0
145 0 <urn:uuid:2d99ccb0-e39c-4e4f-adeb-a79beac9cdb1> 1
149 0 <urn:uuid:d239f6c9-26ad-4e61-abec-8fa72ecd14db> 0
121 0 <urn:uuid:9c83ace8-659d-45ae-ac92-d76775d1f5cb> 1
137 0 <urn:uuid:6a0db652-3ff2-41c0-a2fc-911099f78294> 0
141 0 <urn:uuid:de094835-04a1-4bd3-a828-bb3cc5b85d04> 0
105 0 <urn:uuid:91a6bde5-5da7-4d49-b91d-ac3571ca58d0> 0
145 0 <urn:uuid:00fedffe-7b15-42f8-8dc2-ce19f02d6a22> 0
115 0 <urn:uuid:c4310fbb-70d7-4480-9611-dcb8e6c04922> 0
114 0 <urn:uuid:6df3a077-1f1f-4f61-b9ab-676ac93d98a6> 0
107 0 <urn:uuid:c5f0022e-c338-43a9-bb17-8823297ec4b5> 0
133 0 <urn:uuid:20663574-78a1-4b32-97e5-eace5ffa9821> 0
126 0 <urn:uuid:130b53d2-adaf-4547-8483-5fdf963cefd5> 0
129 0 <urn:uuid:c0fab32a-f210-4aa2-841f-57b20112d9e0> 0
129 0 <urn:uuid:436fa5c4-e921-4c31-a1a9-bd920d17470f> 0
148 0 <urn:uuid:3d98f9a9-34ad-4eb6-9a42-ca877d3d5183> 1
129 0 <urn:uuid:b4af177a-e622-40ab-9770-5e0ad69df785> 0
146 0 <urn:uuid:ef62858c-dc8f-4bb5-8de2-2a880b17554a> 0
122 0 <urn:uuid:bede9807-44ca-41f0-beba-ab2c1d8498cf> 0
146 0 <urn:uuid:a472be9e-5bd9-423d-b8a6-b108aabaf238> 0
117 0 <urn:uuid:91b57cfd-254a-4fed-84c8-77ed6dd9cae6> 0
112 0 <urn:uuid:5bd2f218-f72a-419d-b516-f1cc14fdb31a> 0
114 0 <urn:uuid:4c8f7d1e-17b7-4ed4-9bfe-85167d398d7c> 0
121 0 <urn:uuid:76cfd9ae-da80-4eff-9473-bfb9a7041904> 0
104 0 <urn:uuid:5ebe6e63-a4b2-461d-a192-a6e89b022fe2> 0
130 0 <urn:uuid:baab54b4-c217-4770-ae08-97c147a28565> -2
130 0 <urn:uuid:69c78032-6d9d-4a83-9c1d-6154d51a1b6b> 0
129 0 <urn:uuid:a2af3a28-16e7-4b6b-9899-5d303d880dc2> 0
129 0 <urn:uuid:c512c056-12e1-4bc2-ab54-d5ab86e82545> 0
149 0 <urn:uuid:e0a3c6df-4d26-4c58-b57a-785a8effa417> 0
119 0 <urn:uuid:f8251147-be0c-4518-b761-8bee06bfd44e> 2
130 0 <urn:uuid:0a2018f1-fc06-4c0a-9e34-8771d1ce289a> 1
133 0 <urn:uuid:019d79ea-d819-44a5-b85b-e89eeae2e78b> 0
146 0 <urn:uuid:88dffe53-e692-4052-aaeb-448a8d31c80f> 0
133 0 <urn:uuid:e536ed42-c20f-4f93-9879-2d0a06c3ecb8> 0
114 0 <urn:uuid:abb985a0-9d1e-4972-bff4-7ab95cd65c51> 0
132 0 <urn:uuid:ede6bed4-8e73-4e34-b958-ba56d522c847> 0
114 0 <urn:uuid:862d03a1-8242-4cc2-83c6-994b1f2922d3> 0
114 0 <urn:uuid:fe4eaf0f-277a-4c51-b629-06919ece5649> 0
147 0 <urn:uuid:2ee7da0a-3a94-4436-82ad-15ff62871b88> 2
148 0 <urn:uuid:95ba4824-1a45-483b-8c16-a5c7a9805c5d> 1
148 0 <urn:uuid:15719a10-0bba-4b95-aad9-811cb631af74> 2
105 0 <urn:uuid:ee9b96ca-e3fa-434e-85f1-d68250269807> 0
125 0 <urn:uuid:61a73a04-7f8b-4eff-a67b-916716b6f166> 1
146 0 <urn:uuid:edfd1740-8513-4d8d-b963-27b165e86e1b> 0
145 0 <urn:uuid:b93d4190-e3e6-4a6b-9e8f-cf083ed1b752> 0
144 0 <urn:uuid:1c7fc502-f65b-4393-89f8-0b136a703065> 0
105 0 <urn:uuid:55737d1c-f554-425c-9b96-054be54992ab> 0
128 0 <urn:uuid:ef2dac01-30b5-4f60-bb8c-b1318a51eac9> 0
114 0 <urn:uuid:cf31cb1e-cbf7-4c4d-ae80-654bef8dee09> 1
121 0 <urn:uuid:842ddb47-ad86-4298-9700-520e63c8d567> 0
121 0 <urn:uuid:00cc5980-558d-4327-b8d5-8b45b81116fe> 0
114 0 <urn:uuid:36efeac6-5de8-498c-9f63-0afe8e2ea692> 0
145 0 <urn:uuid:6fc8f2e2-9c4b-41a9-8c8a-29d3ac90f27a> 0
150 0 <urn:uuid:e479f38c-eb5c-4bba-a734-e58be74fc30c> 0
114 0 <urn:uuid:4db99c48-9035-46c4-9136-33846a66de43> 2
128 0 <urn:uuid:6d80e14f-b5ea-4451-952b-f9cf956fce12> 0
119 0 <urn:uuid:3c584142-29f7-4404-b1d4-de80d05a0376> 0
108 0 <urn:uuid:d0f3e398-7279-4f35-b626-c37932be31b7> 0
133 0 <urn:uuid:44b1fe06-20b9-4806-b823-05cbe1441c57> 0
111 0 <urn:uuid:0ba55b0c-cb78-4ebc-aeda-aa2bd4a0cb7c> 1
125 0 <urn:uuid:6f6005a2-b68e-4f76-b182-3b34b07b6c76> 1
103 0 <urn:uuid:150d72de-ff0b-4cee-ae33-e3563f64146c> 0
145 0 <urn:uuid:ecc2e082-2c96-4b17-9589-916a02f32280> 0
103 0 <urn:uuid:e525565e-b124-40ea-b0be-3c2c61c12cb3> 0
126 0 <urn:uuid:8e0d06ff-9031-4dd7-9607-05027e749eef> 0
137 0 <urn:uuid:23837fe5-b5d6-4588-aa10-30ace26fc7a4> 0
108 0 <urn:uuid:389f8fac-c396-495b-bb73-7dbca8bfdca6> 0
144 0 <urn:uuid:cf9c8fcc-7764-486c-bc74-fc0131cb841c> 1
147 0 <urn:uuid:55db0dab-f07e-4504-a154-2af7b5827a45> 2
144 0 <urn:uuid:00bd12bc-667c-43e6-832c-0eb335af7d60> 0
103 0 <urn:uuid:7975944a-53c2-484c-b0b9-fa7b1c412761> 0
147 0 <urn:uuid:2ef520c1-594a-4d85-aa8c-0a99e48d81f2> 1
146 0 <urn:uuid:077c4972-84e4-46a9-a63e-4854968de1f1> 0
144 0 <urn:uuid:ec2356c1-adcd-49ea-be9e-816c7f04c4b1> 0
144 0 <urn:uuid:23403682-093f-4b47-8a77-f5450c97fc1e> 0
144 0 <urn:uuid:074cee31-a31b-41d1-81aa-e1470fdf2802> 0
144 0 <urn:uuid:186c3a68-5c42-401a-89a3-ebce248d0d89> 0
144 0 <urn:uuid:12f35a5f-605e-4ad8-8b9e-602f9ee62f89> 0
145 0 <urn:uuid:54807390-007a-4f26-b210-6338c7778d79> 0
133 0 <urn:uuid:4851a072-9e5d-431b-9bd9-d8e293232fef> 0
111 0 <urn:uuid:3af85ce0-1c56-4e6d-b552-344a1a1b6700> 0
127 0 <urn:uuid:d9915b93-b2f5-4607-9b39-e6adc1469c43> 0
144 0 <urn:uuid:df208c30-9bbd-4293-86c4-f80e92fd9b84> 1
108 0 <urn:uuid:daedfcba-0a1f-4270-8c2b-20bd546d0714> 0
103 0 <urn:uuid:37e0ac2f-e26f-45d5-8436-c975e6b8a944> 1
118 0 <urn:uuid:7ff15d33-3876-4ac9-9ae1-341828829329> 0
130 0 <urn:uuid:86420d09-bd30-4686-9381-b767cc23d1c9> 1
132 0 <urn:uuid:847ad5ae-df9f-46ea-add4-88f23e399d7a> 0
118 0 <urn:uuid:8860813a-574d-49d4-aa2a-18448374b1d2> 0
119 0 <urn:uuid:a5a299dc-60b4-4689-b06c-54d589e936cb> 1
114 0 <urn:uuid:e1ef6309-4308-418b-9746-0863af9e15a8> 1
133 0 <urn:uuid:0839a2a2-08f7-4611-849f-5dd9eecdea80> 1
130 0 <urn:uuid:27d5c54c-5ee0-4113-8d4d-f6917a20c700> 1
130 0 <urn:uuid:b96fcaff-1036-435e-92db-cbf5c453697d> 1
126 0 <urn:uuid:7826c1d2-e32a-4360-af77-cc248b15656d> 0
136 0 <urn:uuid:560dfb0e-9844-4898-acab-258a2bd03829> 0
132 0 <urn:uuid:37baed1e-e75b-40de-9b2c-c228077f6e70> 0
132 0 <urn:uuid:3ba97c5f-bec4-499a-bd75-698716db5f5e> 0
134 0 <urn:uuid:5de9190e-a63e-4a82-8037-85f65ba72665> 0
132 0 <urn:uuid:e37c1499-61e0-4ca4-acd3-00b362f0dbff> 0
132 0 <urn:uuid:e2bbb997-5905-43e5-891a-79330b9bfa9b> 0
132 0 <urn:uuid:eb2ce2c9-5af5-4f13-b19b-346d4f842eca> 2
132 0 <urn:uuid:3cdde5dd-4067-4f93-8c78-0f831e3fa84e> 2
132 0 <urn:uuid:b6b60462-0e65-4496-a1bf-aace06f763ad> 0
132 0 <urn:uuid:c39169d4-9392-45ac-bf19-cc42d5f50c10> 0
136 0 <urn:uuid:c8126c98-1cd8-4a4b-9673-06cadc1b9e2a> 0
132 0 <urn:uuid:7c8d4f10-8d12-4ff7-aa9b-2fca33decc77> 0
107 0 <urn:uuid:98ccb706-e186-40a5-94a3-1be461d366f2> 0
132 0 <urn:uuid:1069080a-0a24-4542-b295-e0da50d6e5fa> 0
132 0 <urn:uuid:8631d352-07b7-4353-81f0-614938f52a60> 0
133 0 <urn:uuid:c3084a1d-1aed-48c7-ab3a-c33fc40edfe6> 1
118 0 <urn:uuid:99c53498-8bc3-44d1-9850-6417dc6df5bf> 0
114 0 <urn:uuid:39f18419-6793-4090-8794-10a8e79b0441> 0
126 0 <urn:uuid:782c92e2-5ef3-44f6-a659-75f99bd55f8d> 0
120 0 <urn:uuid:7228ff26-1b98-4916-aea3-078a0e2877ba> 0
148 0 <urn:uuid:01660e32-928e-43e5-b355-4590beadb188> 1
102 0 <urn:uuid:0950f9c9-f383-4a52-8bde-6be559cf702f> 0
117 0 <urn:uuid:84e717fb-eff6-4f9a-912a-d1fe9a4bb2f0> 0
135 0 <urn:uuid:474d05a8-6255-42df-ae98-e9f89861df4a> 0
136 0 <urn:uuid:85d1dc1d-b592-427e-8fd2-f5bcde879f62> 0
136 0 <urn:uuid:3ce37416-b4cb-4a62-8ee1-34fe0912b34f> 0
130 0 <urn:uuid:543e2483-29e9-4fd8-b892-3066ef8b624e> 1
102 0 <urn:uuid:9df238f9-0e30-4be6-bfb3-61c4471f6a9a> 0
104 0 <urn:uuid:6f637eea-eafa-4610-a757-4167e007cb85> 2
133 0 <urn:uuid:afaa8d7a-7cb0-43d1-9c39-46ca0f215091> 0
133 0 <urn:uuid:76c6095a-064e-484e-8dc2-b8a9858fd878> 0
114 0 <urn:uuid:94e096be-1c15-471e-a6e5-14cbb235de1e> 0
124 0 <urn:uuid:3240e5f4-e5e4-4e4b-b003-5e4217213f0b> 0
138 0 <urn:uuid:c5de0f60-2489-47fc-a60a-b3c0891390c7> 0
134 0 <urn:uuid:8ab52e7c-b43c-469e-9be9-e819fdbdc3d5> 0
126 0 <urn:uuid:573e00a7-9035-484c-9e88-0720f6d52556> 0
106 0 <urn:uuid:e5a64bdc-1a07-4d88-9e40-73143ded3d30> 0
135 0 <urn:uuid:b821a402-763d-4eec-bce4-0f7784699b07> 0
130 0 <urn:uuid:7105069f-6ad4-431a-976b-a8f51b528e3a> 0
129 0 <urn:uuid:e196a494-536b-4151-a761-39c5872b4688> 0
117 0 <urn:uuid:1297f8ca-ae94-4c33-acc5-3cd5ad5925a1> 0
128 0 <urn:uuid:53f86610-230f-4c8e-b265-46a6a20cbe96> 2
114 0 <urn:uuid:ca8b9fd9-2b0a-4bc0-930b-0dc692c22f53> 0
107 0 <urn:uuid:4793212e-d639-4122-b359-5fcf35ef0b72> 0
118 0 <urn:uuid:2e8255f9-95b0-4542-a546-7cfaeaba211e> 0
118 0 <urn:uuid:6afe4227-2df1-4240-aa26-c62bdfaa4374> 0
118 0 <urn:uuid:637b63c0-571f-43ed-ab61-7bda8475c769> 0
118 0 <urn:uuid:50af2044-2e07-42aa-a800-b8a0b1f610f6> 1
133 0 <urn:uuid:1a56745b-a102-4122-85a6-aae333ccad27> 0
106 0 <urn:uuid:d30fe41f-4920-408d-9013-3a5cdb993e03> 0
132 0 <urn:uuid:c411a1ce-6f12-4011-b6c8-cfbf17104a4d> 0
131 0 <urn:uuid:87fdf9cd-ccdb-49b8-a823-5ed7165fcd02> 0
130 0 <urn:uuid:e070e476-a403-45a7-89c0-272b208a2150> 0
118 0 <urn:uuid:496c1050-fa47-4725-8d83-2b6cb0479ab2> 0
128 0 <urn:uuid:b59c8f97-e88c-4bda-8dcb-8d320e8d7f7c> 0
139 0 <urn:uuid:5c47cc53-1bed-45cc-ac56-d5e5f78b0487> 0
130 0 <urn:uuid:4b080aa6-2151-4941-96fe-18c6cef8b7bd> 1
135 0 <urn:uuid:7e484dd8-39c0-436b-aaf4-3790f3fceb7c> 0
122 0 <urn:uuid:ecaaa252-569f-4ded-b323-99e2cc6dcec6> 0
122 0 <urn:uuid:13d31fec-5e5f-432a-b87d-32a34c415aea> 0
122 0 <urn:uuid:fd478bc6-6df7-483d-8d47-aaf9c9225ecf> 0
146 0 <urn:uuid:bbb138f5-3bb8-44db-bf29-41c1e3de0ec7> 0
133 0 <urn:uuid:09828b90-32cc-4f26-bdd5-d29b6ead3102> 0
136 0 <urn:uuid:b0184974-1de0-462f-9f01-5cc6039006c5> 0
130 0 <urn:uuid:492a576f-df38-439e-81da-9905db6156b8> 3
138 0 <urn:uuid:69795b97-3686-465a-b99a-f4aba7c457c1> 0
118 0 <urn:uuid:d3a7f829-1c89-4bd0-9b79-1f874b79ac6b> 0
128 0 <urn:uuid:1c1b9173-fe19-4b30-987d-ea3a860c8059> 0
123 0 <urn:uuid:2f25c78c-345c-4651-a752-1f17ed12229b> 2
126 0 <urn:uuid:d373d8a4-1ce9-40ee-9f1e-5511dfb4a758> 0
138 0 <urn:uuid:3b9946b7-1d52-41be-ad51-ab38ffb437c6> 0
135 0 <urn:uuid:d17e894c-2a78-43c4-9440-039f9392af05> 0
131 0 <urn:uuid:0afa9aeb-f95d-47b6-8eae-57654b8bab4b> 0
114 0 <urn:uuid:18fff2fb-b8e3-411b-a5f3-65d75b4c00b2> 1
139 0 <urn:uuid:0cd539e3-36c9-4057-9156-6da602c908ce> 0
111 0 <urn:uuid:928289d6-bf6b-4927-b5d1-db081888bee8> 0
132 0 <urn:uuid:778bdbeb-1eaa-4273-8668-2d20d50db80a> 0
114 0 <urn:uuid:5c4e3660-0a15-4166-bcad-3108d5af15a2> 0
102 0 <urn:uuid:361bef3a-eb5f-45e0-a0b2-d695e0183747> 0
130 0 <urn:uuid:610e4869-c428-4295-b515-899bede216f0> 3
125 0 <urn:uuid:639fa616-fb3c-4fec-bab0-cf89685b7f75> 1
143 0 <urn:uuid:500a0be5-1993-4846-a3d9-562bfbb032d9> 0
136 0 <urn:uuid:1641914e-5609-4497-a73a-24c1f334505a> 0
135 0 <urn:uuid:4a069acc-ab9f-4628-8023-7dd43c15c4a2> 0
133 0 <urn:uuid:852d8fad-3cec-469d-b1ee-38ad0b01b273> 0
116 0 <urn:uuid:0f18eec8-7484-40eb-851f-ae9d61c049ac> 2
131 0 <urn:uuid:0950364d-691f-48fd-8ce1-6285f3e0a469> 0
130 0 <urn:uuid:cfdc90ff-1f11-48b4-84da-a7eac4e962cc> 1
129 0 <urn:uuid:5d35a72c-9bdc-4437-ad30-bf1892c725ba> 0
128 0 <urn:uuid:8f2b64c6-228f-4f91-b55d-6e28a7e4cc2c> 0
108 0 <urn:uuid:cc55455f-2886-4c15-b864-e992ffb81d65> 0
131 0 <urn:uuid:bb76dfe8-7862-41af-bc22-409c64a9e872> 0
148 0 <urn:uuid:d655f175-0c22-4fa7-93fc-679f03737618> 0
148 0 <urn:uuid:392bbcb0-8b5d-489b-bb50-d318dd5cfeca> 2
133 0 <urn:uuid:af964b04-dd5c-461f-b3e7-92ec5daf7f53> 1
114 0 <urn:uuid:bab58189-2fb1-4ce5-9ed8-30e2c14f0fc6> 0
116 0 <urn:uuid:335d0a75-a700-4ccd-abd7-3c5c487a78ea> 2
116 0 <urn:uuid:6124e245-2042-41d9-83aa-0537aace8a04> 2
104 0 <urn:uuid:1e164d42-1250-4ca1-8162-8ee9f84ae69a> 0
119 0 <urn:uuid:cdf55ed7-f30a-43a9-96d8-6b725a5df1aa> 1
146 0 <urn:uuid:f55cc21f-d0c9-4cd8-b92a-b70e8d6c7f2b> 0
123 0 <urn:uuid:29994a49-9519-4fa0-a8ac-52d7ea1cb049> 0
149 0 <urn:uuid:23d7cb77-66e3-4ec1-8b64-d4a7366c0aa3> 0
129 0 <urn:uuid:2b4b6cfe-402d-46f4-b074-e1ecbc0f4b1c> 0
149 0 <urn:uuid:0ccdcbd1-5d30-4b07-ab0d-39a8593d71d1> 0
109 0 <urn:uuid:8ff8204e-7902-4bb7-9567-be929719b351> 0
106 0 <urn:uuid:a8c1c2c9-094b-4cbd-9f8d-73ff89e90c7c> 0
133 0 <urn:uuid:55d94aef-0d81-4c9d-a0a4-f4e393a4546f> 1
130 0 <urn:uuid:747766a6-2432-4f88-a820-8fd05880ee3a> 0
145 0 <urn:uuid:a4743d5f-c6dc-4817-b465-6e9ddec09972> 0
111 0 <urn:uuid:bedf420e-5178-4c77-8d7b-d7c16245d600> 3
144 0 <urn:uuid:3b1b27c6-2b85-4af0-91e3-f96485777363> 0
135 0 <urn:uuid:3b0cab75-4039-4a5b-a52f-8ce7a7b11f7d> 0
111 0 <urn:uuid:ab15b803-6b62-41f9-8cac-9f221b585cba> 0
126 0 <urn:uuid:6f587cae-8b6e-4d05-8179-f84e914efff1> 1
121 0 <urn:uuid:74ece765-9b83-42fe-a811-896e4840f4bd> 1
115 0 <urn:uuid:88e5d193-b9d8-4e6f-b816-61ce2a62190d> 0
133 0 <urn:uuid:24f01437-cf6e-4a14-ab5d-6a338328484f> 1
106 0 <urn:uuid:f9ee84d6-1e33-4c40-9926-dff55a2940bf> 0
115 0 <urn:uuid:5b2cba98-f92e-4d4c-a138-c471f208a086> 0
115 0 <urn:uuid:6e272408-f019-4786-82e4-0c9985d59fdf> 0
115 0 <urn:uuid:a5a12f13-b34b-4d31-9b79-733bb7b3732c> 0
139 0 <urn:uuid:f1998749-cbe3-45e8-9649-302b55948a93> 0
149 0 <urn:uuid:da5b7989-999b-4b42-99d6-d215166f7663> 0
144 0 <urn:uuid:a1bac0ce-26b4-4855-82f3-8bb73e2d775c> 0
134 0 <urn:uuid:47b66d8a-61c2-4ee5-9a6a-241e0713ee0e> 0
147 0 <urn:uuid:f0bc210c-0edb-473d-9390-d517c223ed48> 1
114 0 <urn:uuid:e4b0657a-c6d5-4d0b-964d-5a8131841403> 0
131 0 <urn:uuid:0d87d777-f9a9-4225-adc7-67175bfc1968> 0
111 0 <urn:uuid:d8d62e3b-37dc-4a9b-9b41-58b32219bce2> 2
104 0 <urn:uuid:6c5be97a-31ed-4813-a1de-b92a829414f8> 0
133 0 <urn:uuid:d3d4537d-8f3b-43a6-9a39-f42316b16684> 1
121 0 <urn:uuid:456b8544-ad70-4384-9a22-3263479f7339> 0
146 0 <urn:uuid:dabf75b9-983d-4aaf-b1fa-496f41b14803> 0
133 0 <urn:uuid:cdc4a633-7860-412e-9683-92344767b147> 0
135 0 <urn:uuid:8a356f1d-3401-42d7-a846-ea0aeb6f1323> 0
114 0 <urn:uuid:4033bdb6-b66e-4bc4-abf4-329eb3821ee7> 0
139 0 <urn:uuid:5b9bc0fe-a8c3-4c19-af72-bf4a25b79124> 0
125 0 <urn:uuid:1f8f3aa8-b626-41d1-ae3e-5f65b2af4fc4> 0
135 0 <urn:uuid:2832bda1-9fa1-4110-b9ac-cd3fe6fcbd11> 0
133 0 <urn:uuid:0d31b5cc-25f2-4e40-967f-785a9c7b51ab> 1
130 0 <urn:uuid:95dc262f-1d57-43e0-8b48-3a7a63e5035e> 0
129 0 <urn:uuid:3b73a554-c80c-4d2e-9767-7b2a6795465a> 0
119 0 <urn:uuid:00ed9910-b52b-49ab-8e25-11b4d471cd9f> 0
146 0 <urn:uuid:fedfb8b2-4962-4478-996e-7df39c759a13> 0
145 0 <urn:uuid:2d95d50d-6b8e-4a21-b91f-0df758aa3939> 0