154 0 clueweb12-1404wb-78-06109 0
151 0 clueweb12-0814wb-98-09806 0
151 0 clueweb12-0816wb-32-17231 0
196 0 clueweb12-0008wb-49-24804 1
181 0 clueweb12-1807wb-06-09670 0
181 0 clueweb12-1807wb-15-18921 0
181 0 clueweb12-1807wb-18-23262 0
153 0 <urn:uuid:d4b3a5ae-23f8-4369-9f88-5310d8915976> 0
192 0 clueweb12-0208wb-41-16222 -2
196 0 <urn:uuid:0f444c71-066f-4994-a8e2-d1bc75ee409d> 1
199 0 clueweb12-1416wb-02-10382 0
165 0 clueweb12-0211wb-04-05066 3
172 0 <urn:uuid:f4813afd-810b-454c-806c-8826b281238b> 0
154 0 <urn:uuid:ee6508af-d76e-41fc-866f-6791f71c4f4b> 0
180 0 clueweb12-1009wb-21-04575 0
170 0 <urn:uuid:304f8bda-1f15-4a3b-87da-74928ee67315> 0
164 0 <urn:uuid:528e50ab-3493-47ef-a1af-964e85e4bd43> 0
183 0 clueweb12-0110wb-00-31758 0
175 0 clueweb12-0001wb-43-15377 0
186 0 clueweb12-1006wb-69-12352 0
156 0 <urn:uuid:30d8b6fa-38e8-47e5-b6c6-f07268ebbf3c> 0
194 0 clueweb12-0207wb-28-07945 1
166 0 clueweb12-0109wb-16-26224 0
173 0 clueweb12-0512wb-57-14683 1
171 0 clueweb12-0104wb-41-19526 0
188 0 <urn:uuid:adad1745-0466-4f64-b912-1765fa0a19f7> 0
176 0 <urn:uuid:c309f619-8761-439f-9e4c-01a1f5805eb8> 0
169 0 <urn:uuid:e926c53e-0ff9-4395-89a4-218cfd2469fe> 1
183 0 clueweb12-0103wb-21-15542 0
154 0 clueweb12-0002wb-30-17579 0
175 0 <urn:uuid:37b7c6e2-35e8-4430-91df-0332bc46c23b> 0
154 0 clueweb12-0201wb-81-12264 0
155 0 clueweb12-0205wb-09-33955 0
174 0 clueweb12-0209wb-78-32877 0
185 0 clueweb12-0203wb-97-02923 -2
174 0 clueweb12-0509wb-70-05030 0
180 0 clueweb12-1807wb-07-11054 3
182 0 clueweb12-0209wb-79-19176 1
154 0 <urn:uuid:3cafdc8e-43fa-4c21-bcb4-36ad497c3d52> 2
173 0 <urn:uuid:ca8d080d-1e4b-42dd-b7b9-1a99490887a2> 1
179 0 clueweb12-0809wb-09-10604 0
168 0 clueweb12-1210wb-28-17987 0
163 0 <urn:uuid:cd6294f6-78f0-4c1d-b067-510a21c4cde7> 0
155 0 clueweb12-0102wb-66-00732 4
169 0 clueweb12-0100wb-97-14236 0
191 0 clueweb12-0103wb-50-11028 0
183 0 <urn:uuid:77242def-e3f3-4a13-9e27-745d1c17e530> 0
192 0 clueweb12-0111wb-65-30238 0
181 0 clueweb12-0501wb-84-23853 0
179 0 clueweb12-0505wb-26-18385 0
184 0 clueweb12-0108wb-89-05374 0
180 0 clueweb12-1200wb-46-13039 0
183 0 clueweb12-0011wb-29-27005 0
187 0 <urn:uuid:42fafc6a-48c1-481b-a291-16aad8bee98c> 0
159 0 clueweb12-1814wb-37-09629 2
185 0 <urn:uuid:387f9c63-f30d-4ef3-bde3-182f34222627> 1
171 0 <urn:uuid:44c53e83-0425-4a26-b291-fae02df9385d> 0
185 0 clueweb12-0107wb-80-31026 1
168 0 clueweb12-0107wb-09-09026 0
181 0 clueweb12-0502wb-77-28003 1
185 0 clueweb12-0107wb-80-31033 1
197 0 clueweb12-0714wb-21-19678 2
189 0 clueweb12-1516wb-74-16444 0
151 0 clueweb12-1105wb-65-12169 4
192 0 <urn:uuid:5df44281-ad20-494e-a7b0-6668a118e9c2> 0
163 0 <urn:uuid:162d7c94-44ad-4aaa-b414-080da5a1a106> 0
174 0 clueweb12-0003wb-97-35620 0
176 0 <urn:uuid:4e0dcc95-cecc-4ac1-b941-bcdc0f8dd706> 0
160 0 clueweb12-0105wb-26-02575 0
181 0 clueweb12-1807wb-18-23261 0
200 0 clueweb12-0009wb-44-11843 0
181 0 clueweb12-1807wb-36-30425 0
154 0 clueweb12-0205wb-49-17523 0
200 0 clueweb12-0009wb-02-02252 0
189 0 clueweb12-1516wb-78-02620 0
155 0 clueweb12-0111wb-46-15345 0
155 0 clueweb12-0110wb-46-01672 0
183 0 <urn:uuid:aeb3f1f5-f29a-4284-ba20-6a2bddd76869> 0
189 0 clueweb12-1516wb-84-21513 0
180 0 clueweb12-1010wb-45-07252 0
169 0 clueweb12-0300wb-21-01753 0
194 0 clueweb12-0009wb-43-21760 0
167 0 clueweb12-0111wb-43-16123 0
176 0 <urn:uuid:f332c055-eea2-4651-a5d9-bc9c29e6cc83> 0
197 0 clueweb12-0304wb-72-04022 1
164 0 <urn:uuid:3824fcb1-7b93-4ad5-955c-71aaab023c33> 4
174 0 clueweb12-1611wb-54-00672 0
192 0 clueweb12-0112wb-59-23137 1
161 0 clueweb12-1401wb-80-17256 0
167 0 <urn:uuid:8f613dac-807c-4d99-98e0-f0102b9061cd> 0
194 0 clueweb12-0209wb-18-11598 0
182 0 clueweb12-0305wb-87-17321 1
168 0 clueweb12-1810wb-65-09246 0
166 0 clueweb12-0900wb-15-26896 0
165 0 clueweb12-0310wb-49-14974 0
169 0 clueweb12-0205wb-99-30144 0
189 0 clueweb12-1009wb-71-18333 0
184 0 <urn:uuid:267158b7-de97-4c51-9539-528ac244ce98> 0
178 0 clueweb12-0200wb-73-15133 4
166 0 clueweb12-0209wb-22-31946 0
154 0 clueweb12-0106wb-00-26348 0
154 0 <urn:uuid:ce8d5bf2-7586-4e7f-aeda-a8b8a07fddc3> 0
184 0 <urn:uuid:1feca89b-fff7-425e-9a49-12dcb214a8f1> 0
174 0 <urn:uuid:13d491d7-8ff8-4232-8c5e-eb19c4760afe> 0
185 0 clueweb12-0106wb-40-03635 0
160 0 clueweb12-0300wb-94-31756 0
194 0 clueweb12-0013wb-53-26796 0
153 0 <urn:uuid:9b7f6336-bc03-48b3-b905-c30211e1a759> 1
153 0 <urn:uuid:fee09239-9974-4504-92cb-310ed8bbd521> 1
182 0 <urn:uuid:ef076eed-8e70-434b-a9ed-f8459210985e> 3
177 0 clueweb12-1910wb-18-26206 0
185 0 clueweb12-0104wb-93-06926 0
195 0 clueweb12-0200wb-26-21898 0
151 0 clueweb12-0200wb-42-32296 1
174 0 clueweb12-0108wb-13-25493 0
184 0 clueweb12-0006wb-17-11986 0
196 0 clueweb12-0508wb-88-11843 1
153 0 clueweb12-0209wb-15-32969 4
182 0 clueweb12-0210wb-96-11106 1
182 0 clueweb12-0210wb-96-11110 1
153 0 <urn:uuid:aaac7f32-2d24-4cb6-8634-e05d8bac768d> 1
197 0 <urn:uuid:1f70373d-1166-457c-ae78-c79a1970c723> 0
155 0 <urn:uuid:37784878-8fc5-404d-81f4-a87a8080d1b1> 4
183 0 clueweb12-0204wb-33-29889 0
153 0 clueweb12-0209wb-15-32970 1
163 0 clueweb12-1207wb-33-06770 1
168 0 clueweb12-0111wb-11-03952 0
151 0 clueweb12-0001wb-03-18832 1
181 0 <urn:uuid:6f45a3b7-74d5-4806-becb-2019322d7423> 0
163 0 clueweb12-1610wb-86-14540 0
151 0 clueweb12-0008wb-60-10145 1
153 0 clueweb12-0209wb-07-30392 0
196 0 clueweb12-0306wb-54-09729 1
192 0 <urn:uuid:876db270-5d1e-4a97-809c-0fe6d213b6ab> 0
153 0 clueweb12-0606wb-81-07667 1
154 0 <urn:uuid:02e26000-3c03-4dc1-b550-4afdd0a904a4> 0
153 0 clueweb12-0008wb-63-02344 1
153 0 clueweb12-0608wb-64-04716 0
153 0 clueweb12-0006wb-66-02429 0
151 0 clueweb12-0008wb-53-18131 4
151 0 clueweb12-0008wb-11-10354 1
168 0 clueweb12-0605wb-48-15176 0
189 0 clueweb12-1412wb-91-23724 0
160 0 clueweb12-0200wb-44-25468 0
193 0 <urn:uuid:47badc86-9417-430d-ae20-82d9bb7d620b> 0
196 0 clueweb12-0406wb-86-01365 0
188 0 clueweb12-1805wb-98-13567 0
194 0 clueweb12-0205wb-10-20640 0
184 0 <urn:uuid:bc01d6d8-69c3-4e3c-95d6-9a6148c3c146> 4
174 0 clueweb12-0208wb-90-29028 0
192 0 clueweb12-0905wb-66-14410 0
182 0 clueweb12-0702wb-87-16498 0
167 0 <urn:uuid:1ce493ab-b73d-4fb3-bb52-d3b717890556> 2
151 0 clueweb12-0402wb-41-06648 0
199 0 clueweb12-0013wb-33-05904 4
175 0 clueweb12-0506wb-30-15040 2
199 0 clueweb12-0902wb-01-13349 1
199 0 clueweb12-0000wb-41-05430 0
156 0 clueweb12-0804wb-10-22406 0
184 0 clueweb12-0308wb-23-14864 0
172 0 <urn:uuid:f5ed9537-4097-44bb-98a2-6e543e485c59> 0
181 0 clueweb12-0905wb-09-09225 0
172 0 clueweb12-0203wb-39-27232 0
176 0 clueweb12-0107wb-57-27511 0
165 0 clueweb12-0110wb-80-18784 0
197 0 clueweb12-0911wb-82-16859 0
185 0 clueweb12-0111wb-79-32723 -2
159 0 clueweb12-1900wb-21-09835 0
200 0 clueweb12-0602wb-88-23615 0
172 0 <urn:uuid:8b44ac01-e5d7-4f0d-b5fe-d95b80a895df> 0
185 0 clueweb12-0200wb-98-06892 0
169 0 clueweb12-0105wb-37-26616 1
188 0 clueweb12-0200wb-63-08387 0
181 0 clueweb12-1216wb-41-12284 1
151 0 clueweb12-0209wb-26-09705 4
162 0 clueweb12-0104wb-57-12612 0
156 0 clueweb12-1616wb-70-18084 0
165 0 clueweb12-0111wb-28-21390 3
165 0 clueweb12-0111wb-47-13149 3
160 0 clueweb12-0200wb-72-16144 0
165 0 <urn:uuid:36a49ce6-2343-4e19-8ba1-be9923044015> 0
182 0 clueweb12-0302wb-61-30288 -2
172 0 <urn:uuid:3b28b959-fdbb-4a98-b470-94cf73082e7f> 0
151 0 clueweb12-0805wb-36-08961 0
175 0 clueweb12-0408wb-71-18155 4
182 0 clueweb12-0210wb-67-24093 -2
197 0 clueweb12-0105wb-85-11213 1
181 0 <urn:uuid:d70cc91a-b189-4364-9dc1-b172c8b97536> 0
158 0 <urn:uuid:85aeffcd-dd13-4368-b303-15c0b1b28e53> 0
181 0 clueweb12-0210wb-81-21240 0
174 0 clueweb12-1306wb-08-07617 0
179 0 clueweb12-1814wb-82-17070 -2
159 0 clueweb12-1615wb-14-17604 0
191 0 clueweb12-0107wb-45-28083 0
164 0 <urn:uuid:9e993d68-4c46-4690-84d2-6f3d821334ad> 0
152 0 clueweb12-0404wb-62-09985 0
172 0 <urn:uuid:dc8ed60c-3fcb-4dff-b3ea-d7c014f4988f> 1
177 0 clueweb12-0306wb-66-23473 0
195 0 clueweb12-1020wb-56-19395 0
162 0 clueweb12-0001wb-32-11856 0
177 0 clueweb12-0306wb-66-23466 0
165 0 clueweb12-0203wb-69-30931 0
165 0 <urn:uuid:d865d5b8-4489-46cb-961a-df25f33a71b1> 0
172 0 clueweb12-0205wb-08-13130 1
174 0 clueweb12-1101wb-30-04641 0
154 0 clueweb12-0311wb-71-08807 0
177 0 clueweb12-0207wb-92-27144 1
154 0 clueweb12-1211wb-03-30139 4
195 0 <urn:uuid:36620fa0-65af-435c-b58a-6bcaad362341> 0
162 0 clueweb12-1800wb-88-12138 2
168 0 clueweb12-0105wb-80-05115 0
170 0 clueweb12-0205wb-65-20039 0
172 0 clueweb12-0209wb-08-07976 0
199 0 clueweb12-0110wb-56-08627 1
175 0 <urn:uuid:0b9773b0-d2f8-4d4e-b0a3-db5ed4b7b37a> 0
163 0 clueweb12-1712wb-53-13059 0
175 0 clueweb12-0008wb-41-20770 1
184 0 clueweb12-0200wb-25-33639 4
165 0 clueweb12-0004wb-07-26996 0
169 0 clueweb12-0011wb-38-19368 0
181 0 clueweb12-0107wb-94-24290 0
157 0 clueweb12-0211wb-33-12496 0
171 0 <urn:uuid:0345c659-a07b-4481-b177-30718178a784> 0
165 0 clueweb12-0003wb-28-15767 0
165 0 clueweb12-0003wb-68-03230 2
166 0 <urn:uuid:a598b362-14a8-4718-b8fe-58c639885d35> 0
162 0 clueweb12-0109wb-02-28409 0
197 0 clueweb12-0012wb-29-06640 4
182 0 clueweb12-0005wb-31-25519 4
160 0 clueweb12-0200wb-52-30526 0
160 0 clueweb12-0202wb-35-02656 0
182 0 clueweb12-0211wb-35-02308 0
182 0 clueweb12-0211wb-42-18928 1
182 0 clueweb12-0210wb-15-31427 0
182 0 clueweb12-0210wb-15-31426 0
182 0 clueweb12-0210wb-10-01259 1
184 0 clueweb12-0204wb-26-15317 0
164 0 <urn:uuid:dc19f5a9-fe5a-4083-be64-f74b8a43a4f6> 0
180 0 clueweb12-0109wb-17-04988 0
193 0 clueweb12-1408wb-52-00977 0
192 0 clueweb12-0303wb-76-21043 0
174 0 <urn:uuid:2f338f9c-010e-4f81-8520-612b79a7c05e> 0
184 0 clueweb12-0200wb-20-08650 0
189 0 clueweb12-0208wb-36-01271 0
159 0 <urn:uuid:bd269676-a2e9-4824-84c0-9ef9ef2c29c5> 0
197 0 clueweb12-0410wb-69-16199 4
187 0 clueweb12-0300wb-95-02233 0
196 0 <urn:uuid:913c08c0-31dc-46b5-a942-35be412fbea8> 1
196 0 <urn:uuid:0b6210ee-cf2e-4033-bb39-e3f0f9adbbf7> 1
195 0 <urn:uuid:6c00c71c-4dc4-4ce7-ab52-e91a6c124256> 0
196 0 <urn:uuid:442d3da6-3423-4f27-97d4-28fa5ff3602a> 1
197 0 <urn:uuid:65232937-9e5b-406a-84fd-bc858d5353fa> 0
196 0 clueweb12-0110wb-33-25291 1
191 0 clueweb12-0108wb-96-15164 0
169 0 <urn:uuid:17ce8730-0c67-4b60-a16b-64f27424c01b> 0
165 0 clueweb12-1600wb-08-21537 0
156 0 <urn:uuid:35e0fba4-0c08-4b28-94af-5fcbe18d1a89> 0
174 0 clueweb12-0210wb-81-03045 4
182 0 clueweb12-0010wb-98-00587 4
163 0 clueweb12-0201wb-34-26102 0
198 0 <urn:uuid:54b349bb-f017-46d0-a4b0-ea207234abb2> 0
187 0 <urn:uuid:39af1841-bf1f-4378-aade-34067a3fa298> 0
191 0 clueweb12-0103wb-55-00963 0
170 0 clueweb12-0011wb-90-21810 0
191 0 clueweb12-0716wb-83-13578 1
165 0 clueweb12-1107wb-13-14449 0
165 0 clueweb12-1107wb-11-11262 0
180 0 clueweb12-0716wb-13-14688 0
170 0 clueweb12-1211wb-36-04950 0
182 0 <urn:uuid:0e52b167-f3cc-4a11-abee-3eb70a160925> 1
174 0 <urn:uuid:0073fcd3-1228-4d05-9a55-6f9a1644c5f6> 0
192 0 clueweb12-0304wb-21-02338 0
169 0 <urn:uuid:65ddfd40-9c96-40a7-a2c7-bc2bbe60a9bb> 1
177 0 clueweb12-0000wb-36-05306 0
195 0 clueweb12-0308wb-72-22453 0
166 0 clueweb12-0612wb-60-05083 0
182 0 clueweb12-0202wb-34-08551 1
200 0 <urn:uuid:641e2a67-8a0f-422a-8077-00842737454d> 0
184 0 <urn:uuid:ba1f921b-c7ef-4e7c-961e-5a9fe501c65a> 0
197 0 clueweb12-0106wb-94-02175 1
152 0 clueweb12-0105wb-21-30274 0
197 0 clueweb12-0101wb-97-27303 1
195 0 clueweb12-0103wb-59-18532 0
167 0 clueweb12-0202wb-44-21243 0
165 0 <urn:uuid:ee664e6b-a807-443c-9cd2-e712869edb69> 0
182 0 clueweb12-0112wb-09-26902 1
162 0 <urn:uuid:c4750031-cf0e-458f-97a1-29a0e361e3b7> 2
175 0 clueweb12-0111wb-62-07373 1
165 0 clueweb12-0702wb-63-13787 -2
160 0 clueweb12-0303wb-30-01981 0
188 0 clueweb12-1807wb-26-03600 0
188 0 clueweb12-1807wb-26-03599 0
166 0 clueweb12-0305wb-28-06370 0
185 0 clueweb12-0107wb-57-31523 4
169 0 clueweb12-0013wb-33-10839 0
157 0 <urn:uuid:87701e85-cf50-4af1-b330-ff7ac2cfe26e> 1
188 0 clueweb12-0003wb-85-32015 -2
162 0 clueweb12-0103wb-71-09354 0
151 0 clueweb12-1012wb-94-15719 1
180 0 clueweb12-1212wb-49-05185 4
176 0 clueweb12-0703wb-53-05571 0
154 0 clueweb12-0102wb-25-13363 1
164 0 <urn:uuid:67e0553b-9d0e-4691-ab73-936f69a75ed6> 4
153 0 clueweb12-0300wb-69-11095 0
183 0 <urn:uuid:1d6b765d-62c4-41db-9847-46aff26cb2f9> 0
169 0 clueweb12-0610wb-08-25242 0
200 0 <urn:uuid:4baa11a2-fe5e-42fd-80f4-7b2ba7ab8a78> 0
196 0 clueweb12-0108wb-52-06638 1
152 0 <urn:uuid:003e6d2d-32e6-4333-9069-f5feb834f7f1> 1
169 0 clueweb12-0211wb-56-12155 0
151 0 <urn:uuid:039f5f02-b202-4c34-b62f-1dbfa3569a9c> 1
169 0 clueweb12-0208wb-50-20006 1
188 0 clueweb12-1301wb-47-25041 0
175 0 clueweb12-0204wb-22-03421 0
175 0 <urn:uuid:b92de6e3-486b-4db6-beb3-429cf4b335cc> 0
164 0 clueweb12-0110wb-21-03579 0
177 0 clueweb12-0112wb-32-06693 0
197 0 clueweb12-0411wb-14-20190 0
151 0 clueweb12-0203wb-76-06763 0
172 0 <urn:uuid:1fd60601-a908-4350-b0d1-fd7c4831ae01> 1
155 0 clueweb12-1905wb-30-00380 0
181 0 clueweb12-0411wb-54-19756 0
196 0 clueweb12-0111wb-98-10746 0
199 0 clueweb12-0109wb-34-13670 1
176 0 clueweb12-0200wb-17-11102 0
191 0 clueweb12-0107wb-72-03474 0
165 0 <urn:uuid:0db63daa-cbc4-44c8-aacb-9f2beeebe5ee> 0
189 0 clueweb12-0607wb-08-00571 3
170 0 clueweb12-0013wb-10-30292 0
198 0 clueweb12-0204wb-30-30845 1
194 0 clueweb12-0706wb-49-16722 0
199 0 clueweb12-1114wb-09-21040 0
189 0 clueweb12-0207wb-57-06302 0
182 0 clueweb12-0206wb-35-31520 1
165 0 clueweb12-1200wb-04-06988 0
179 0 clueweb12-0305wb-29-29754 4
170 0 <urn:uuid:20bab543-f05e-4340-a22d-91776b4f7c5b> 0
165 0 clueweb12-0103wb-90-05059 0
180 0 clueweb12-0004wb-80-18251 0
160 0 clueweb12-0511wb-39-09413 0
165 0 clueweb12-0206wb-27-20427 0
156 0 <urn:uuid:3e11a831-fb2c-47f5-a3db-3ba4bc596652> 0
189 0 <urn:uuid:756d1d3f-ae3e-4455-9281-5a714c09f5db> 0
189 0 <urn:uuid:f4c48fdf-992b-4873-997b-d0240df8eee7> 0
189 0 clueweb12-0207wb-90-04184 0
189 0 <urn:uuid:577f833e-58b9-4df3-ae25-4b4ab9e86192> 0
189 0 <urn:uuid:049a7d66-47be-47d0-ae0c-6878f76221a9> 0
189 0 <urn:uuid:f7675231-42d8-474c-8ec9-73bcc44faa20> 0
176 0 clueweb12-0815wb-88-09885 0
165 0 clueweb12-0300wb-76-21601 3
170 0 clueweb12-0012wb-65-02789 0
187 0 clueweb12-0300wb-30-04275 0
172 0 clueweb12-0500wb-61-24124 2
168 0 clueweb12-0809wb-06-24292 1
192 0 <urn:uuid:b3d66a4f-32b8-48ee-8563-34cded95e1a6> 4
189 0 clueweb12-0605wb-00-06660 0
163 0 clueweb12-0004wb-58-22275 0
155 0 clueweb12-0000wb-17-11183 0
189 0 <urn:uuid:f0c6c1c9-b6fe-42c2-9290-f1808f1929f2> 0
180 0 clueweb12-0304wb-28-12645 0
189 0 clueweb12-0608wb-62-22304 0
189 0 <urn:uuid:08ce12ef-6d5f-4692-ab3a-82d26a75e247> 0
189 0 <urn:uuid:d98965f4-1fef-4341-a13d-8bbba01c3e1d> 0
180 0 clueweb12-0203wb-90-26269 0
180 0 clueweb12-0203wb-96-30743 0
193 0 clueweb12-1201wb-77-18608 0
189 0 <urn:uuid:87489381-acb1-49ae-bb4c-a826d0552435> 0
184 0 <urn:uuid:4e1ed2e5-136f-45c9-9eab-ef35dbee8d33> 4
180 0 clueweb12-0304wb-21-02329 0
196 0 <urn:uuid:5e3ee3ca-5a89-4d7e-818c-3c432e5b7275> 0
172 0 clueweb12-0209wb-48-13023 1
169 0 clueweb12-0412wb-06-01223 0
169 0 <urn:uuid:1d515368-8c2b-4dca-bff1-b10f396685b6> 0
185 0 clueweb12-0013wb-52-13728 0
167 0 clueweb12-1709wb-92-26018 0
199 0 clueweb12-0202wb-91-18373 0
186 0 clueweb12-1405wb-41-06608 0
177 0 clueweb12-0916wb-13-10883 1
200 0 clueweb12-0106wb-04-32146 1
161 0 clueweb12-0202wb-85-31575 0
199 0 <urn:uuid:3223cee4-c958-469d-a47f-e9984027edee> 0
157 0 clueweb12-0203wb-59-08014 0
173 0 clueweb12-0205wb-10-23210 1
155 0 clueweb12-0609wb-00-08044 0
172 0 clueweb12-0205wb-85-15318 0
158 0 <urn:uuid:cb7991e1-708b-4a54-afa9-1e87f8acfbe8> 0
194 0 clueweb12-0105wb-65-18127 0
185 0 clueweb12-1307wb-83-31276 -2
172 0 <urn:uuid:5bd3f823-4f3d-4076-a65c-0ea7f591bc02> 0
191 0 clueweb12-1408wb-58-18765 0
170 0 clueweb12-1606wb-73-06150 0
194 0 clueweb12-0103wb-54-11349 0
192 0 clueweb12-0100wb-88-19630 0
182 0 clueweb12-1303wb-17-25520 1
163 0 <urn:uuid:93bd3694-8bbd-44f9-a3ed-c35d7e18aa67> 1
157 0 <urn:uuid:de2e5508-38dd-4f59-baf3-f2b273f256dc> 0
151 0 clueweb12-1701wb-30-20298 1
195 0 <urn:uuid:220bc3cd-7893-44bb-88c2-e5709d57b278> 0
163 0 clueweb12-0310wb-76-04359 0
170 0 <urn:uuid:6b5d8ddf-1e54-4dac-a99c-b45e87ded051> 0
160 0 <urn:uuid:2249c255-755c-4e48-a34c-af792f3d7d43> 0
152 0 clueweb12-0105wb-09-19696 0
165 0 clueweb12-0803wb-41-04794 0
167 0 clueweb12-0102wb-04-20168 0
151 0 clueweb12-1212wb-60-28709 0
162 0 clueweb12-0809wb-16-29902 0
152 0 clueweb12-0105wb-09-19697 0
194 0 clueweb12-0104wb-32-09593 0
178 0 <urn:uuid:be23975c-a31e-47d0-952e-b05b27819a64> 4
191 0 clueweb12-0109wb-69-06709 0
189 0 clueweb12-0205wb-73-09874 0
189 0 clueweb12-0205wb-73-09877 0
199 0 clueweb12-0902wb-01-13334 0
151 0 clueweb12-1813wb-45-10408 1
151 0 clueweb12-1813wb-67-20831 0
154 0 clueweb12-0209wb-55-15037 0
189 0 clueweb12-1600wb-07-19515 0
189 0 clueweb12-1600wb-07-19518 0
189 0 clueweb12-1516wb-81-11129 0
158 0 clueweb12-0008wb-41-06543 0
169 0 clueweb12-0204wb-41-26137 0
193 0 clueweb12-0609wb-84-18136 0
158 0 clueweb12-0010wb-82-32619 0
181 0 clueweb12-1302wb-55-21294 0
154 0 clueweb12-1914wb-08-02314 1
154 0 <urn:uuid:adc55ddf-253c-4af8-be95-934983cda970> 0
180 0 <urn:uuid:3941381a-94a7-4a8e-a99a-144cdbab4e3c> 1
178 0 clueweb12-0604wb-25-32528 4
195 0 <urn:uuid:1e85a413-62bf-4c56-a479-2c7a3f7dc274> 0
195 0 <urn:uuid:3e4afb94-f319-4264-ad8f-fb0a38dc6109> 0
195 0 <urn:uuid:da849d2b-9de9-41e9-8a0a-a005d5cb1814> 0
167 0 clueweb12-0916wb-36-03906 0
166 0 clueweb12-0901wb-69-01975 0
192 0 clueweb12-1805wb-68-28979 0
176 0 clueweb12-0509wb-43-04150 0
182 0 clueweb12-0002wb-84-36983 2
157 0 clueweb12-0206wb-09-02816 0
156 0 clueweb12-0804wb-10-22459 0
197 0 <urn:uuid:4631bba7-f693-4148-bc73-717bd3283d5b> 4
185 0 <urn:uuid:4510f864-788d-455f-bee0-0262a29b4927> 2
194 0 clueweb12-0103wb-37-22904 0
156 0 clueweb12-0804wb-10-22456 0
185 0 clueweb12-0102wb-04-02290 0
185 0 clueweb12-0204wb-37-19071 1
160 0 clueweb12-1902wb-44-05261 0
188 0 clueweb12-0204wb-52-14862 1
177 0 <urn:uuid:589f6c0d-fd61-44a9-b94c-59345d3dbc28> 0
187 0 <urn:uuid:705c8a6f-da8a-450d-a794-5b2bdefdf2a7> 0
187 0 clueweb12-0012wb-73-19171 0
175 0 clueweb12-0007wb-04-00550 0
188 0 clueweb12-0106wb-33-04443 0
166 0 <urn:uuid:69a90680-8689-4b8c-b32b-ee2239a50cfb> 0
151 0 clueweb12-1813wb-67-20838 1
186 0 clueweb12-0206wb-96-13538 0
167 0 <urn:uuid:0adeea4c-e2e0-4804-bee1-74a6d8c351c9> 0
186 0 clueweb12-0000wb-00-14508 1
158 0 <urn:uuid:2c626354-84bc-4baa-b453-3b3d41401463> 0
163 0 clueweb12-0107wb-53-33575 0
194 0 clueweb12-0103wb-90-04653 0
160 0 clueweb12-1612wb-55-28149 0
169 0 <urn:uuid:dbd940d2-5e3e-4042-9f59-e62cd715778a> 1
181 0 clueweb12-0603wb-46-04384 0
178 0 clueweb12-0111wb-39-08300 4
178 0 clueweb12-0305wb-84-17065 0
186 0 <urn:uuid:1b117529-7387-4b47-83cc-8ba43a20ffe5> 0
181 0 clueweb12-1907wb-17-21336 0
155 0 clueweb12-0206wb-20-18822 0
181 0 clueweb12-1907wb-17-21333 0
176 0 <urn:uuid:a02dddf8-a6fd-4829-bc28-40aaefd9b33a> 0
181 0 clueweb12-1907wb-11-20806 0
181 0 clueweb12-1907wb-17-21313 0
169 0 clueweb12-0904wb-29-24095 0
167 0 clueweb12-0303wb-06-28941 0
152 0 clueweb12-0010wb-60-10292 0
189 0 <urn:uuid:d5e9ac0b-88af-42d0-a6da-13daa7f94baf> 0
189 0 <urn:uuid:606a7ad0-dca2-42cd-ac85-8e091b90c6ad> 0
184 0 clueweb12-1610wb-00-05369 0
178 0 clueweb12-0304wb-06-33676 -2
192 0 clueweb12-0112wb-04-29668 0
177 0 clueweb12-0910wb-80-22673 0
175 0 clueweb12-0304wb-67-06659 0
154 0 clueweb12-0105wb-45-27394 0
166 0 clueweb12-0102wb-69-09665 0
183 0 clueweb12-0607wb-36-00756 0
153 0 clueweb12-0009wb-35-20148 0
152 0 clueweb12-0104wb-72-31232 0
151 0 clueweb12-0204wb-88-10429 1
192 0 clueweb12-0101wb-15-20876 0
177 0 clueweb12-1508wb-37-05286 0
177 0 clueweb12-1508wb-48-24411 0
197 0 clueweb12-1606wb-36-19556 0
151 0 clueweb12-0000wb-20-20364 0
156 0 clueweb12-0001wb-40-22093 0
153 0 clueweb12-0210wb-72-19840 0
183 0 clueweb12-0210wb-37-24800 0
158 0 clueweb12-0203wb-75-13280 4
177 0 clueweb12-0112wb-46-26876 0
182 0 clueweb12-0008wb-76-23054 0
189 0 <urn:uuid:94e29642-801c-4aab-abde-b429a525e072> 0
171 0 clueweb12-0409wb-50-27027 1
165 0 <urn:uuid:7a88f570-2ea5-4226-895b-376c5893df88> 0
175 0 <urn:uuid:1773c83f-3993-4ab4-ac4b-9145eac01eb6> 0
196 0 <urn:uuid:bda76a51-9293-4a9f-82c8-5ecd15032ddc> 1
165 0 clueweb12-0906wb-09-35127 2
165 0 <urn:uuid:b189479d-f340-4969-8cfa-b85fb6058890> 0
183 0 clueweb12-0003wb-69-35676 0
155 0 clueweb12-1716wb-99-27903 -2
172 0 clueweb12-0000wb-42-26836 0
171 0 clueweb12-0702wb-40-35487 0
160 0 clueweb12-1102wb-38-30063 0
160 0 <urn:uuid:14e5cae9-669e-4067-9445-0087c496f287> 0
167 0 clueweb12-0006wb-49-23369 0
177 0 <urn:uuid:89dd7b32-5481-4f3e-a705-7b8d2f0c5d14> 0
163 0 clueweb12-0104wb-70-04798 0
173 0 clueweb12-0202wb-90-09868 1
199 0 clueweb12-0309wb-83-09909 4
178 0 clueweb12-0406wb-68-04342 0
177 0 clueweb12-0108wb-15-07895 0
194 0 clueweb12-0108wb-47-24254 0
161 0 clueweb12-0105wb-31-03350 0
156 0 clueweb12-0205wb-18-05098 1
161 0 <urn:uuid:fbc84f4e-f743-4931-a61b-0676b1b3fa98> 0
175 0 clueweb12-0203wb-76-25161 4
161 0 <urn:uuid:78782e38-8c2f-44e3-81a6-7da499579b23> 0
174 0 <urn:uuid:1e9db4bc-ef12-48b3-8578-a5db024b867f> 0
185 0 <urn:uuid:29eacbed-dd6f-4f63-bd45-163893f6b91f> 0
181 0 clueweb12-1807wb-18-23259 0
181 0 clueweb12-1807wb-18-23256 0
181 0 clueweb12-1807wb-18-23258 0
166 0 clueweb12-0211wb-21-26740 0
157 0 clueweb12-1513wb-16-10067 0
182 0 clueweb12-0010wb-48-31007 4
183 0 <urn:uuid:507bcec6-cc9f-4103-97e3-fafe3bb4bf15> 0
185 0 <urn:uuid:31e9f8cd-ccae-4fcc-8520-634faa6b46fd> 4
172 0 clueweb12-0906wb-85-03290 0
192 0 clueweb12-0111wb-01-24220 0
177 0 clueweb12-0911wb-11-21672 0
177 0 clueweb12-0910wb-80-22677 0
156 0 <urn:uuid:9f96738a-e303-4aa2-82b8-271464919038> 1
164 0 clueweb12-0109wb-09-25254 0
165 0 clueweb12-0906wb-96-35025 0
191 0 clueweb12-0101wb-50-09978 1
156 0 clueweb12-0806wb-47-26095 0
158 0 <urn:uuid:4662c47f-68be-47e0-9018-8eb7acdd8611> 1
165 0 clueweb12-0412wb-19-21425 0
171 0 <urn:uuid:f15d7482-1e3d-460f-a50e-1760f8635b8d> 0
192 0 clueweb12-0002wb-26-05182 1
181 0 clueweb12-0200wb-56-28230 0
162 0 clueweb12-0108wb-39-27260 0
168 0 clueweb12-0001wb-37-00881 0
164 0 <urn:uuid:78e2588f-fcc9-4790-baab-93366778b068> 0
154 0 clueweb12-0507wb-05-27021 0
154 0 <urn:uuid:77a4abc1-ac6a-4f0e-bd04-8d124d241e3d> 0
192 0 clueweb12-0013wb-72-31905 0
169 0 clueweb12-0111wb-48-28738 1
199 0 clueweb12-1316wb-01-09383 1
200 0 clueweb12-0207wb-93-11811 0
170 0 clueweb12-1218wb-03-24883 0
170 0 clueweb12-0211wb-60-06698 0
167 0 <urn:uuid:cbfbda97-3aaa-4ea0-917c-de6f04bb2ef7> 0
169 0 clueweb12-0207wb-37-17432 0
161 0 <urn:uuid:38b4634a-cb87-402d-86bb-2637e36945d5> 0
199 0 clueweb12-1316wb-01-09387 0
151 0 clueweb12-1309wb-19-11338 1
154 0 <urn:uuid:54b25a5e-fbda-4ef8-ac36-e41e5155bffc> 0
153 0 clueweb12-0210wb-13-32858 1
200 0 clueweb12-0209wb-74-25506 0
183 0 clueweb12-0300wb-60-32123 4
173 0 clueweb12-0209wb-01-15248 0
154 0 clueweb12-0004wb-51-20488 0
160 0 clueweb12-1314wb-10-32121 0
184 0 clueweb12-1809wb-75-19912 0
192 0 <urn:uuid:df8e69e3-2b5a-4b15-90e6-ba50eaf02111> 1
167 0 <urn:uuid:ac35189d-0af5-4d26-93cf-f3d138c92ebb> 1
151 0 clueweb12-0815wb-50-06291 1
192 0 clueweb12-0207wb-14-08023 1
173 0 <urn:uuid:48d0c9c9-89e9-4ddb-998a-3fbec4674bcc> 4
182 0 clueweb12-0210wb-25-13196 3
162 0 clueweb12-0700wb-19-18567 0
169 0 clueweb12-1900wb-36-28766 1
192 0 <urn:uuid:11a5883f-bd2f-4e24-abeb-4197b61f9c47> 0
180 0 clueweb12-1206wb-95-26284 0
180 0 <urn:uuid:8e6de5b7-1c72-41ed-9a9a-a6e8893ba8da> 0
200 0 <urn:uuid:0a4d6836-992c-4883-8b2b-f587d9c27def> 0
192 0 clueweb12-0000wb-33-33523 0
197 0 clueweb12-0911wb-87-13373 0
163 0 <urn:uuid:dc7b3dc5-73c4-4a0a-8904-734a53105712> 0
172 0 <urn:uuid:aa82d89c-ea86-4ede-8a63-23b049b44903> 0
173 0 clueweb12-0306wb-82-05000 1
155 0 clueweb12-0202wb-30-12155 0
182 0 clueweb12-0202wb-90-04948 4
158 0 <urn:uuid:5032d2c1-67c9-4d1b-ab88-638c1fd3e360> 0
177 0 clueweb12-1117wb-29-06360 0
185 0 clueweb12-0112wb-67-33130 0
178 0 clueweb12-0105wb-27-32789 0
162 0 clueweb12-0000wb-36-05308 2
171 0 clueweb12-0013wb-28-00215 0
161 0 <urn:uuid:b5e54dba-6f41-4734-91f2-b71a1ebea36e> 0
175 0 clueweb12-0300wb-21-27735 0
154 0 clueweb12-0006wb-64-33324 0
188 0 clueweb12-0105wb-98-14473 0
174 0 <urn:uuid:b46bcb72-4934-4e02-ad2c-76cd81e20425> 4
184 0 clueweb12-0311wb-47-02715 0
182 0 <urn:uuid:800446ff-ef18-494b-8fb7-13ddd4a70f67> 4
158 0 clueweb12-1905wb-51-12868 1
165 0 clueweb12-0101wb-22-03111 0
165 0 clueweb12-1902wb-66-05976 2
184 0 clueweb12-0103wb-00-22773 0
184 0 clueweb12-0103wb-00-22775 0
184 0 clueweb12-0100wb-28-19321 0
196 0 clueweb12-0108wb-60-14954 0
172 0 <urn:uuid:cd9077f5-ae68-4bdd-a021-1977ddae4644> 4
175 0 clueweb12-1713wb-57-26535 0
164 0 clueweb12-0107wb-46-02030 2
187 0 <urn:uuid:4c3b90d8-cfbe-454f-b53f-9f0696320c8c> 0
154 0 clueweb12-0007wb-53-01338 0
154 0 clueweb12-0401wb-80-00395 1
154 0 <urn:uuid:8765b6bd-cdfc-4aa3-baa9-6873de11e316> 0
196 0 clueweb12-0410wb-61-23972 4
197 0 clueweb12-0302wb-31-21938 0
194 0 clueweb12-0200wb-36-19274 0
194 0 clueweb12-0606wb-36-17260 0
199 0 clueweb12-0200wb-73-29778 1
199 0 clueweb12-0111wb-65-09746 1
174 0 <urn:uuid:4468f8a2-2967-4e70-9358-df5bd8424a1f> 0
157 0 clueweb12-1906wb-42-03981 0
153 0 clueweb12-0607wb-36-03837 1
153 0 <urn:uuid:3ecb7721-d2b8-4cb4-b118-3b0a3c6fc62d> 1
153 0 clueweb12-0005wb-65-09995 0
153 0 clueweb12-0006wb-66-02422 1
153 0 clueweb12-0007wb-23-32384 1
153 0 clueweb12-0208wb-70-05488 1
176 0 clueweb12-0602wb-35-21695 0
189 0 clueweb12-1705wb-76-14594 0
163 0 clueweb12-0300tw-23-02834 1
170 0 clueweb12-0300wb-03-14378 0
179 0 clueweb12-0010wb-42-07767 0
179 0 clueweb12-0010wb-52-06560 0
170 0 clueweb12-0107wb-67-03028 1
161 0 <urn:uuid:d56d31a1-5394-4043-91e3-ab96f543454a> 0
181 0 clueweb12-0608wb-94-26504 0
181 0 clueweb12-0609wb-25-09926 0
165 0 <urn:uuid:faa36ccc-9c27-451f-b3d6-036ac3f85134> 0
182 0 clueweb12-0210wb-96-05060 1
196 0 <urn:uuid:c4a6aa25-3ce6-4963-b517-20d8b171a016> 1
199 0 <urn:uuid:0379ca41-d815-4157-b040-8e782e18d274> 4
182 0 clueweb12-0301wb-18-09708 1
180 0 clueweb12-0206wb-51-02408 3
153 0 clueweb12-1013wb-51-18052 0
182 0 clueweb12-0301wb-26-29033 1
195 0 clueweb12-0001wb-85-16791 0
182 0 clueweb12-0301wb-18-09706 1
174 0 clueweb12-0002wb-10-35323 0
183 0 clueweb12-0204wb-46-19498 0
175 0 <urn:uuid:e2cceeb7-f625-4646-979a-6aa50135f0e8> 0
155 0 clueweb12-0309wb-03-07165 0
179 0 <urn:uuid:7a660fbb-3d56-4295-9b33-72928eac0140> 0
199 0 clueweb12-0111wb-27-27621 1
197 0 clueweb12-0200wb-36-31158 0
168 0 clueweb12-0208wb-59-03718 1
153 0 clueweb12-0006wb-66-02419 1
167 0 <urn:uuid:fe3d68e7-9b85-459c-8a1e-b10e48d8fc92> 0
169 0 clueweb12-0904wb-37-07265 1
187 0 clueweb12-0300wb-15-09719 0
197 0 <urn:uuid:4b18838c-95e9-43ee-b244-7d41aa0a0516> 2
174 0 clueweb12-0915wb-36-03441 0
169 0 clueweb12-0917wb-07-25086 0
174 0 clueweb12-0915wb-30-29101 0
185 0 clueweb12-0211wb-93-04097 -2
199 0 clueweb12-1912wb-63-15349 1
169 0 <urn:uuid:7273a99b-70c9-4d7e-9bd8-f3eba7d17c51> 0
184 0 clueweb12-0208wb-17-29290 0
182 0 clueweb12-0212wb-26-23300 1
166 0 <urn:uuid:f4ddc16d-b87e-4a5f-bf1c-8111d12efff8> 0
166 0 <urn:uuid:ded074a2-074d-4b6a-8605-e1ba6e2818cc> 0
183 0 clueweb12-1105wb-24-01755 0
186 0 clueweb12-1217wb-36-15937 0
192 0 clueweb12-0200wb-84-14273 0
185 0 <urn:uuid:a25d94c5-5b89-43b7-bbcf-135d6b6c2053> 0
174 0 <urn:uuid:964a5151-c955-423b-ac47-ca91891f6bd1> 0
199 0 clueweb12-0409wb-08-22454 1
163 0 clueweb12-1207wb-29-05009 0
186 0 clueweb12-0912wb-75-08446 0
182 0 clueweb12-0210wb-09-29953 1
163 0 clueweb12-1207wb-29-05011 0
173 0 clueweb12-1010wb-83-06511 0
172 0 clueweb12-0505wb-36-19891 0
166 0 clueweb12-0302wb-07-08068 0
179 0 clueweb12-1217wb-77-00253 0
165 0 clueweb12-0707wb-19-08755 1
189 0 clueweb12-0204wb-75-25114 0
162 0 clueweb12-0103wb-52-20532 0
194 0 clueweb12-0103wb-94-11384 0
196 0 <urn:uuid:10d2e847-b464-47bf-9262-ab067c7af81f> 0
177 0 clueweb12-1309wb-11-22423 0
197 0 clueweb12-1600wb-30-13594 1
194 0 clueweb12-0403wb-11-11799 0
181 0 clueweb12-0004wb-19-11375 0
195 0 clueweb12-0713wb-65-17191 0
181 0 <urn:uuid:3aa9bcb0-48e6-4086-a093-28fec901234d> 0
161 0 clueweb12-0102wb-55-20061 0
188 0 clueweb12-0106wb-26-29541 0
154 0 clueweb12-0402wb-09-09259 1
188 0 clueweb12-0106wb-42-24634 0
188 0 clueweb12-0106wb-33-04435 0
176 0 clueweb12-0302wb-76-34189 0
159 0 clueweb12-0209wb-01-09071 0
159 0 clueweb12-0209wb-91-02882 0
171 0 clueweb12-0410wb-48-21579 0
199 0 <urn:uuid:7e0c3a59-0984-4698-87a6-2d17a63ce6ab> 0
182 0 clueweb12-0210wb-74-17863 1
191 0 clueweb12-0503wb-54-04370 0
170 0 <urn:uuid:fdc9f1c2-25a4-4b73-bf81-3a074d32db1c> 0
151 0 clueweb12-0008wb-72-25539 1
193 0 clueweb12-1007wb-89-13902 0
155 0 clueweb12-1600wb-71-29564 4
192 0 clueweb12-0106wb-33-15236 4
153 0 <urn:uuid:6fdc3156-ea9b-42f3-8e43-211f8912b00c> 1
153 0 <urn:uuid:18ad14a7-09c5-4d30-af4b-f807d0b7d5d4> 1
173 0 clueweb12-0109wb-64-08026 0
166 0 <urn:uuid:17b030f0-9774-4e87-9e0b-17817316bf75> 0
154 0 clueweb12-1214wb-28-11901 0
178 0 clueweb12-0013wb-03-23218 0
192 0 <urn:uuid:a3c1541c-2fec-4b50-8c65-79cf95a40d82> 0
195 0 <urn:uuid:af61e8a0-2a35-4d68-8485-6259f574591e> 0
151 0 clueweb12-0308wb-52-09243 -2
175 0 clueweb12-0012wb-86-24584 0
185 0 clueweb12-0101wb-07-28953 1
154 0 clueweb12-0005wb-26-30679 0
155 0 clueweb12-0102wb-79-17790 0
199 0 <urn:uuid:9e510519-6eea-4f84-825f-04185a19670d> 1
164 0 clueweb12-1113wb-55-09465 4
154 0 <urn:uuid:e3b4e430-4674-46a4-ab59-c571199631c0> 0
163 0 clueweb12-0200wb-58-23421 1
197 0 <urn:uuid:f748cd80-972e-4d43-b13d-6b73b719153e> 4
158 0 clueweb12-0204wb-41-31875 0
195 0 clueweb12-0001wb-05-19050 0
173 0 clueweb12-0209wb-75-06226 0
164 0 clueweb12-1715wb-14-10410 4
181 0 clueweb12-1703wb-97-11225 0
169 0 clueweb12-0402wb-04-23975 0
167 0 clueweb12-0400wb-73-23752 0
197 0 clueweb12-0509wb-81-06495 4
186 0 clueweb12-0713wb-99-21482 1
186 0 clueweb12-0404wb-98-26104 1
186 0 clueweb12-0713wb-99-21481 1
176 0 clueweb12-0411wb-41-18080 0
177 0 <urn:uuid:f10effa7-0b30-4449-9611-aefbb4c391f2> 1
177 0 <urn:uuid:aaf3f7d9-3ff3-4c7e-98a5-3e9b97949622> 1
177 0 clueweb12-0111wb-45-05865 0
163 0 clueweb12-0200wb-06-32601 0
189 0 <urn:uuid:d6fe1044-aa41-4999-89ee-d5a737fbd692> 0
182 0 clueweb12-0211wb-17-27782 1
153 0 clueweb12-0206wb-31-33057 0
181 0 clueweb12-1913wb-09-16462 0
158 0 clueweb12-0207wb-24-18617 1
196 0 clueweb12-0109wb-51-21205 0
183 0 clueweb12-0304wb-94-01328 0
174 0 clueweb12-0100wb-18-30643 0
199 0 clueweb12-0212wb-30-13643 1
174 0 clueweb12-0100wb-18-30645 1
192 0 <urn:uuid:dc9d9c57-c2eb-4264-8eb0-523678f85d39> 1
163 0 <urn:uuid:304f1c36-00db-4dce-88b7-264378689073> 1
163 0 <urn:uuid:6d7e5b06-a731-4a4c-ad2c-d8cce557f4fa> 0
197 0 clueweb12-0009wb-39-09471 0
196 0 clueweb12-1605wb-99-06318 0
197 0 <urn:uuid:29ee2b53-00d4-4256-b561-fa60078dc0e9> 0
185 0 clueweb12-0000wb-80-06045 -2
179 0 clueweb12-1008wb-04-17526 0
163 0 <urn:uuid:f998df42-5f05-4d97-88cd-57ee95e33a44> 0
188 0 clueweb12-0110wb-08-10408 0
161 0 clueweb12-0301wb-64-34445 0
188 0 clueweb12-0105wb-07-30396 0
188 0 <urn:uuid:2e94ef4b-2b0d-4072-b2e1-491bddf2891b> 0
188 0 clueweb12-0105wb-75-09477 0
159 0 <urn:uuid:c5fcdf57-1b41-460d-a828-960ec9f7d285> 0
165 0 clueweb12-0407wb-41-04754 0
180 0 clueweb12-0206wb-60-19381 1
183 0 clueweb12-0304wb-66-21021 0
174 0 <urn:uuid:b473fe99-0829-45e2-ab5c-2a604bb492eb> 0
177 0 clueweb12-1014wb-26-27633 0
190 0 clueweb12-0714wb-63-32270 0
160 0 <urn:uuid:04bc139f-9705-42b7-9d00-3ca27ec17527> 0
189 0 clueweb12-0208wb-18-29477 3
173 0 clueweb12-0205wb-69-22293 1
163 0 clueweb12-0200wb-19-22025 0
174 0 clueweb12-0300wb-27-00700 0
174 0 clueweb12-0100wb-24-15116 0
197 0 clueweb12-0202wb-76-23166 0
169 0 clueweb12-0605wb-59-26184 0
177 0 clueweb12-1508wb-53-15373 0
154 0 <urn:uuid:55632f02-0028-4b43-b5e4-84cef313ddf9> 0
192 0 <urn:uuid:2119624c-3c47-4bc9-a82b-055cc3e1cb76> 0
177 0 clueweb12-0210wb-14-11581 0
197 0 <urn:uuid:a288b94d-62ff-4779-a2a9-cc42cb8b746f> 1
151 0 clueweb12-0111wb-45-05859 0
188 0 clueweb12-0100wb-16-00272 0
175 0 clueweb12-1511wb-70-11581 0
177 0 <urn:uuid:e59dae4d-5dfa-4661-bfce-b23ad6ba2df0> 0
167 0 clueweb12-0100wb-34-23685 0
170 0 <urn:uuid:ceacc91b-3b4b-4b54-be48-508c3fed124b> 0
170 0 <urn:uuid:5090176c-72b9-4e0b-a211-bd4ccbe3e0ee> 0
170 0 <urn:uuid:dd3018ce-9650-4e27-b896-7ae7a09e08dc> 0
170 0 <urn:uuid:f803c941-ea6c-40a5-93a5-9cab43702cec> 0
195 0 clueweb12-1806wb-81-22209 0
165 0 clueweb12-0206wb-61-00943 0
164 0 clueweb12-0207wb-72-11639 0
167 0 <urn:uuid:e54ad92d-d06d-4492-8f68-665841dbab8b> 0
154 0 <urn:uuid:619ccaf9-695c-4f7e-9b34-638a7d651ef8> 0
155 0 clueweb12-0010wb-45-10430 0
166 0 clueweb12-0101wb-87-24263 0
160 0 clueweb12-0303wb-31-08553 0
157 0 clueweb12-0104wb-41-18063 0
167 0 clueweb12-0101wb-77-22699 1
199 0 clueweb12-0107wb-94-26966 0
197 0 clueweb12-1315wb-96-27211 -2
170 0 <urn:uuid:43d46937-ffb5-4d23-b3a6-7b974d7682ae> 0
195 0 <urn:uuid:25ff2075-fc8e-4e23-8e08-b575a5b184bc> 0
154 0 <urn:uuid:bcdc44f6-d204-4aa7-8619-0096df18aae8> 0
156 0 <urn:uuid:6bb48ec9-889a-4ffc-a19d-57b25990c4e5> 1
173 0 clueweb12-0108wb-74-15820 0
170 0 <urn:uuid:c95fa146-7dec-46a0-82e3-805d3f8d4a63> 0
170 0 <urn:uuid:4286d3c0-55a6-4cb5-b162-c6c90a2fa5f8> 0
165 0 clueweb12-0201wb-04-10524 0
170 0 <urn:uuid:9289f37e-064f-409c-ac6a-e3c3f2a1cd7f> 0
170 0 <urn:uuid:75db555d-9bff-4b07-9c6a-aee91dd2919a> 0
155 0 clueweb12-0409wb-47-03710 0
170 0 clueweb12-0012wb-20-26187 0
160 0 <urn:uuid:197342fb-4a95-498e-b5fb-9e2b330eacc8> 0
176 0 <urn:uuid:1ff2b149-ece8-4121-a84c-3316094345e1> 0
169 0 <urn:uuid:b15b2024-5546-40a9-bd55-d870b6aff4f1> 0
180 0 clueweb12-0204wb-15-03650 0
184 0 <urn:uuid:51f2accc-136f-4a6a-9a1a-04a93a31fc00> 0
162 0 <urn:uuid:7475a9ca-4996-4388-b46e-8070d15d3577> 1
164 0 clueweb12-0302wb-57-07010 0
159 0 <urn:uuid:2d8cff5f-8a78-4ac9-8155-52ab869349c2> 0
179 0 clueweb12-0607wb-34-01536 0
188 0 clueweb12-0105wb-94-29166 0
161 0 clueweb12-0401wb-59-01935 0
164 0 <urn:uuid:ab0f396a-de8a-4da7-8c15-2b08071c667d> 0
176 0 clueweb12-0204wb-93-16511 0
194 0 <urn:uuid:faa84036-891a-4d11-94fd-9a6b4b922ecf> 0
188 0 clueweb12-0106wb-96-21307 1
166 0 clueweb12-0002wb-67-08665 -2
166 0 clueweb12-0111wb-04-02705 0
195 0 clueweb12-0110wb-33-27399 0
163 0 clueweb12-0305wb-99-28183 0
161 0 clueweb12-0112wb-67-20584 0
154 0 clueweb12-1415wb-62-13309 0
156 0 clueweb12-0108wb-00-13251 0
179 0 clueweb12-1710wb-30-20254 0
197 0 clueweb12-0000wb-68-03881 0
197 0 clueweb12-0112wb-07-22271 0
186 0 <urn:uuid:88111713-0ee1-4dcc-adb0-97531fa81c2a> 0
167 0 <urn:uuid:f3a37437-11e9-49c6-89de-871b14630193> 0
174 0 clueweb12-0100wb-74-10009 0
166 0 <urn:uuid:df9a9766-f6aa-4450-ade5-9547a5682ebe> 0
169 0 <urn:uuid:b1667fb3-934e-4170-871b-00242c8b6750> 0
176 0 clueweb12-0206wb-44-04536 0
157 0 clueweb12-0300wb-03-05897 0
193 0 clueweb12-0206wb-53-34196 0
152 0 clueweb12-0002wb-06-07864 0
169 0 clueweb12-0002wb-56-23163 1
160 0 clueweb12-0000wb-00-38657 0
176 0 <urn:uuid:a7255d94-debc-415b-964a-d1489294589a> 0
187 0 clueweb12-0508wb-03-00938 0
168 0 clueweb12-0111wb-85-13140 -2
165 0 clueweb12-0211wb-42-14909 4
169 0 clueweb12-0311wb-21-12044 0
188 0 <urn:uuid:cbe21ed2-4174-4216-9913-2a4c4f49d388> 0
197 0 clueweb12-1006wb-14-00798 0
181 0 clueweb12-0407wb-59-09075 0
181 0 clueweb12-0611wb-03-23674 0
159 0 <urn:uuid:5f776f57-6022-4931-8ad1-9d0796c12391> 0
177 0 <urn:uuid:5e63b159-b281-46f7-ae8f-a4b2483e4a9f> 1
183 0 clueweb12-0813wb-57-27372 0
182 0 clueweb12-0109wb-75-26612 1
199 0 clueweb12-0009wb-05-18015 1
180 0 <urn:uuid:ea614b70-a512-4460-a25d-455d08d6c8e2> 0
176 0 clueweb12-0106wb-41-25766 0
170 0 clueweb12-0012wb-09-27173 0
179 0 clueweb12-0105wb-45-26279 0
193 0 clueweb12-0101wb-55-00797 1
186 0 clueweb12-1212wb-49-28751 0
179 0 <urn:uuid:0ef04a37-1de9-471f-954f-0d28f0551b77> 0
185 0 clueweb12-0207wb-43-03981 1
170 0 clueweb12-0208wb-29-02593 0
179 0 clueweb12-0210wb-16-27497 0
169 0 clueweb12-0405wb-61-11799 0
169 0 clueweb12-0405wb-61-11797 0
169 0 clueweb12-0406wb-05-13571 0
169 0 clueweb12-0406wb-05-13569 0
196 0 clueweb12-0410wb-62-12178 1
179 0 <urn:uuid:9b60754a-fe8d-4b52-bb62-7875318aeb95> -2
167 0 clueweb12-0508wb-59-32186 1
181 0 <urn:uuid:b88c1327-7afe-42ad-93e5-34f14ea0ab41> 0
159 0 <urn:uuid:76fabd8a-f2ef-4ca1-acc7-30c2a66a3e01> 0
167 0 clueweb12-0804wb-17-00496 0
200 0 clueweb12-0102wb-16-17394 0
181 0 clueweb12-0000wb-66-15080 0
199 0 clueweb12-0104wb-13-24528 0
169 0 clueweb12-0105wb-27-02208 0
195 0 clueweb12-0106wb-08-05658 0
195 0 clueweb12-0108wb-31-28462 1
177 0 clueweb12-0100wb-34-00055 0
186 0 clueweb12-0003wb-90-16335 1
177 0 <urn:uuid:654775e9-85dd-4d40-ae07-20963cefc59f> 0
167 0 <urn:uuid:576841e6-fcdc-4443-9411-369ada48344f> 0
155 0 clueweb12-0103wb-35-10182 0
156 0 clueweb12-0804wb-10-22457 0
194 0 clueweb12-0108wb-58-06581 0
151 0 clueweb12-0210wb-78-19570 4
163 0 clueweb12-0912wb-81-18459 4
197 0 clueweb12-0110wb-94-32587 0
169 0 <urn:uuid:a541a828-dc8d-4c69-bd47-b05f2f675aa4> 0
182 0 clueweb12-0207wb-14-25720 1
170 0 <urn:uuid:b71e906e-c00b-4cd4-ae15-ff908e367cd4> 0
172 0 clueweb12-0000wb-33-38821 0
197 0 clueweb12-1705wb-24-22905 0
170 0 <urn:uuid:76e9053f-3182-4fe3-af76-9820e1f1a6ee> 0
174 0 clueweb12-0506wb-33-10018 0
154 0 <urn:uuid:a0fc6928-be82-46af-9e1e-5d950ea255d7> 0
194 0 clueweb12-0104wb-79-06784 0
169 0 clueweb12-0606wb-42-11090 0
188 0 clueweb12-0200wb-89-28224 0
188 0 clueweb12-0200wb-92-24086 0
182 0 clueweb12-0203wb-45-29613 4
185 0 <urn:uuid:d35b797b-45c2-464a-9301-36481039c5b1> 1
188 0 clueweb12-0110wb-24-11104 0
177 0 clueweb12-0012wb-75-27466 0
174 0 clueweb12-0501wb-50-21560 0
188 0 clueweb12-0200wb-46-34199 0
192 0 <urn:uuid:a764cbc4-9c3f-4641-8dcb-75ca949b2ede> 0
162 0 clueweb12-0306wb-32-32390 0
179 0 clueweb12-0106wb-46-13496 0
185 0 clueweb12-0111wb-79-32720 0
199 0 clueweb12-0505wb-13-29448 0
161 0 <urn:uuid:81b82c6f-2a79-4e9a-9eb1-aeb56f267151> 0
174 0 <urn:uuid:3fcb4ecc-d0ce-4e25-a7f7-d1c19f9ab01d> 0
197 0 <urn:uuid:a889e764-2eac-4d9d-932f-dbd16efc8b42> 0
167 0 clueweb12-0111wb-28-04321 4
154 0 <urn:uuid:296a7c42-8c6d-4d55-b16a-56f166632889> 0
164 0 clueweb12-0107wb-54-04735 2
174 0 <urn:uuid:bba2a993-0386-4f4f-a194-18f31f9cea2a> 0
183 0 clueweb12-0101wb-49-03806 0
165 0 <urn:uuid:91e16f1c-edc7-4e58-8c2a-8a288eb99655> 0
166 0 <urn:uuid:edd9e17b-774a-4160-802e-66828c879f73> 0
192 0 clueweb12-0106wb-02-14480 0
164 0 clueweb12-0107wb-64-04162 2
171 0 <urn:uuid:232c38f5-1677-4188-9b28-8af0225304f3> 1
151 0 clueweb12-0209wb-34-17475 1
177 0 clueweb12-0106wb-89-16478 0
185 0 clueweb12-0508wb-19-07854 4
166 0 <urn:uuid:e5ec8f6a-2b31-447f-adf2-f34e85cc192a> 0
154 0 <urn:uuid:903e6b4c-8aab-414b-8b1e-869e7d8079e9> 0
172 0 clueweb12-0009wb-24-13963 4
172 0 <urn:uuid:ac4bab35-a6ef-43a4-a5d3-671dde085d55> 0
153 0 clueweb12-1906wb-44-19448 0
172 0 <urn:uuid:83af24b2-4714-4e47-b362-62993051f1ce> 0
172 0 <urn:uuid:27fe0fc7-cabf-4b75-80f1-10155ca817dd> 1
167 0 clueweb12-0101wb-66-06031 0
192 0 <urn:uuid:aedd899d-d5e7-463d-89f1-2a47c58c6dac> 1
172 0 clueweb12-0206wb-17-26603 4
153 0 clueweb12-0009wb-35-20149 1
193 0 clueweb12-0706wb-55-19585 0
189 0 <urn:uuid:ea74471f-ba6f-442e-9306-c4f5588db2b5> 3
195 0 <urn:uuid:8cee35e1-e568-4dbe-84c4-0df42a52af8e> 0
183 0 clueweb12-0008wb-84-00844 0
195 0 <urn:uuid:a82892fa-e285-47b5-ad12-2521db87bc1e> 0
195 0 <urn:uuid:85e8fed3-b3e6-4254-8665-2d1b192c6563> 0
195 0 <urn:uuid:b22164b2-084c-4415-8cd9-ed29dc1c59f0> 0
195 0 <urn:uuid:8d435dac-bdaf-46aa-9597-33cf89c5315e> 0
195 0 <urn:uuid:6aa15ed5-ab6d-4d6d-b4d7-f89c62499eaf> 0
194 0 clueweb12-0006wb-62-15986 0
189 0 clueweb12-1516wb-74-16446 0
194 0 clueweb12-0006wb-54-20295 0
192 0 clueweb12-1414wb-22-16538 0
167 0 clueweb12-0700wb-68-15912 0
198 0 clueweb12-1005wb-33-04326 0
162 0 clueweb12-0307wb-43-11400 0
152 0 <urn:uuid:ed599c04-7b43-419a-a749-01525f899006> 0
197 0 <urn:uuid:84f5088d-6742-4019-bd90-57855aa4b318> 0
197 0 <urn:uuid:32870575-2f7f-422a-a5ae-db0447674a8d> 0
186 0 clueweb12-0108wb-22-25477 0
176 0 clueweb12-1206wb-84-25634 0
184 0 clueweb12-0714wb-51-19912 0
163 0 <urn:uuid:d52b89e6-e80e-4476-a14c-59518d62875e> 1
178 0 <urn:uuid:36cbd376-54f8-4f84-920c-badf100bee39> 0
176 0 clueweb12-1206wb-84-25632 0
176 0 clueweb12-1206wb-84-25633 0
172 0 <urn:uuid:53a2a229-b62f-4c48-aded-2ae0106ef2a6> 4
156 0 clueweb12-0102wb-18-08138 0
189 0 <urn:uuid:1066444a-a078-4004-996e-9e07570714cb> 3
151 0 clueweb12-0106wb-06-04148 1
151 0 clueweb12-0106wb-18-28100 1
175 0 clueweb12-0105wb-33-03557 0
195 0 clueweb12-0110wb-33-31713 0
196 0 <urn:uuid:b48e0ecf-5f61-482d-a068-41dd267d1600> 1
174 0 clueweb12-1410wb-67-23607 0
192 0 <urn:uuid:8c2df3ef-34b3-44de-8337-edddd01e6ed1> 0
169 0 <urn:uuid:dd5a7da3-e215-4a58-a022-5f104948ebee> 0
179 0 <urn:uuid:86d79ef0-6607-4462-a430-b06f94330a60> 0
194 0 clueweb12-0000wb-16-11009 0
168 0 clueweb12-0011wb-87-20819 0
175 0 <urn:uuid:a40bc34a-9b58-40ba-ab15-2ad60d5f24e4> 4
194 0 clueweb12-0000wb-16-11010 0
179 0 clueweb12-1415wb-22-06891 0
199 0 clueweb12-0205wb-53-00900 1
151 0 clueweb12-1513wb-32-11832 -2
165 0 clueweb12-0201wb-39-17627 0
158 0 <urn:uuid:d74a8369-d6b2-4307-ba56-7bf53a9566ab> 0
180 0 clueweb12-0208wb-91-00014 0
160 0 clueweb12-1902wb-47-08934 0
166 0 clueweb12-1700wb-68-26694 0
192 0 <urn:uuid:9acd78d3-7f9f-4e6a-b51f-f9e6b69b4c1c> 4
174 0 clueweb12-0000wb-62-04787 0
181 0 clueweb12-0011wb-19-11676 0
193 0 clueweb12-0300wb-51-06286 0
159 0 clueweb12-1113wb-68-17680 0
180 0 clueweb12-0206wb-84-13802 1
180 0 clueweb12-0206wb-78-03241 1
180 0 clueweb12-0206wb-72-13057 1
156 0 <urn:uuid:0ab030ce-b803-415c-b3fb-1041d7560857> 0
180 0 clueweb12-0206wb-78-03246 1
162 0 <urn:uuid:231d54b3-1960-43e3-be7d-d855d5fa2949> 0
180 0 clueweb12-0206wb-72-13058 1
180 0 clueweb12-0206wb-78-03247 1
180 0 clueweb12-0206wb-78-03243 1
180 0 clueweb12-0206wb-78-03242 1
161 0 <urn:uuid:5d2ea687-6d6b-4653-b496-7559c9d7e938> 0
181 0 <urn:uuid:2c3073ad-8909-46b2-8284-458894146983> 0
171 0 clueweb12-0302wb-41-10963 1
153 0 <urn:uuid:b3d45ccc-a78c-4307-9099-6fcb62ee6bec> 1
192 0 clueweb12-0109wb-94-09190 0
151 0 clueweb12-0111wb-96-21690 0
181 0 <urn:uuid:1577e581-0df6-4a99-9f80-8536c8199f64> 1
181 0 <urn:uuid:171ce39d-0715-45ec-8245-7b2ac4b3930b> 1
162 0 <urn:uuid:a99108fa-35e9-46b1-9569-cb1ce0efbf75> 0
186 0 clueweb12-0911wb-16-23985 0
186 0 clueweb12-0911wb-48-01407 0
176 0 clueweb12-1706wb-39-20681 0
189 0 clueweb12-1600wb-07-19520 0
155 0 <urn:uuid:57ccf1e5-e3cb-4069-bd29-3248b6fdcdfa> 0
185 0 <urn:uuid:43be50c5-c4a1-48bf-8ec0-e2a1f17b2b26> -2
172 0 <urn:uuid:9c4dcfff-2b26-48c7-9034-10363591e5e7> 1
153 0 clueweb12-0107wb-34-26283 0
164 0 clueweb12-1113wb-54-20912 4
165 0 clueweb12-0511wb-05-02926 0
194 0 clueweb12-1901wb-56-19788 0
189 0 <urn:uuid:461c7d3c-a344-4416-ae7a-13195a956eb9> 0
158 0 <urn:uuid:18c685a4-d338-4dc1-a21a-35894978d365> 0
168 0 clueweb12-0102wb-55-15321 0
194 0 clueweb12-1901wb-39-06993 0
194 0 <urn:uuid:a2141891-a1d7-44a2-8836-64fa78b27c23> 0
168 0 clueweb12-0705wb-45-00989 0
180 0 clueweb12-0305wb-76-25817 0
168 0 clueweb12-0705wb-50-28421 0
186 0 <urn:uuid:0118ddb6-28b3-44e0-bde4-4b28d2c3a9a4> 0
192 0 clueweb12-0210wb-93-26014 0
166 0 clueweb12-0100wb-53-05215 0
166 0 clueweb12-0100wb-88-08782 0
192 0 clueweb12-0208wb-97-16260 0
166 0 <urn:uuid:6a15afdb-9644-4702-b1fd-ba2a08ae0b8c> 0
160 0 clueweb12-1102wb-53-24999 0
160 0 clueweb12-1102wb-50-25871 0
185 0 clueweb12-0111wb-95-29985 -2
194 0 clueweb12-0000wb-16-11015 0
194 0 clueweb12-0000wb-85-25895 0
194 0 clueweb12-0103wb-52-26894 0
155 0 <urn:uuid:2de9e3de-a818-4a11-871e-48896a32cda2> 0
185 0 clueweb12-0111wb-76-05254 -2
185 0 clueweb12-0111wb-95-29988 -2
169 0 clueweb12-0509wb-55-18673 0
177 0 clueweb12-0306wb-61-23077 0
151 0 clueweb12-0008wb-26-27030 1
177 0 <urn:uuid:a7c4bcff-8848-4a66-a404-01ad37ec64f0> 0
199 0 clueweb12-1303wb-92-14941 1
152 0 clueweb12-0104wb-83-00375 0
156 0 <urn:uuid:e1cb28ca-7ca7-4942-82a3-5433db374049> 1
156 0 <urn:uuid:54dbcc6b-6b7a-49eb-9904-eeca3f6ad8a2> 1
165 0 <urn:uuid:20f62ae5-8ed5-473d-b5c4-97026c44eca6> 0
158 0 clueweb12-0202wb-65-19814 0
187 0 clueweb12-0201wb-56-30705 0
196 0 clueweb12-0108wb-04-10894 1
194 0 clueweb12-0008wb-94-34589 0
199 0 clueweb12-1102wb-23-25341 0
166 0 clueweb12-0207wb-65-32213 0
165 0 <urn:uuid:64400408-6a80-415c-a7cd-f930a61d2a13> 0
179 0 clueweb12-0009wb-84-03272 0
169 0 clueweb12-0306wb-72-20153 0
176 0 clueweb12-0401wb-89-20353 0
174 0 clueweb12-0300wb-54-15849 0
192 0 <urn:uuid:672b3301-1799-44d4-936b-928c4098d473> 4
156 0 clueweb12-0005wb-16-12569 0
179 0 clueweb12-0201wb-04-11540 0
187 0 <urn:uuid:d0009153-e2b4-48d1-9f89-8827c4a1021c> 0
168 0 clueweb12-0012wb-02-27100 1
162 0 clueweb12-0104wb-89-29063 0
194 0 clueweb12-0008wb-63-31474 0
165 0 <urn:uuid:722a909c-3a30-4036-84ad-5a82bfd757e0> 0
165 0 <urn:uuid:75815524-0017-435d-9ced-e5c488810bee> 0
179 0 clueweb12-0207wb-02-04195 0
163 0 <urn:uuid:30763101-7a14-4992-814e-24a7d6560a7f> 0
188 0 clueweb12-0102wb-00-09532 0
166 0 clueweb12-0001wb-09-24342 0
195 0 clueweb12-1910wb-12-27647 0
162 0 clueweb12-0104wb-28-12046 0
185 0 clueweb12-0102wb-16-18872 0
170 0 clueweb12-0103wb-97-02746 0
196 0 clueweb12-0000wb-30-02423 1
165 0 clueweb12-0210wb-82-09334 0
170 0 clueweb12-0104wb-14-16771 0
195 0 clueweb12-1413wb-32-15018 0
187 0 clueweb12-0202wb-67-24332 1
162 0 clueweb12-0109wb-57-13686 2
176 0 <urn:uuid:a0bd39bf-d526-408c-b711-a89223782c2a> 0
169 0 <urn:uuid:00000942-dcce-44ac-9126-1885af114d3d> 0
170 0 clueweb12-0205wb-56-30189 0
180 0 clueweb12-0203wb-96-30738 0
153 0 clueweb12-0611wb-57-23224 0
153 0 clueweb12-0209wb-22-18785 1
171 0 clueweb12-1901wb-11-26420 0
153 0 clueweb12-0209wb-07-30391 1
153 0 clueweb12-0007wb-16-00834 1
171 0 <urn:uuid:05c84e06-3098-4df9-9191-4353c1640ca0> 0
172 0 clueweb12-0211wb-00-26589 1
165 0 clueweb12-0110wb-13-20471 3
168 0 <urn:uuid:6770defe-f311-4314-bde0-80062203c7f1> 0
169 0 clueweb12-0105wb-88-25010 0
163 0 clueweb12-0011wb-31-20419 0
172 0 clueweb12-0507wb-05-29184 1
180 0 clueweb12-0202wb-01-33939 0
153 0 clueweb12-0007wb-93-14407 1
153 0 clueweb12-0604wb-32-33730 0
171 0 clueweb12-0110wb-82-15374 4
177 0 clueweb12-0005wb-51-32594 1
193 0 clueweb12-0502wb-52-06737 0
197 0 clueweb12-0305wb-48-03997 0
154 0 clueweb12-1900wb-55-04484 4
166 0 clueweb12-0209wb-32-28660 -2
196 0 <urn:uuid:520cfcf3-278a-4880-891a-6fb445a1fa26> 0
166 0 clueweb12-0801wb-97-17488 0
187 0 clueweb12-0112wb-15-13027 0
176 0 clueweb12-0506wb-83-25566 0
167 0 clueweb12-0012wb-73-19168 0
161 0 <urn:uuid:0daf7687-79b8-4b8f-afb8-308d3d903132> 0
166 0 clueweb12-0211wb-05-15323 0
165 0 <urn:uuid:f76f7261-1194-4f18-8317-d75524ce50ef> 0
177 0 clueweb12-0206wb-38-15149 0
175 0 clueweb12-0512wb-62-06691 2
169 0 clueweb12-1013wb-52-32721 0
178 0 clueweb12-0806wb-14-00358 0
154 0 <urn:uuid:2e8aaeb5-63e3-49ed-aa7d-011605c5c81c> 0
166 0 clueweb12-0202wb-17-14784 0
151 0 clueweb12-0504wb-95-10182 0
169 0 <urn:uuid:09a3996b-f504-4d84-9b69-9179cd5f6511> 0
192 0 clueweb12-0910wb-47-12494 1
182 0 <urn:uuid:27a2ed82-ee00-4fa3-af5e-d5af96268bdd> 1
195 0 <urn:uuid:08dbffcc-51b8-418c-a927-9a696c6ffc09> 0
184 0 <urn:uuid:4b1a7cb7-4205-4668-9907-197f5b305b3e> 0
199 0 clueweb12-0112wb-17-32119 0
195 0 <urn:uuid:9a26779c-a69f-4ab2-8ea8-54b32a68a563> 0
160 0 <urn:uuid:960f1ac0-f0aa-4e20-bf0e-33fd470a5866> 0
170 0 clueweb12-0103wb-97-02736 0
166 0 clueweb12-0207wb-76-24554 0
175 0 clueweb12-0306wb-78-16555 0
178 0 <urn:uuid:bddf4e87-0559-4144-8740-54772fb6b4c8> 0
160 0 <urn:uuid:83c2985b-1fd0-41d9-adde-016b2c425147> 0
173 0 clueweb12-0601wb-56-30301 0
163 0 <urn:uuid:8f2b6081-240d-4580-bd90-9ae184d7b3b9> 0
179 0 clueweb12-0010wb-19-11073 0
199 0 clueweb12-0816wb-81-25227 0
188 0 clueweb12-0201wb-35-06532 0
180 0 clueweb12-1009wb-29-25921 0
179 0 clueweb12-0010wb-19-11072 0
179 0 clueweb12-0010wb-33-20118 0
179 0 clueweb12-0009wb-69-08893 1
197 0 clueweb12-0304wb-59-14403 4
180 0 clueweb12-0206wb-64-31648 0
166 0 clueweb12-0309wb-23-01672 0
151 0 clueweb12-1104wb-60-19095 0
166 0 <urn:uuid:e4be2ffa-87dc-4b3b-b650-442d230b5baa> 0
200 0 <urn:uuid:617b2bd2-69d2-4baa-8232-313bce286203> 0
161 0 clueweb12-0210wb-54-00781 0
182 0 clueweb12-0209wb-75-21840 1
196 0 clueweb12-0106wb-36-27630 1
182 0 clueweb12-0209wb-67-18541 1
182 0 clueweb12-0210wb-10-01245 4
182 0 clueweb12-0302wb-51-05615 1
176 0 clueweb12-1516wb-41-27051 0
162 0 clueweb12-0111wb-00-20067 0
182 0 clueweb12-1810wb-48-11110 0
199 0 clueweb12-0300wb-36-07062 1
199 0 clueweb12-0011wb-18-26550 1
171 0 <urn:uuid:c34a2e9c-e6a1-4e48-b89b-5e0fe0690e25> 0
160 0 clueweb12-0013wb-19-03821 0
160 0 <urn:uuid:7a531f45-1b9b-4153-82cd-810182215cf5> 0
174 0 clueweb12-0411wb-84-32286 0
160 0 <urn:uuid:4a257d96-ddf7-43d1-a9fe-f99eb1471841> 0
160 0 <urn:uuid:9a0d0de5-e11e-4da1-8bb8-60b22b0a3c7b> 0
180 0 clueweb12-0206wb-25-11571 0
184 0 clueweb12-0309wb-31-07961 0
195 0 <urn:uuid:44ed6b3c-cd83-4123-a57e-fb4dfa9b1036> 0
195 0 <urn:uuid:db7db4fa-28fe-48ab-b340-f50e462d5e70> 0
195 0 <urn:uuid:14df4a41-38de-4a38-9b7a-322ec0bdce21> 0
195 0 <urn:uuid:5e8e1c5a-67d1-4be8-9adf-7f7ab0cb5c5e> 0
173 0 clueweb12-0207wb-66-05968 0
195 0 <urn:uuid:aa098ce9-c184-4f2a-8481-8ecb85d9a0e0> 0
161 0 clueweb12-1400wb-95-29152 0
172 0 <urn:uuid:8037bbe5-6dab-4802-8162-877a42c551b2> 0
171 0 clueweb12-1612wb-18-17587 -2
165 0 clueweb12-0211wb-34-32384 0
165 0 clueweb12-0211wb-22-17437 0
197 0 clueweb12-0207wb-03-13310 4
166 0 clueweb12-0104wb-04-34066 0
182 0 <urn:uuid:518e4ab3-e374-4178-967d-39ce97af35dd> 0
182 0 <urn:uuid:d4689a78-221e-4742-8066-a47d734fd907> 3
165 0 clueweb12-0300wb-43-04813 0
176 0 clueweb12-0001wb-08-00070 0
184 0 clueweb12-0204wb-77-10323 0
169 0 clueweb12-0000wb-69-08444 1
169 0 <urn:uuid:d8433c1b-a1fa-44de-9014-40e5f41e8cfd> 0
189 0 clueweb12-1516wb-72-27339 0
197 0 clueweb12-0200wb-50-11483 0
193 0 <urn:uuid:ec03dbe9-33c8-4a34-8132-cf471a9f286e> 0
176 0 clueweb12-0211wb-42-21882 0
186 0 clueweb12-1201wb-85-07796 0
186 0 clueweb12-1201wb-93-10273 0
179 0 <urn:uuid:936c4061-c6bb-4a49-8969-6d92b2062326> 0
185 0 clueweb12-1307wb-83-31273 -2
194 0 clueweb12-0110wb-21-09891 0
179 0 clueweb12-1308wb-55-13699 -2
197 0 clueweb12-0604wb-78-19398 4
168 0 clueweb12-0010wb-16-19327 0
155 0 clueweb12-1111wb-45-17224 4
179 0 clueweb12-0904wb-11-15079 0
184 0 clueweb12-0006wb-24-15527 0
170 0 <urn:uuid:4e4db815-58f7-47f4-9267-75211e071459> 0
158 0 <urn:uuid:98f03aca-e7f4-4594-bda0-ee01bec1d9e4> 0
151 0 clueweb12-0818wb-76-16378 1
154 0 clueweb12-1005wb-33-28753 0
165 0 <urn:uuid:51a78102-6828-4840-842c-4bf51d6c82d8> 0
169 0 clueweb12-0104wb-86-29827 1
151 0 clueweb12-0010wb-23-20101 1
151 0 clueweb12-0009wb-66-15621 1
175 0 <urn:uuid:ed61dff1-1569-4897-b111-32a56d9d5722> 0
187 0 <urn:uuid:3e21ae96-9703-4fc4-b8e2-5c870b4c38b1> 0
162 0 clueweb12-0207wb-69-12965 0
183 0 <urn:uuid:45008f48-d8b8-4c75-adbf-31cf81db8338> 0
196 0 clueweb12-0009wb-74-05053 0
177 0 clueweb12-0101wb-73-19485 0
166 0 <urn:uuid:f15f97a3-7368-43af-abee-718dcea3759d> 0
169 0 clueweb12-0108wb-37-10183 0
166 0 clueweb12-0607wb-34-02736 0
197 0 clueweb12-0104wb-68-04817 0
157 0 clueweb12-0208wb-53-03651 0
182 0 clueweb12-1709wb-69-02257 1
194 0 clueweb12-0008wb-94-34592 0
174 0 clueweb12-0108wb-37-00806 0
166 0 clueweb12-0405wb-58-22764 0
179 0 clueweb12-0308wb-09-21026 0
177 0 clueweb12-0203wb-43-05128 0
156 0 <urn:uuid:19eb1b05-daef-4328-b51e-eee77ed84e99> 1
156 0 <urn:uuid:a3a1f154-9cd1-4c8d-bd39-4600f79c0ec3> 0
156 0 <urn:uuid:773ed238-512e-4974-816f-bd533119d100> 0
189 0 <urn:uuid:4056d072-f8da-4686-9e07-3e82f4a2a3c3> 0
178 0 <urn:uuid:593590e1-f9d4-4e21-aed6-6a13418284ea> 0
197 0 <urn:uuid:4f68563c-95cf-4785-a751-de4f4fc58528> 1
192 0 clueweb12-0000wb-24-25848 0
188 0 clueweb12-0200wb-60-07437 0
158 0 clueweb12-0501wb-21-00797 0
199 0 clueweb12-0109wb-92-08403 0
162 0 clueweb12-0202wb-45-18780 0
156 0 clueweb12-0302wb-20-08983 0
154 0 <urn:uuid:73e56002-2f77-450c-82be-53dd9b44498a> 0
176 0 clueweb12-1709wb-41-03658 0
194 0 clueweb12-0205wb-10-20639 0
169 0 clueweb12-0110wb-64-03175 1
167 0 clueweb12-0607wb-86-01402 0
180 0 clueweb12-0201wb-29-20298 1
176 0 clueweb12-0007wb-00-27893 0
155 0 clueweb12-0405wb-02-16209 0
189 0 <urn:uuid:09d9cb37-1fd8-4398-b174-3d91fc76ad9e> 0
189 0 <urn:uuid:5c0f0b7a-265a-464c-a930-e84179e8a100> 3
175 0 clueweb12-0101wb-15-02502 0
185 0 clueweb12-0905wb-26-25820 1
163 0 clueweb12-0100wb-27-05475 4
154 0 <urn:uuid:43c60a24-c374-44c3-ae6b-917e2a3b1c79> 4
168 0 clueweb12-0002wb-45-06196 0
186 0 <urn:uuid:be22b7d6-19bd-4c16-b0b7-d02a353d6a1b> 1
169 0 clueweb12-0202wb-15-26223 0
186 0 clueweb12-1201wb-93-10281 0
174 0 clueweb12-0100wb-76-10165 0
183 0 clueweb12-0110wb-18-23924 0
183 0 clueweb12-0110wb-70-10756 0
189 0 clueweb12-1600wb-04-03065 0
155 0 clueweb12-0201wb-79-06992 0
182 0 <urn:uuid:33b29a8a-ee65-4dfd-8c1d-f54a0bb7e226> 1
182 0 clueweb12-0300wb-56-28967 0
151 0 clueweb12-0012wb-69-05646 0
199 0 clueweb12-1700wb-30-06864 1
175 0 clueweb12-0306wb-97-11096 2
151 0 clueweb12-0010wb-81-28269 0
194 0 clueweb12-1802wb-25-16766 0
159 0 clueweb12-0102wb-10-12910 0
154 0 clueweb12-1415wb-35-08647 0
164 0 <urn:uuid:c1d38d1d-a9b7-4bd4-b991-e6c9f9264a90> 0
192 0 clueweb12-0301wb-83-22928 0
188 0 <urn:uuid:a9119265-c300-464b-ba17-cf4aa92761f8> 0
197 0 clueweb12-1010wb-93-03087 0
183 0 clueweb12-0202wb-29-04785 0
199 0 clueweb12-0004wb-95-30116 1
196 0 clueweb12-0109wb-44-06093 1
194 0 clueweb12-0104wb-93-07062 0
165 0 clueweb12-0303wb-41-14160 0
181 0 <urn:uuid:592ce714-940d-4a01-94c2-0a1e00bcf1c7> 1
182 0 clueweb12-0200wb-47-25959 0
165 0 <urn:uuid:d3a68a95-266f-4406-8b10-b9311ce17c67> 0
151 0 clueweb12-0007wb-54-03342 1
151 0 clueweb12-0008wb-53-18129 2
151 0 <urn:uuid:04398dac-a140-4929-9688-3cc43deabd84> 4
151 0 clueweb12-0008wb-11-10365 1
176 0 clueweb12-1507wb-88-19239 0
177 0 <urn:uuid:49be5198-3dbb-43a1-b611-b0fe5a967c2d> 1
174 0 clueweb12-0004wb-46-09132 0
160 0 clueweb12-0002wb-34-07763 1
197 0 <urn:uuid:92576e06-e637-4983-9ecb-93a223b09fb2> 1
157 0 <urn:uuid:c1fa3cb4-51e9-4d47-a661-130847f01e83> 0
154 0 clueweb12-0405wb-09-16048 0
165 0 <urn:uuid:79a340c6-e0e2-4b96-aab1-c886d9b028ae> 4
162 0 <urn:uuid:f0378202-cbe9-4afc-a4f1-40e9076206dd> 0
180 0 clueweb12-0207wb-89-25180 0
197 0 clueweb12-0210wb-10-18728 0
168 0 clueweb12-0310wb-71-14090 0
179 0 clueweb12-0504wb-09-13872 -2
199 0 <urn:uuid:52c442e2-8e46-4d15-85f1-a83c4fc3d444> 0
175 0 clueweb12-0311wb-58-01846 2
155 0 clueweb12-0102wb-58-25449 0
151 0 clueweb12-0211wb-84-19532 0
165 0 clueweb12-0204wb-48-32953 0
188 0 <urn:uuid:affbabd8-f24e-4d2f-beb9-ec2c54d1485b> 0
155 0 clueweb12-0206wb-05-25618 0
170 0 <urn:uuid:f2169641-8acf-42f8-8b20-5c604e632b61> 0
184 0 clueweb12-0105wb-45-26279 0
189 0 <urn:uuid:16fab224-f4ef-47c5-8b6f-45bdaf78b27e> 0
169 0 clueweb12-1017wb-01-05765 0
197 0 clueweb12-0109wb-64-15900 0
174 0 clueweb12-0607wb-60-31438 0
192 0 <urn:uuid:8d8a6dc3-9550-4a4d-8be9-2ae45584d109> 0
155 0 clueweb12-1701wb-89-02347 0
153 0 <urn:uuid:970cc511-73b0-43d7-a605-8b550ff96d98> 1
173 0 clueweb12-0109wb-75-01782 0
183 0 clueweb12-1105wb-24-01767 0
177 0 clueweb12-0208wb-35-17672 0
154 0 <urn:uuid:75fbb6ee-c5f5-4718-906f-596d41bc4831> 0
151 0 clueweb12-1513wb-79-11621 0
185 0 clueweb12-0111wb-87-27866 -2
185 0 clueweb12-0907wb-93-02797 0
175 0 clueweb12-0000wb-90-14919 2
175 0 clueweb12-0000wb-31-19345 0
185 0 clueweb12-0908wb-02-04888 0
152 0 clueweb12-0009wb-37-01767 0
169 0 clueweb12-0206wb-56-15470 0
167 0 <urn:uuid:90df0c73-a5d4-4935-b949-bcb7e77ebe67> 1
197 0 clueweb12-1703wb-71-06592 0
156 0 clueweb12-1205wb-66-16397 0
194 0 <urn:uuid:1be70d79-ec50-4368-8079-3270f18afc29> 0
174 0 <urn:uuid:214fd03f-9f65-4d74-8446-9d2074d8c64d> 0
180 0 <urn:uuid:b9225243-803c-4361-850d-2cc9bf775b80> 0
185 0 clueweb12-0908wb-02-04893 0
185 0 clueweb12-0907wb-93-02798 0
185 0 clueweb12-0907wb-93-02802 0
177 0 clueweb12-0110wb-00-17875 0
172 0 <urn:uuid:d72a9c20-3b63-4337-a4cf-8aaf6f470592> 0
177 0 <urn:uuid:49aa3106-db78-4453-887f-37ea3cb1a883> 0
171 0 <urn:uuid:76b331fc-6cf7-4473-80ea-70fcaf67beab> 0
178 0 <urn:uuid:49fc5502-0a77-43fa-b18e-77c8863a62b9> 0
162 0 clueweb12-0103wb-52-20527 0
192 0 <urn:uuid:9c46d66b-2d7f-435f-beb0-bdf61217df22> 4
171 0 <urn:uuid:6e705335-69fb-493d-8e90-cbc47a3bb278> 0
199 0 clueweb12-0002wb-09-35274 0
186 0 clueweb12-0401wb-41-31981 0
151 0 clueweb12-0001wb-55-13557 4
165 0 clueweb12-0411wb-93-14088 0
174 0 clueweb12-0307wb-52-07671 0
174 0 clueweb12-0301wb-73-07241 0
174 0 clueweb12-0301wb-73-07243 0
165 0 clueweb12-0211wb-34-32380 0
179 0 <urn:uuid:c05d1012-870c-49f5-8503-688e9f147e19> 0
182 0 clueweb12-0109wb-32-09340 1
180 0 clueweb12-0204wb-79-11015 0
174 0 clueweb12-0004wb-90-12949 0
171 0 <urn:uuid:b1052f44-786d-4dd7-ba30-997570bc14f2> 0
173 0 clueweb12-0303wb-87-27714 1
171 0 <urn:uuid:f2703566-1997-4348-b4d5-f17aa956f49b> 1
168 0 clueweb12-0005wb-03-21861 0
161 0 clueweb12-0206wb-10-33990 0
166 0 clueweb12-0109wb-48-11119 0
166 0 clueweb12-1316wb-28-07137 0
157 0 clueweb12-0002wb-63-08383 0
153 0 <urn:uuid:440f91c5-fd39-4875-98e7-5466caa1528e> 1
166 0 clueweb12-0608wb-41-15983 0
188 0 clueweb12-0716wb-62-15599 0
168 0 clueweb12-0107wb-45-05214 0
180 0 <urn:uuid:ed8a5ccc-91cc-4068-8557-5545dc6aa00b> 0
189 0 clueweb12-1600wb-04-03073 0
165 0 clueweb12-0401wb-24-12713 0
153 0 <urn:uuid:0f96a8da-f49e-4f7a-abe7-f4a970343436> 1
154 0 <urn:uuid:9b254330-a84f-4b9d-bb95-8f2e69fc5197> 0
183 0 clueweb12-0110wb-49-19985 0
188 0 clueweb12-0203wb-83-32248 0
188 0 clueweb12-0203wb-79-10022 0
188 0 clueweb12-0203wb-88-02773 0
188 0 clueweb12-0201wb-91-02898 0
188 0 clueweb12-0203wb-83-32250 0
184 0 <urn:uuid:d4860f74-8b7a-4d6a-a487-0faa06aa1d76> 0
181 0 clueweb12-0105wb-72-16660 0
154 0 <urn:uuid:b7356ba8-5f61-4738-832e-1a13ba066f0f> 1
166 0 clueweb12-0209wb-43-11287 0
174 0 clueweb12-0504wb-13-04599 1
199 0 clueweb12-0111wb-50-04391 1
197 0 clueweb12-0913wb-33-17487 4
175 0 clueweb12-0000wb-77-27004 0
152 0 <urn:uuid:f9c4322d-e800-4deb-93a7-a9c4fce9eb8e> 0
152 0 clueweb12-0009wb-51-26558 0
175 0 clueweb12-0000wb-77-27009 4
175 0 clueweb12-0000wb-77-27008 4
175 0 clueweb12-0000wb-02-07823 2
187 0 clueweb12-0301wb-54-06142 0
164 0 clueweb12-0107wb-68-25252 4
167 0 <urn:uuid:3b5fe7e4-4886-4f53-8933-af44b477b5c7> 0
188 0 <urn:uuid:be55b49a-5c25-494c-a79f-9c5926c89c7e> 0
199 0 clueweb12-0208wb-61-05468 1
171 0 clueweb12-0200wb-62-20380 0
154 0 clueweb12-0102wb-01-29391 0
182 0 clueweb12-0104wb-96-26114 4
181 0 clueweb12-0000wb-64-21793 0
192 0 clueweb12-1018wb-54-09276 0
168 0 clueweb12-0602wb-68-02530 0
167 0 clueweb12-0307wb-35-06272 0
163 0 clueweb12-0202wb-95-30697 1
184 0 clueweb12-0716wb-88-18318 0
174 0 clueweb12-0003wb-22-03166 0
158 0 clueweb12-0206wb-06-03510 1
166 0 clueweb12-1504wb-84-27432 0
191 0 clueweb12-0204wb-29-27021 0
179 0 clueweb12-0400wb-59-01422 0
182 0 <urn:uuid:2d71ffe9-509f-415e-b262-84abe7069415> 1
163 0 clueweb12-0009wb-90-25690 0
188 0 clueweb12-0209wb-77-30606 0
155 0 clueweb12-1516wb-60-32550 0
155 0 clueweb12-1516wb-55-14464 0
169 0 clueweb12-0000wb-19-09345 1
197 0 <urn:uuid:d4ee525a-0592-44a4-8f88-74e87705f29b> 0
197 0 <urn:uuid:6fc92c1d-aa79-4c9c-8686-b73f887d0612> 0
187 0 <urn:uuid:2b09d173-f0af-418b-b6aa-6466d7ed970f> 1
173 0 <urn:uuid:4451d705-305e-4b3c-8da2-7453b26ae40b> 1
172 0 <urn:uuid:91aaa824-807d-4f36-ad47-9d7eb4d8c031> 4
151 0 clueweb12-0301wb-34-18182 0
197 0 <urn:uuid:29142cf5-e30e-495a-a8c6-83a80ac4b843> 0
182 0 clueweb12-1508wb-15-07360 0
166 0 <urn:uuid:33261b97-f9b7-4eaa-b8bb-fa3d0676f09e> 0
184 0 clueweb12-0210wb-32-08697 0
159 0 <urn:uuid:b3f053ef-2e31-400a-83a9-4eb5d1258993> 0
160 0 clueweb12-0510wb-07-01320 0
196 0 <urn:uuid:916e5bf6-0efc-4f96-ab9c-50a734cc34df> 1
177 0 <urn:uuid:3e282567-95ee-4d4c-b1a2-c6cca9641335> 0
160 0 <urn:uuid:3b02cde0-de57-4114-a55c-ad6d09e2696e> 0
183 0 <urn:uuid:8314425f-7d4b-4632-8133-b66c9346e613> 0
186 0 clueweb12-0102wb-42-02655 0
170 0 <urn:uuid:7862fbf4-67f0-4d6a-bbfd-13ffea4b4919> 0
170 0 <urn:uuid:a550b175-0ead-4f0f-9cee-3a194233acdc> 0
181 0 clueweb12-1807wb-25-17108 0
181 0 clueweb12-1807wb-25-17109 0
181 0 clueweb12-1807wb-25-17110 0
162 0 clueweb12-0001wb-24-09948 4
180 0 clueweb12-0305wb-22-10308 1
189 0 clueweb12-0210wb-19-32673 0
181 0 clueweb12-1807wb-26-30778 0
173 0 clueweb12-0500wb-00-03823 1
181 0 clueweb12-1807wb-26-30767 0
154 0 clueweb12-0306wb-94-15292 0
199 0 clueweb12-0504wb-85-09546 1
161 0 clueweb12-1702wb-45-27169 0
194 0 clueweb12-0013wb-65-20370 0
162 0 clueweb12-1106wb-00-19787 0
179 0 <urn:uuid:e096df45-8423-49db-8241-19f4aa024758> 0
154 0 clueweb12-0013wb-56-06674 0
161 0 clueweb12-1703wb-01-03332 0
172 0 clueweb12-0202wb-59-10876 4
163 0 <urn:uuid:105f6130-4ad8-4578-87af-f9ef5792d887> 0
169 0 <urn:uuid:b30f3e29-3cc8-4b44-9c41-3feb86f28720> 0
187 0 clueweb12-0001wb-84-28136 4
169 0 clueweb12-0111wb-45-17606 0
176 0 clueweb12-0510wb-54-19440 0
176 0 <urn:uuid:b6c9d68e-ae9b-4442-819f-efbf0383ad6d> 0
161 0 clueweb12-1701wb-78-25721 0
188 0 <urn:uuid:7d04921a-1297-4291-a8e9-e8f31efeb1ae> 0
192 0 clueweb12-1311wb-63-02881 4
161 0 clueweb12-1702wb-98-04092 0
161 0 clueweb12-1702wb-13-20438 0
161 0 clueweb12-1702wb-33-12861 0
151 0 clueweb12-0917wb-41-16012 0
161 0 clueweb12-1701wb-25-01354 0
161 0 clueweb12-1701wb-25-01355 0
153 0 clueweb12-0608wb-64-04715 0
179 0 clueweb12-0101wb-21-20944 0
161 0 clueweb12-1702wb-33-12862 0
186 0 clueweb12-0006wb-89-11799 0
195 0 <urn:uuid:ff3eab0d-2547-425e-9db5-a87a3dd11cf1> 0
170 0 clueweb12-0611wb-25-09718 0
151 0 clueweb12-0001wb-68-35474 1
177 0 clueweb12-0303wb-17-11558 0
178 0 clueweb12-0110wb-13-07144 0
187 0 clueweb12-0611wb-51-13880 0
199 0 <urn:uuid:e34e87cd-e317-4c93-bbfa-d29cf4cb8f65> 1
169 0 clueweb12-1903wb-11-22844 0
163 0 clueweb12-0105wb-70-01923 1
160 0 clueweb12-1902wb-55-09476 0
180 0 <urn:uuid:e58c8fcf-f16d-4b83-a2af-416e1c8704dc> 0
183 0 <urn:uuid:b401fb88-9ce6-4f43-9b15-3ac831d82852> 0
174 0 <urn:uuid:8ab285a0-5037-4a37-982d-0d92c3e29225> 4
161 0 clueweb12-0211wb-80-11727 0
194 0 clueweb12-0111wb-64-09630 0
160 0 clueweb12-1902wb-52-11406 0
160 0 clueweb12-1902wb-55-09475 0
176 0 clueweb12-1216wb-49-23937 0
174 0 clueweb12-0100wb-81-26787 0
156 0 clueweb12-1203wb-88-22151 0
194 0 clueweb12-0717wb-23-26935 0
167 0 clueweb12-0101wb-56-34006 0
168 0 clueweb12-0208wb-75-03634 0
168 0 <urn:uuid:dbaf865d-0388-44a3-a896-455ef4fafd4b> 0
163 0 clueweb12-0605wb-47-22315 4
195 0 clueweb12-0105wb-52-10946 0
195 0 clueweb12-0105wb-52-10945 0
163 0 clueweb12-0202wb-20-34224 1
156 0 clueweb12-0608wb-51-22328 0
185 0 clueweb12-0108wb-29-31217 2
189 0 <urn:uuid:e631748d-1191-46b2-8967-83473ce2a70f> 0
189 0 <urn:uuid:90e1c882-4b39-4683-af5c-63e37c16e994> 0
189 0 <urn:uuid:7191c733-f7ac-4938-8ef3-f34293af64eb> 0
189 0 <urn:uuid:58371eb1-d2ca-44e9-856a-73e388c345be> 0
189 0 <urn:uuid:63bce4e8-0c41-45ad-a7f3-3513a7d4eb48> 0
179 0 clueweb12-1900wb-76-17959 0
200 0 clueweb12-0100wb-92-10001 0
185 0 clueweb12-0106wb-17-20349 2
199 0 <urn:uuid:3499b99c-bb62-4a2a-b5d3-2074186b2288> 0
192 0 <urn:uuid:406bb6d7-659a-4b5c-9017-cdfade18de70> 0
189 0 <urn:uuid:de3dbf74-76e4-4bd5-aae9-7ebf31336cac> 0
189 0 <urn:uuid:e393e731-8d49-4750-8383-3a59aad24ce9> 0
189 0 <urn:uuid:cc3a7050-80ab-4d45-9a37-8ace53b75d23> 0
160 0 clueweb12-1902wb-55-09477 0
181 0 <urn:uuid:3e3077c2-fd2c-4274-b025-67c617837a09> 0
199 0 clueweb12-0208wb-21-11396 1
177 0 clueweb12-1002wb-03-04545 0
169 0 <urn:uuid:b06f5ba5-0a8b-4ec7-ae1e-dad0343318ea> 1
151 0 <urn:uuid:b5c61b52-2c91-4d4b-b3e0-7b00a558b715> 4
170 0 clueweb12-0002wb-17-08664 0
182 0 clueweb12-0206wb-07-16950 0
197 0 <urn:uuid:35a381e1-3130-46fe-869a-6e7aa44d9256> 0
161 0 clueweb12-0202wb-34-22282 0
192 0 clueweb12-0304wb-14-16801 0
163 0 clueweb12-0210wb-11-05656 0
182 0 clueweb12-0011wb-79-15273 1
183 0 clueweb12-0104wb-65-19294 0
178 0 clueweb12-0301wb-67-22988 0
151 0 clueweb12-0916wb-94-02770 0
174 0 <urn:uuid:2a71e7a8-382e-48ff-bff1-746532b9d0c2> 0
174 0 clueweb12-0109wb-56-21133 0
196 0 clueweb12-0107wb-40-22866 1
158 0 <urn:uuid:9c8d0b76-e54d-42d2-9b0a-6c6a3ceef1f0> 0
186 0 <urn:uuid:1a726d40-04a3-46db-ad4b-70f99d87f115> 0
165 0 clueweb12-0003wb-95-03653 0
170 0 clueweb12-0107wb-97-05344 0
199 0 clueweb12-0811wb-84-26691 0
171 0 clueweb12-0006wb-40-17314 0
165 0 clueweb12-0303wb-57-13976 0
154 0 clueweb12-0009wb-91-01434 0
185 0 clueweb12-1307wb-93-02195 -2
188 0 <urn:uuid:a2c0278c-c973-4008-a083-ea39dd99028a> 0
197 0 clueweb12-1705wb-24-22909 2
154 0 clueweb12-0105wb-77-27902 0
154 0 clueweb12-0105wb-56-19219 0
154 0 clueweb12-0001wb-55-29970 0
171 0 <urn:uuid:66b4d59f-bb56-4a18-bef5-a51a47ff5e45> 0
180 0 clueweb12-0206wb-38-00638 0
197 0 clueweb12-0206wb-72-34216 1
183 0 clueweb12-1216wb-48-16007 0
183 0 clueweb12-0407wb-72-12313 0
175 0 <urn:uuid:9f525bdc-1015-4dda-8877-2349c9e978c8> 2
176 0 <urn:uuid:896d7bbd-b13d-491f-bab0-0ae0773ced8a> 0
174 0 clueweb12-0305wb-32-30775 0
187 0 clueweb12-0914wb-21-13921 0
184 0 <urn:uuid:d9f3e02a-07f3-48e2-b658-3bebf9e84f03> 0
165 0 clueweb12-0510wb-92-24616 0
183 0 clueweb12-0502wb-65-09264 1
167 0 clueweb12-0211wb-83-20049 0
153 0 clueweb12-0605wb-36-12760 1
162 0 clueweb12-0506wb-57-04176 0
158 0 <urn:uuid:5e471c03-3c07-4398-a0d1-a2836398dde6> 1
153 0 clueweb12-0209wb-07-30394 0
153 0 clueweb12-0607wb-09-21742 1
167 0 clueweb12-0011wb-77-03146 2
197 0 clueweb12-0210wb-38-04341 0
163 0 clueweb12-0305wb-47-28745 1
153 0 clueweb12-0303wb-10-09626 0
199 0 clueweb12-0112wb-12-28599 1
171 0 clueweb12-0010wb-35-18194 0
188 0 <urn:uuid:ac4867cc-22fa-4e5b-bcae-36d720b5f607> 0
192 0 <urn:uuid:d4f6bf6c-5bd7-4b42-a965-16cdd4b2389a> 0
175 0 clueweb12-0004wb-96-03868 2
165 0 clueweb12-1206wb-58-08162 0
174 0 <urn:uuid:6e77a281-914c-4883-8350-1b8dd187d759> 0
195 0 <urn:uuid:f95bdf07-9b61-4381-9552-7e89dd15a032> 0
186 0 clueweb12-0808wb-27-14240 0
185 0 <urn:uuid:8832dfa6-a655-4ade-b9bf-4aed14ee0f89> 4
160 0 clueweb12-1301wb-60-20814 0
170 0 <urn:uuid:8c98e2b3-dac1-44f1-8c4f-84d6cdd05efb> 0
194 0 clueweb12-1808wb-76-20771 0
185 0 clueweb12-0406wb-03-20981 0
173 0 clueweb12-0702wb-43-17411 0
165 0 clueweb12-0207wb-38-02203 4
180 0 clueweb12-0000wb-34-31300 -2
175 0 clueweb12-0100wb-09-07683 0
165 0 clueweb12-0402wb-06-09852 0
193 0 clueweb12-1018wb-65-17999 0
172 0 clueweb12-0001wb-99-29884 0
192 0 <urn:uuid:46ac4ceb-8080-48f0-abc4-4e7ffe1ab2ae> 1
166 0 clueweb12-0013wb-55-05090 0
172 0 clueweb12-1909wb-73-12788 1
153 0 <urn:uuid:7ec9c569-52eb-4248-a512-d422a0f30a13> 0
188 0 clueweb12-0110wb-77-30052 0
154 0 <urn:uuid:2f89245a-6af4-47b0-bc37-21db8786a8e2> 0
153 0 <urn:uuid:3f54420f-d980-443e-ba5a-a1253562eecb> 0
172 0 clueweb12-1502wb-98-05458 1
172 0 clueweb12-0205wb-08-13121 0
197 0 clueweb12-1705wb-24-22912 0
154 0 clueweb12-1100wb-43-17544 0
154 0 clueweb12-1100wb-47-30018 0
167 0 clueweb12-0000wb-11-08412 0
191 0 <urn:uuid:19d8f1d3-5541-4182-9e30-b35e8f2526a4> 0
175 0 <urn:uuid:7b9a632e-c83b-4fea-8e43-02386c3abf02> 0
153 0 <urn:uuid:5d1d0bbd-78b0-485d-a6a0-4bf1452c4c4c> 0
199 0 <urn:uuid:2758cad8-556f-4f28-82b0-f23ba44a319a> 0
197 0 clueweb12-0012wb-83-16854 0
174 0 clueweb12-1008wb-48-02358 0
153 0 clueweb12-0209wb-40-18710 1
180 0 clueweb12-0203wb-89-31551 0
188 0 clueweb12-0002wb-13-06581 -2
165 0 clueweb12-0203wb-60-04288 0
189 0 clueweb12-1600wb-04-03079 0
189 0 clueweb12-1516wb-78-02618 0
168 0 clueweb12-0112wb-43-30258 -2
199 0 <urn:uuid:3d2dea3a-6a43-409c-be16-870ce742fb40> 0
172 0 clueweb12-0406wb-41-01003 0
196 0 clueweb12-0505wb-80-31778 4
165 0 clueweb12-0808wb-76-04852 0
180 0 clueweb12-0206wb-10-05156 0
172 0 clueweb12-1309wb-85-21031 1
197 0 clueweb12-0000wb-78-24479 0
183 0 clueweb12-0200wb-13-19452 0
168 0 clueweb12-1406wb-47-16440 0
184 0 <urn:uuid:bd0bf489-544e-4cf8-9e1d-922276c53174> 0
153 0 <urn:uuid:3f1f98eb-b117-44bb-a834-253599788444> 1
154 0 <urn:uuid:f372fb00-bc70-46dc-8c0b-7d16e8341cf5> 0
167 0 clueweb12-0011wb-10-16835 0
185 0 clueweb12-0000wb-37-32819 -2
185 0 clueweb12-0001wb-54-04802 -2
170 0 clueweb12-1704wb-15-26468 0
165 0 clueweb12-0202wb-48-03871 0
151 0 clueweb12-1813wb-31-19247 1
151 0 clueweb12-0111wb-57-34856 1
186 0 <urn:uuid:2836ce53-9e1f-4f79-b3e8-b549c61b19cf> 0
182 0 <urn:uuid:7e2f0768-8f2b-4ac8-8cba-36dff7e38e9a> 1
182 0 clueweb12-0110wb-36-23186 4
197 0 clueweb12-1705wb-24-22917 0
185 0 clueweb12-0004wb-67-20304 -2
174 0 clueweb12-0303wb-48-07655 4
192 0 clueweb12-0208wb-58-28333 0
166 0 <urn:uuid:1e974f58-0ab5-4b39-9959-f43a79e53a5c> 0
181 0 <urn:uuid:e0eeb3ad-e484-4695-9618-193742099743> 0
194 0 clueweb12-0105wb-55-24378 0
172 0 clueweb12-0913wb-60-11961 0
179 0 <urn:uuid:a83dcae0-7752-4270-97c6-506d44fe73f0> 0
178 0 clueweb12-0202wb-74-03537 4
197 0 clueweb12-0003wb-09-10494 0
165 0 clueweb12-0411wb-96-05463 0
165 0 clueweb12-0411wb-96-05462 3
200 0 <urn:uuid:59951ec5-ad4a-4db9-a614-01245ac43b6a> 0
195 0 clueweb12-0103wb-84-05652 0
165 0 clueweb12-0411wb-68-25915 0
199 0 clueweb12-0200wb-61-31381 1
192 0 clueweb12-1005wb-88-07736 0
177 0 clueweb12-0104wb-78-11732 1
165 0 clueweb12-0112wb-00-22580 0
164 0 clueweb12-1515wb-83-02710 4
186 0 clueweb12-1603wb-34-25053 0
156 0 clueweb12-0002wb-22-23238 0
177 0 clueweb12-1715wb-39-19706 0
177 0 clueweb12-1715wb-37-09461 0
157 0 clueweb12-1906wb-91-03164 4
165 0 clueweb12-0000wb-31-28057 0
168 0 clueweb12-0106wb-06-24896 0
165 0 clueweb12-0411wb-68-25919 0
156 0 clueweb12-0510wb-37-23749 0
160 0 <urn:uuid:804c7092-07a1-414d-b0da-a5c765fb7021> 0
165 0 clueweb12-0411wb-76-14821 0
196 0 clueweb12-0106wb-03-18521 1
163 0 clueweb12-1609wb-64-16196 0
182 0 <urn:uuid:66769fa5-1611-49c3-8d72-54cd94b47a67> 0
162 0 clueweb12-0506wb-57-04177 0
166 0 <urn:uuid:54ca1e62-e09c-46d4-8681-61256c7f01bc> 0
170 0 <urn:uuid:9021773f-51c2-4750-83f5-9630e97c93fd> 0
181 0 clueweb12-0002wb-80-03603 0
177 0 <urn:uuid:4d40ae80-c923-4882-9cf1-d926eccb6c38> 0
181 0 <urn:uuid:8e4ec8c9-7be3-4966-b0eb-2334ad04f9d9> 0
199 0 clueweb12-0000wb-48-33472 -2
151 0 clueweb12-0814wb-16-17749 1
160 0 <urn:uuid:312355a5-4732-4cf8-8a31-051147f40c5e> 4
182 0 clueweb12-1201wb-36-22028 1
151 0 clueweb12-1504wb-67-04510 1
176 0 <urn:uuid:6f184d1a-f599-48c7-a70c-1ee1dc2a43f2> 0
163 0 <urn:uuid:bbcbb721-510d-438a-a3be-517ee1e783ad> 0
195 0 <urn:uuid:a5bbc47b-4102-4bf2-ab7a-593b284a1e63> 0
192 0 clueweb12-0110wb-66-13025 0
168 0 <urn:uuid:a2f6079d-84b6-41f0-b860-70b05a85bc33> 0
192 0 clueweb12-0209wb-45-07586 0
199 0 <urn:uuid:5188f504-7459-47b1-8f95-43ca8387a020> 0
161 0 clueweb12-0000wb-51-14200 0
191 0 <urn:uuid:2d359436-742c-42c4-bd5f-240647437c8e> 0
188 0 clueweb12-0106wb-42-24632 0
174 0 clueweb12-0301wb-73-07244 0
182 0 clueweb12-1216wb-96-02530 0
199 0 clueweb12-0203wb-93-05318 -2
174 0 clueweb12-0211wb-37-25341 0
166 0 <urn:uuid:5fa2e4ea-5689-441b-a469-60c69604e83d> 0
166 0 <urn:uuid:edd72143-83e8-484a-a2f2-1d6efee9130b> 0
155 0 clueweb12-0105wb-01-04896 2
155 0 clueweb12-0105wb-01-04897 0
175 0 <urn:uuid:7796ef5b-a185-4211-ad12-4bfa4bd1e7b0> 2
194 0 clueweb12-0303wb-90-18190 0
194 0 clueweb12-0304wb-20-17758 0
170 0 clueweb12-0207wb-59-08449 0
163 0 clueweb12-0004wb-24-29432 0
194 0 clueweb12-0008wb-77-05476 0
172 0 clueweb12-0208wb-76-25096 0
187 0 <urn:uuid:92d6f7b8-390a-4f5e-80ec-f49249959032> 0
174 0 <urn:uuid:2581c60d-c1ca-4490-8959-8968b0d45b8b> 0
160 0 clueweb12-0405wb-87-23078 0
165 0 <urn:uuid:a2882d0b-5a1d-4944-9aa1-d27dc20180d6> 0
176 0 clueweb12-0712wb-17-08179 0
174 0 clueweb12-0105wb-00-10009 0
177 0 clueweb12-0003wb-65-31347 0
180 0 clueweb12-0412wb-24-18399 0
172 0 clueweb12-0207wb-57-11054 0
163 0 clueweb12-0111wb-66-28450 0
157 0 clueweb12-0006wb-99-06200 0
195 0 <urn:uuid:49fe50a3-c3c4-4db6-85d5-73a1be1f6da8> 0
162 0 clueweb12-0013wb-55-04769 0
182 0 clueweb12-0405wb-42-10150 1
194 0 clueweb12-0104wb-70-02039 0
177 0 clueweb12-0106wb-88-05299 0
195 0 <urn:uuid:4fad1ede-ef42-487c-9ef9-dceeb042356a> 0
176 0 clueweb12-0004wb-13-18206 0
186 0 clueweb12-0409wb-55-25216 1
177 0 <urn:uuid:3067fc7a-e45b-4d26-bd12-d31b0d6af596> 0
192 0 <urn:uuid:ec19e71f-a121-4094-ad26-9953be1cc5a6> 0
151 0 clueweb12-1020wb-61-06617 0
154 0 <urn:uuid:b9a33493-b09a-4735-bf45-e9f02b85d388> 0
199 0 clueweb12-0110wb-15-10287 0
172 0 <urn:uuid:6cc1ff0e-717e-47b1-bcf9-d4de7cdd264d> 1
152 0 clueweb12-0808wb-01-23748 0
166 0 <urn:uuid:62f3b36c-8121-4df2-8267-948fc14f61fd> 0
162 0 clueweb12-0109wb-35-00308 0
174 0 clueweb12-0210wb-43-30838 0
160 0 <urn:uuid:4458d997-ca4a-441d-a7d2-bd72087ba418> 0
160 0 <urn:uuid:61702510-ab53-45cc-8656-08cac7d53a62> 0
161 0 clueweb12-0206wb-15-24482 0
196 0 clueweb12-0202wb-53-19901 1
191 0 <urn:uuid:2dd4dcb3-5c89-4ade-83d6-50efe31e1ae5> 0
160 0 <urn:uuid:fc431b11-4f26-4502-b83d-72ffa7cbc3bb> 0
160 0 <urn:uuid:7a078fa9-ba97-46e0-b0e1-73e9bd21bdc3> 0
160 0 <urn:uuid:e5469e52-131d-4278-9d73-4f7efc8f7a9d> 0
160 0 <urn:uuid:8df09d98-97aa-442b-9b49-23af6415810c> 0
153 0 clueweb12-1912wb-16-07028 0
153 0 clueweb12-1912wb-59-06477 0
163 0 clueweb12-0211wb-51-08614 0
186 0 clueweb12-0919wb-60-11174 -2
185 0 clueweb12-1814wb-97-14722 0
154 0 clueweb12-0203wb-42-29231 4
196 0 clueweb12-0107wb-54-03111 0
154 0 clueweb12-0108wb-26-13046 0
196 0 <urn:uuid:1bdf5c30-6684-4302-a27b-178c7b8ddbce> 1
169 0 <urn:uuid:5e448e89-54e1-4059-bdec-843d5549d38c> 0
153 0 <urn:uuid:3394bd6e-59cd-4466-aeca-8fd1b094e4e0> 1
192 0 clueweb12-1010wb-18-19381 0
163 0 clueweb12-0013wb-41-23922 0
170 0 clueweb12-0106wb-54-28728 0
179 0 clueweb12-1116wb-71-08436 0
194 0 clueweb12-0004wb-58-20563 0
192 0 <urn:uuid:a1f90b68-964f-45c4-9725-627e4674f5c9> 0
171 0 clueweb12-0205wb-50-00626 0
156 0 clueweb12-0001wb-40-22076 0
175 0 clueweb12-0600wb-76-35640 0
172 0 clueweb12-0400wb-49-21212 0
182 0 <urn:uuid:c1d10785-5781-42bd-9553-1f1a2cbe4552> 0
177 0 clueweb12-0003wb-76-05048 -2
154 0 clueweb12-1307wb-63-08644 2
174 0 clueweb12-0000wb-15-30867 0
166 0 clueweb12-0310wb-72-09776 0
154 0 clueweb12-0110wb-32-30517 1
167 0 <urn:uuid:4fd30c5f-d666-4990-a21c-53826a82a4f0> 2
174 0 <urn:uuid:c7bd443a-4591-49d2-b95f-7c5195daa7e4> 0
199 0 clueweb12-0202wb-91-18371 0
180 0 clueweb12-1305wb-46-16855 0
181 0 <urn:uuid:c4e7f9cd-22af-4701-afda-75b9b1a2ab70> 0
156 0 clueweb12-0012wb-16-16159 0
199 0 <urn:uuid:ca49d2b3-fb31-4aec-87a6-20425f402888> 0
171 0 clueweb12-0404wb-37-30690 0
174 0 clueweb12-0208wb-63-35327 0
173 0 clueweb12-0109wb-78-15052 0
174 0 clueweb12-0208wb-19-14382 0
197 0 clueweb12-0209wb-37-33085 0
197 0 <urn:uuid:3290ad6a-aae4-4269-bbcb-44db44bd0fb3> 0
180 0 clueweb12-0211wb-94-31220 0
163 0 clueweb12-0211wb-84-15979 0
180 0 <urn:uuid:a03bd4e1-3f15-4696-a85a-e94bff70146e> 0
156 0 <urn:uuid:2fb3f350-a120-48a6-b5f5-53a70c270934> 0
169 0 clueweb12-0006wb-87-07644 0
187 0 clueweb12-1705wb-33-16922 1
169 0 clueweb12-0401wb-66-01686 0
194 0 clueweb12-0104wb-11-03372 0
194 0 <urn:uuid:cae0ca1b-8d7f-4dc4-bdf9-0f4cfd753abf> 0
180 0 clueweb12-0207wb-64-14968 0
180 0 clueweb12-0207wb-72-05735 0
172 0 <urn:uuid:3df61d14-c49c-4ad0-b2b7-2dde5f778eea> 1
162 0 clueweb12-0404wb-16-14749 0
180 0 clueweb12-0207wb-56-26507 0
180 0 clueweb12-0207wb-79-17824 0
180 0 clueweb12-0207wb-64-14966 0
180 0 clueweb12-0207wb-56-26509 0
180 0 clueweb12-0207wb-72-05734 0
163 0 clueweb12-0110wb-22-31788 0
170 0 clueweb12-0108wb-11-30019 0
154 0 <urn:uuid:9162d4eb-5b55-48ca-84db-3443e7780257> 0
194 0 <urn:uuid:6456b71f-a257-43af-b279-2c8f4415e878> 0
172 0 clueweb12-0102wb-67-14910 0
197 0 <urn:uuid:600244c1-cf9c-41ce-a777-e63c1d3aaffd> 0
185 0 clueweb12-0111wb-87-27861 1
154 0 <urn:uuid:a617b2fa-73c7-45b2-aada-f3e1456e6707> -2
191 0 clueweb12-0407wb-57-13465 0
168 0 clueweb12-0110wb-01-07409 0
180 0 <urn:uuid:db4d50ca-89da-4ecb-8ea3-40a98b19ecbc> 0
165 0 <urn:uuid:59ee7d35-10d8-4ce8-9dbb-cc3768232076> 0
173 0 <urn:uuid:e23a8ac6-f11d-49a0-aafe-64ee8bc2a3b5> 0
154 0 <urn:uuid:b7399b38-995d-408f-99d0-8808ef454119> 4
176 0 clueweb12-1904wb-55-17456 0
165 0 clueweb12-0004wb-07-26988 0
165 0 clueweb12-0000wb-94-28248 0
165 0 clueweb12-0003wb-43-02587 0
165 0 clueweb12-0003wb-43-02583 0
166 0 <urn:uuid:2f1848d7-6562-4575-80fb-5d41934b902a> 0
177 0 clueweb12-0001wb-68-35482 0
169 0 clueweb12-0003wb-97-16192 1
199 0 clueweb12-0701wb-03-05719 0
180 0 clueweb12-0007wb-00-02467 0
169 0 clueweb12-0207wb-98-21822 0
185 0 <urn:uuid:43ed1763-b1fd-4ed5-8003-ced3c42ae256> -2
185 0 <urn:uuid:bcf896a4-bf9b-430b-b130-74d34074dc73> 0
199 0 clueweb12-0210wb-57-06054 1
157 0 <urn:uuid:ee2b5f12-a0d2-42cb-be3d-8d0c1bc98b6e> 0
178 0 clueweb12-0106wb-27-21702 0
176 0 clueweb12-0011wb-67-18707 0
155 0 <urn:uuid:f4a36ab5-884f-4827-acfd-9da4e8ac0f17> 4
183 0 clueweb12-0204wb-35-10485 2
174 0 clueweb12-0306wb-88-09182 0
182 0 clueweb12-0013wb-22-06236 4
154 0 clueweb12-0006wb-89-31264 0
165 0 <urn:uuid:6369b978-84ff-4570-a9aa-32f99f716275> 0
170 0 clueweb12-0110wb-95-31831 0
168 0 <urn:uuid:be07690c-23ac-4fd8-b0c7-56daba57a47f> 1
170 0 clueweb12-0210wb-55-04293 0
173 0 clueweb12-0003wb-11-16736 0
199 0 clueweb12-0202wb-99-33641 0
168 0 clueweb12-0911wb-24-23836 0
167 0 <urn:uuid:d2869039-b65e-48d6-94ba-1904d095a6e8> 0
184 0 clueweb12-0200wb-08-13242 0
175 0 clueweb12-0000wb-07-03898 0
193 0 <urn:uuid:322d5842-4397-4c39-aa31-b81b26451dcc> 0
176 0 clueweb12-0005wb-34-01551 0
168 0 <urn:uuid:fe98f5e5-c814-4e51-9e7f-20f60099aef7> 0