154 0 clueweb12-1404wb-78-06109 0
151 0 clueweb12-0814wb-98-09806 0
151 0 clueweb12-0816wb-32-17231 0
196 0 clueweb12-0008wb-49-24804 1
181 0 clueweb12-1807wb-06-09670 0
181 0 clueweb12-1807wb-15-18921 0
181 0 clueweb12-1807wb-18-23262 0
192 0 clueweb12-0208wb-41-16222 -2
199 0 clueweb12-1416wb-02-10382 0
165 0 clueweb12-0211wb-04-05066 3
180 0 clueweb12-1009wb-21-04575 0
183 0 clueweb12-0110wb-00-31758 0
175 0 clueweb12-0001wb-43-15377 0
186 0 clueweb12-1006wb-69-12352 0
194 0 clueweb12-0207wb-28-07945 1
166 0 clueweb12-0109wb-16-26224 0
173 0 clueweb12-0512wb-57-14683 1
171 0 clueweb12-0104wb-41-19526 0
183 0 clueweb12-0103wb-21-15542 0
154 0 clueweb12-0002wb-30-17579 0
154 0 clueweb12-0201wb-81-12264 0
155 0 clueweb12-0205wb-09-33955 0
174 0 clueweb12-0209wb-78-32877 0
185 0 clueweb12-0203wb-97-02923 -2
174 0 clueweb12-0509wb-70-05030 0
180 0 clueweb12-1807wb-07-11054 3
182 0 clueweb12-0209wb-79-19176 1
179 0 clueweb12-0809wb-09-10604 0
168 0 clueweb12-1210wb-28-17987 0
155 0 clueweb12-0102wb-66-00732 4
169 0 clueweb12-0100wb-97-14236 0
191 0 clueweb12-0103wb-50-11028 0
192 0 clueweb12-0111wb-65-30238 0
181 0 clueweb12-0501wb-84-23853 0
179 0 clueweb12-0505wb-26-18385 0
184 0 clueweb12-0108wb-89-05374 0
180 0 clueweb12-1200wb-46-13039 0
183 0 clueweb12-0011wb-29-27005 0
159 0 clueweb12-1814wb-37-09629 2
185 0 clueweb12-0107wb-80-31026 1
168 0 clueweb12-0107wb-09-09026 0
181 0 clueweb12-0502wb-77-28003 1
185 0 clueweb12-0107wb-80-31033 1
197 0 clueweb12-0714wb-21-19678 2
189 0 clueweb12-1516wb-74-16444 0
151 0 clueweb12-1105wb-65-12169 4
174 0 clueweb12-0003wb-97-35620 0
160 0 clueweb12-0105wb-26-02575 0
181 0 clueweb12-1807wb-18-23261 0
200 0 clueweb12-0009wb-44-11843 0
181 0 clueweb12-1807wb-36-30425 0
154 0 clueweb12-0205wb-49-17523 0
200 0 clueweb12-0009wb-02-02252 0
189 0 clueweb12-1516wb-78-02620 0
155 0 clueweb12-0111wb-46-15345 0
155 0 clueweb12-0110wb-46-01672 0
189 0 clueweb12-1516wb-84-21513 0
180 0 clueweb12-1010wb-45-07252 0
169 0 clueweb12-0300wb-21-01753 0
194 0 clueweb12-0009wb-43-21760 0
167 0 clueweb12-0111wb-43-16123 0
197 0 clueweb12-0304wb-72-04022 1
174 0 clueweb12-1611wb-54-00672 0
192 0 clueweb12-0112wb-59-23137 1
161 0 clueweb12-1401wb-80-17256 0
194 0 clueweb12-0209wb-18-11598 0
182 0 clueweb12-0305wb-87-17321 1
168 0 clueweb12-1810wb-65-09246 0
166 0 clueweb12-0900wb-15-26896 0
165 0 clueweb12-0310wb-49-14974 0
169 0 clueweb12-0205wb-99-30144 0
189 0 clueweb12-1009wb-71-18333 0
178 0 clueweb12-0200wb-73-15133 4
166 0 clueweb12-0209wb-22-31946 0
154 0 clueweb12-0106wb-00-26348 0
185 0 clueweb12-0106wb-40-03635 0
160 0 clueweb12-0300wb-94-31756 0
194 0 clueweb12-0013wb-53-26796 0
177 0 clueweb12-1910wb-18-26206 0
185 0 clueweb12-0104wb-93-06926 0
195 0 clueweb12-0200wb-26-21898 0
151 0 clueweb12-0200wb-42-32296 1
174 0 clueweb12-0108wb-13-25493 0
184 0 clueweb12-0006wb-17-11986 0
196 0 clueweb12-0508wb-88-11843 1
153 0 clueweb12-0209wb-15-32969 4
182 0 clueweb12-0210wb-96-11106 1
182 0 clueweb12-0210wb-96-11110 1
183 0 clueweb12-0204wb-33-29889 0
153 0 clueweb12-0209wb-15-32970 1
163 0 clueweb12-1207wb-33-06770 1
168 0 clueweb12-0111wb-11-03952 0
151 0 clueweb12-0001wb-03-18832 1
163 0 clueweb12-1610wb-86-14540 0
151 0 clueweb12-0008wb-60-10145 1
153 0 clueweb12-0209wb-07-30392 0
196 0 clueweb12-0306wb-54-09729 1
153 0 clueweb12-0606wb-81-07667 1
153 0 clueweb12-0008wb-63-02344 1
153 0 clueweb12-0608wb-64-04716 0
153 0 clueweb12-0006wb-66-02429 0
151 0 clueweb12-0008wb-53-18131 4
151 0 clueweb12-0008wb-11-10354 1
168 0 clueweb12-0605wb-48-15176 0
189 0 clueweb12-1412wb-91-23724 0
160 0 clueweb12-0200wb-44-25468 0
196 0 clueweb12-0406wb-86-01365 0
188 0 clueweb12-1805wb-98-13567 0
194 0 clueweb12-0205wb-10-20640 0
174 0 clueweb12-0208wb-90-29028 0
192 0 clueweb12-0905wb-66-14410 0
182 0 clueweb12-0702wb-87-16498 0
151 0 clueweb12-0402wb-41-06648 0
199 0 clueweb12-0013wb-33-05904 4
175 0 clueweb12-0506wb-30-15040 2
199 0 clueweb12-0902wb-01-13349 1
199 0 clueweb12-0000wb-41-05430 0
156 0 clueweb12-0804wb-10-22406 0
184 0 clueweb12-0308wb-23-14864 0
181 0 clueweb12-0905wb-09-09225 0
172 0 clueweb12-0203wb-39-27232 0
176 0 clueweb12-0107wb-57-27511 0
165 0 clueweb12-0110wb-80-18784 0
197 0 clueweb12-0911wb-82-16859 0
185 0 clueweb12-0111wb-79-32723 -2
159 0 clueweb12-1900wb-21-09835 0
200 0 clueweb12-0602wb-88-23615 0
185 0 clueweb12-0200wb-98-06892 0
169 0 clueweb12-0105wb-37-26616 1
188 0 clueweb12-0200wb-63-08387 0
181 0 clueweb12-1216wb-41-12284 1
151 0 clueweb12-0209wb-26-09705 4
162 0 clueweb12-0104wb-57-12612 0
156 0 clueweb12-1616wb-70-18084 0
165 0 clueweb12-0111wb-28-21390 3
165 0 clueweb12-0111wb-47-13149 3
160 0 clueweb12-0200wb-72-16144 0
182 0 clueweb12-0302wb-61-30288 -2
151 0 clueweb12-0805wb-36-08961 0
175 0 clueweb12-0408wb-71-18155 4
182 0 clueweb12-0210wb-67-24093 -2
197 0 clueweb12-0105wb-85-11213 1
181 0 clueweb12-0210wb-81-21240 0
174 0 clueweb12-1306wb-08-07617 0
179 0 clueweb12-1814wb-82-17070 -2
159 0 clueweb12-1615wb-14-17604 0
191 0 clueweb12-0107wb-45-28083 0
152 0 clueweb12-0404wb-62-09985 0
177 0 clueweb12-0306wb-66-23473 0
195 0 clueweb12-1020wb-56-19395 0
162 0 clueweb12-0001wb-32-11856 0
177 0 clueweb12-0306wb-66-23466 0
165 0 clueweb12-0203wb-69-30931 0
172 0 clueweb12-0205wb-08-13130 1
174 0 clueweb12-1101wb-30-04641 0
154 0 clueweb12-0311wb-71-08807 0
177 0 clueweb12-0207wb-92-27144 1
154 0 clueweb12-1211wb-03-30139 4
162 0 clueweb12-1800wb-88-12138 2
168 0 clueweb12-0105wb-80-05115 0
170 0 clueweb12-0205wb-65-20039 0
172 0 clueweb12-0209wb-08-07976 0
199 0 clueweb12-0110wb-56-08627 1
163 0 clueweb12-1712wb-53-13059 0
175 0 clueweb12-0008wb-41-20770 1
184 0 clueweb12-0200wb-25-33639 4
165 0 clueweb12-0004wb-07-26996 0
169 0 clueweb12-0011wb-38-19368 0
181 0 clueweb12-0107wb-94-24290 0
157 0 clueweb12-0211wb-33-12496 0
165 0 clueweb12-0003wb-28-15767 0
165 0 clueweb12-0003wb-68-03230 2
162 0 clueweb12-0109wb-02-28409 0
197 0 clueweb12-0012wb-29-06640 4
182 0 clueweb12-0005wb-31-25519 4
160 0 clueweb12-0200wb-52-30526 0
160 0 clueweb12-0202wb-35-02656 0
182 0 clueweb12-0211wb-35-02308 0
182 0 clueweb12-0211wb-42-18928 1
182 0 clueweb12-0210wb-15-31427 0
182 0 clueweb12-0210wb-15-31426 0
182 0 clueweb12-0210wb-10-01259 1
184 0 clueweb12-0204wb-26-15317 0
180 0 clueweb12-0109wb-17-04988 0
193 0 clueweb12-1408wb-52-00977 0
192 0 clueweb12-0303wb-76-21043 0
184 0 clueweb12-0200wb-20-08650 0
189 0 clueweb12-0208wb-36-01271 0
197 0 clueweb12-0410wb-69-16199 4
187 0 clueweb12-0300wb-95-02233 0
196 0 clueweb12-0110wb-33-25291 1
191 0 clueweb12-0108wb-96-15164 0
165 0 clueweb12-1600wb-08-21537 0
174 0 clueweb12-0210wb-81-03045 4
182 0 clueweb12-0010wb-98-00587 4
163 0 clueweb12-0201wb-34-26102 0
191 0 clueweb12-0103wb-55-00963 0
170 0 clueweb12-0011wb-90-21810 0
191 0 clueweb12-0716wb-83-13578 1
165 0 clueweb12-1107wb-13-14449 0
165 0 clueweb12-1107wb-11-11262 0
180 0 clueweb12-0716wb-13-14688 0
170 0 clueweb12-1211wb-36-04950 0
192 0 clueweb12-0304wb-21-02338 0
177 0 clueweb12-0000wb-36-05306 0
195 0 clueweb12-0308wb-72-22453 0
166 0 clueweb12-0612wb-60-05083 0
182 0 clueweb12-0202wb-34-08551 1
197 0 clueweb12-0106wb-94-02175 1
152 0 clueweb12-0105wb-21-30274 0
197 0 clueweb12-0101wb-97-27303 1
195 0 clueweb12-0103wb-59-18532 0
167 0 clueweb12-0202wb-44-21243 0
182 0 clueweb12-0112wb-09-26902 1
175 0 clueweb12-0111wb-62-07373 1
165 0 clueweb12-0702wb-63-13787 -2
160 0 clueweb12-0303wb-30-01981 0
188 0 clueweb12-1807wb-26-03600 0
188 0 clueweb12-1807wb-26-03599 0
166 0 clueweb12-0305wb-28-06370 0
185 0 clueweb12-0107wb-57-31523 4
169 0 clueweb12-0013wb-33-10839 0
188 0 clueweb12-0003wb-85-32015 -2
162 0 clueweb12-0103wb-71-09354 0
151 0 clueweb12-1012wb-94-15719 1
180 0 clueweb12-1212wb-49-05185 4
176 0 clueweb12-0703wb-53-05571 0
154 0 clueweb12-0102wb-25-13363 1
153 0 clueweb12-0300wb-69-11095 0
169 0 clueweb12-0610wb-08-25242 0
196 0 clueweb12-0108wb-52-06638 1
169 0 clueweb12-0211wb-56-12155 0
169 0 clueweb12-0208wb-50-20006 1
188 0 clueweb12-1301wb-47-25041 0
175 0 clueweb12-0204wb-22-03421 0
164 0 clueweb12-0110wb-21-03579 0
177 0 clueweb12-0112wb-32-06693 0
197 0 clueweb12-0411wb-14-20190 0
151 0 clueweb12-0203wb-76-06763 0
155 0 clueweb12-1905wb-30-00380 0
181 0 clueweb12-0411wb-54-19756 0
196 0 clueweb12-0111wb-98-10746 0
199 0 clueweb12-0109wb-34-13670 1
176 0 clueweb12-0200wb-17-11102 0
191 0 clueweb12-0107wb-72-03474 0
189 0 clueweb12-0607wb-08-00571 3
170 0 clueweb12-0013wb-10-30292 0
198 0 clueweb12-0204wb-30-30845 1
194 0 clueweb12-0706wb-49-16722 0
199 0 clueweb12-1114wb-09-21040 0
189 0 clueweb12-0207wb-57-06302 0
182 0 clueweb12-0206wb-35-31520 1
165 0 clueweb12-1200wb-04-06988 0
179 0 clueweb12-0305wb-29-29754 4
165 0 clueweb12-0103wb-90-05059 0
180 0 clueweb12-0004wb-80-18251 0
160 0 clueweb12-0511wb-39-09413 0
165 0 clueweb12-0206wb-27-20427 0
189 0 clueweb12-0207wb-90-04184 0
176 0 clueweb12-0815wb-88-09885 0
165 0 clueweb12-0300wb-76-21601 3
170 0 clueweb12-0012wb-65-02789 0
187 0 clueweb12-0300wb-30-04275 0
172 0 clueweb12-0500wb-61-24124 2
168 0 clueweb12-0809wb-06-24292 1
189 0 clueweb12-0605wb-00-06660 0
163 0 clueweb12-0004wb-58-22275 0
155 0 clueweb12-0000wb-17-11183 0
180 0 clueweb12-0304wb-28-12645 0
189 0 clueweb12-0608wb-62-22304 0
180 0 clueweb12-0203wb-90-26269 0
180 0 clueweb12-0203wb-96-30743 0
193 0 clueweb12-1201wb-77-18608 0
180 0 clueweb12-0304wb-21-02329 0
172 0 clueweb12-0209wb-48-13023 1
169 0 clueweb12-0412wb-06-01223 0
185 0 clueweb12-0013wb-52-13728 0
167 0 clueweb12-1709wb-92-26018 0
199 0 clueweb12-0202wb-91-18373 0
186 0 clueweb12-1405wb-41-06608 0
177 0 clueweb12-0916wb-13-10883 1
200 0 clueweb12-0106wb-04-32146 1
161 0 clueweb12-0202wb-85-31575 0
157 0 clueweb12-0203wb-59-08014 0
173 0 clueweb12-0205wb-10-23210 1
155 0 clueweb12-0609wb-00-08044 0
172 0 clueweb12-0205wb-85-15318 0
194 0 clueweb12-0105wb-65-18127 0
185 0 clueweb12-1307wb-83-31276 -2
191 0 clueweb12-1408wb-58-18765 0
170 0 clueweb12-1606wb-73-06150 0
194 0 clueweb12-0103wb-54-11349 0
192 0 clueweb12-0100wb-88-19630 0
182 0 clueweb12-1303wb-17-25520 1
151 0 clueweb12-1701wb-30-20298 1
163 0 clueweb12-0310wb-76-04359 0
152 0 clueweb12-0105wb-09-19696 0
165 0 clueweb12-0803wb-41-04794 0
167 0 clueweb12-0102wb-04-20168 0
151 0 clueweb12-1212wb-60-28709 0
162 0 clueweb12-0809wb-16-29902 0
152 0 clueweb12-0105wb-09-19697 0
194 0 clueweb12-0104wb-32-09593 0
191 0 clueweb12-0109wb-69-06709 0
189 0 clueweb12-0205wb-73-09874 0
189 0 clueweb12-0205wb-73-09877 0
199 0 clueweb12-0902wb-01-13334 0
151 0 clueweb12-1813wb-45-10408 1
151 0 clueweb12-1813wb-67-20831 0
154 0 clueweb12-0209wb-55-15037 0
189 0 clueweb12-1600wb-07-19515 0
189 0 clueweb12-1600wb-07-19518 0
189 0 clueweb12-1516wb-81-11129 0
158 0 clueweb12-0008wb-41-06543 0
169 0 clueweb12-0204wb-41-26137 0
193 0 clueweb12-0609wb-84-18136 0
158 0 clueweb12-0010wb-82-32619 0
181 0 clueweb12-1302wb-55-21294 0
154 0 clueweb12-1914wb-08-02314 1
178 0 clueweb12-0604wb-25-32528 4
167 0 clueweb12-0916wb-36-03906 0
166 0 clueweb12-0901wb-69-01975 0
192 0 clueweb12-1805wb-68-28979 0
176 0 clueweb12-0509wb-43-04150 0
182 0 clueweb12-0002wb-84-36983 2
157 0 clueweb12-0206wb-09-02816 0
156 0 clueweb12-0804wb-10-22459 0
194 0 clueweb12-0103wb-37-22904 0
156 0 clueweb12-0804wb-10-22456 0
185 0 clueweb12-0102wb-04-02290 0
185 0 clueweb12-0204wb-37-19071 1
160 0 clueweb12-1902wb-44-05261 0
188 0 clueweb12-0204wb-52-14862 1
187 0 clueweb12-0012wb-73-19171 0
175 0 clueweb12-0007wb-04-00550 0
188 0 clueweb12-0106wb-33-04443 0
151 0 clueweb12-1813wb-67-20838 1
186 0 clueweb12-0206wb-96-13538 0
186 0 clueweb12-0000wb-00-14508 1
163 0 clueweb12-0107wb-53-33575 0
194 0 clueweb12-0103wb-90-04653 0
160 0 clueweb12-1612wb-55-28149 0
181 0 clueweb12-0603wb-46-04384 0
178 0 clueweb12-0111wb-39-08300 4
178 0 clueweb12-0305wb-84-17065 0
181 0 clueweb12-1907wb-17-21336 0
155 0 clueweb12-0206wb-20-18822 0
181 0 clueweb12-1907wb-17-21333 0
181 0 clueweb12-1907wb-11-20806 0
181 0 clueweb12-1907wb-17-21313 0
169 0 clueweb12-0904wb-29-24095 0
167 0 clueweb12-0303wb-06-28941 0
152 0 clueweb12-0010wb-60-10292 0
184 0 clueweb12-1610wb-00-05369 0
178 0 clueweb12-0304wb-06-33676 -2
192 0 clueweb12-0112wb-04-29668 0
177 0 clueweb12-0910wb-80-22673 0
175 0 clueweb12-0304wb-67-06659 0
154 0 clueweb12-0105wb-45-27394 0
166 0 clueweb12-0102wb-69-09665 0
183 0 clueweb12-0607wb-36-00756 0
153 0 clueweb12-0009wb-35-20148 0
152 0 clueweb12-0104wb-72-31232 0
151 0 clueweb12-0204wb-88-10429 1
192 0 clueweb12-0101wb-15-20876 0
177 0 clueweb12-1508wb-37-05286 0
177 0 clueweb12-1508wb-48-24411 0
197 0 clueweb12-1606wb-36-19556 0
151 0 clueweb12-0000wb-20-20364 0
156 0 clueweb12-0001wb-40-22093 0
153 0 clueweb12-0210wb-72-19840 0
183 0 clueweb12-0210wb-37-24800 0
158 0 clueweb12-0203wb-75-13280 4
177 0 clueweb12-0112wb-46-26876 0
182 0 clueweb12-0008wb-76-23054 0
171 0 clueweb12-0409wb-50-27027 1
165 0 clueweb12-0906wb-09-35127 2
183 0 clueweb12-0003wb-69-35676 0
155 0 clueweb12-1716wb-99-27903 -2
172 0 clueweb12-0000wb-42-26836 0
171 0 clueweb12-0702wb-40-35487 0
160 0 clueweb12-1102wb-38-30063 0
167 0 clueweb12-0006wb-49-23369 0
163 0 clueweb12-0104wb-70-04798 0
173 0 clueweb12-0202wb-90-09868 1
199 0 clueweb12-0309wb-83-09909 4
178 0 clueweb12-0406wb-68-04342 0
177 0 clueweb12-0108wb-15-07895 0
194 0 clueweb12-0108wb-47-24254 0
161 0 clueweb12-0105wb-31-03350 0
156 0 clueweb12-0205wb-18-05098 1
175 0 clueweb12-0203wb-76-25161 4
181 0 clueweb12-1807wb-18-23259 0
181 0 clueweb12-1807wb-18-23256 0
181 0 clueweb12-1807wb-18-23258 0
166 0 clueweb12-0211wb-21-26740 0
157 0 clueweb12-1513wb-16-10067 0
182 0 clueweb12-0010wb-48-31007 4
172 0 clueweb12-0906wb-85-03290 0
192 0 clueweb12-0111wb-01-24220 0
177 0 clueweb12-0911wb-11-21672 0
177 0 clueweb12-0910wb-80-22677 0
164 0 clueweb12-0109wb-09-25254 0
165 0 clueweb12-0906wb-96-35025 0
191 0 clueweb12-0101wb-50-09978 1
156 0 clueweb12-0806wb-47-26095 0
165 0 clueweb12-0412wb-19-21425 0
192 0 clueweb12-0002wb-26-05182 1
181 0 clueweb12-0200wb-56-28230 0
162 0 clueweb12-0108wb-39-27260 0
168 0 clueweb12-0001wb-37-00881 0
154 0 clueweb12-0507wb-05-27021 0
192 0 clueweb12-0013wb-72-31905 0
169 0 clueweb12-0111wb-48-28738 1
199 0 clueweb12-1316wb-01-09383 1
200 0 clueweb12-0207wb-93-11811 0
170 0 clueweb12-1218wb-03-24883 0
170 0 clueweb12-0211wb-60-06698 0
169 0 clueweb12-0207wb-37-17432 0
199 0 clueweb12-1316wb-01-09387 0
151 0 clueweb12-1309wb-19-11338 1
153 0 clueweb12-0210wb-13-32858 1
200 0 clueweb12-0209wb-74-25506 0
183 0 clueweb12-0300wb-60-32123 4
173 0 clueweb12-0209wb-01-15248 0
154 0 clueweb12-0004wb-51-20488 0
160 0 clueweb12-1314wb-10-32121 0
184 0 clueweb12-1809wb-75-19912 0
151 0 clueweb12-0815wb-50-06291 1
192 0 clueweb12-0207wb-14-08023 1
182 0 clueweb12-0210wb-25-13196 3
162 0 clueweb12-0700wb-19-18567 0
169 0 clueweb12-1900wb-36-28766 1
180 0 clueweb12-1206wb-95-26284 0
192 0 clueweb12-0000wb-33-33523 0
197 0 clueweb12-0911wb-87-13373 0
173 0 clueweb12-0306wb-82-05000 1
155 0 clueweb12-0202wb-30-12155 0
182 0 clueweb12-0202wb-90-04948 4
177 0 clueweb12-1117wb-29-06360 0
185 0 clueweb12-0112wb-67-33130 0
178 0 clueweb12-0105wb-27-32789 0
162 0 clueweb12-0000wb-36-05308 2
171 0 clueweb12-0013wb-28-00215 0
175 0 clueweb12-0300wb-21-27735 0
154 0 clueweb12-0006wb-64-33324 0
188 0 clueweb12-0105wb-98-14473 0
184 0 clueweb12-0311wb-47-02715 0
158 0 clueweb12-1905wb-51-12868 1
165 0 clueweb12-0101wb-22-03111 0
165 0 clueweb12-1902wb-66-05976 2
184 0 clueweb12-0103wb-00-22773 0
184 0 clueweb12-0103wb-00-22775 0
184 0 clueweb12-0100wb-28-19321 0
196 0 clueweb12-0108wb-60-14954 0
175 0 clueweb12-1713wb-57-26535 0
164 0 clueweb12-0107wb-46-02030 2
154 0 clueweb12-0007wb-53-01338 0
154 0 clueweb12-0401wb-80-00395 1
196 0 clueweb12-0410wb-61-23972 4
197 0 clueweb12-0302wb-31-21938 0
194 0 clueweb12-0200wb-36-19274 0
194 0 clueweb12-0606wb-36-17260 0
199 0 clueweb12-0200wb-73-29778 1
199 0 clueweb12-0111wb-65-09746 1
157 0 clueweb12-1906wb-42-03981 0
153 0 clueweb12-0607wb-36-03837 1
153 0 clueweb12-0005wb-65-09995 0
153 0 clueweb12-0006wb-66-02422 1
153 0 clueweb12-0007wb-23-32384 1
153 0 clueweb12-0208wb-70-05488 1
176 0 clueweb12-0602wb-35-21695 0
189 0 clueweb12-1705wb-76-14594 0
163 0 clueweb12-0300tw-23-02834 1
170 0 clueweb12-0300wb-03-14378 0
179 0 clueweb12-0010wb-42-07767 0
179 0 clueweb12-0010wb-52-06560 0
170 0 clueweb12-0107wb-67-03028 1
181 0 clueweb12-0608wb-94-26504 0
181 0 clueweb12-0609wb-25-09926 0
182 0 clueweb12-0210wb-96-05060 1
182 0 clueweb12-0301wb-18-09708 1
180 0 clueweb12-0206wb-51-02408 3
153 0 clueweb12-1013wb-51-18052 0
182 0 clueweb12-0301wb-26-29033 1
195 0 clueweb12-0001wb-85-16791 0
182 0 clueweb12-0301wb-18-09706 1
174 0 clueweb12-0002wb-10-35323 0
183 0 clueweb12-0204wb-46-19498 0
155 0 clueweb12-0309wb-03-07165 0
199 0 clueweb12-0111wb-27-27621 1
197 0 clueweb12-0200wb-36-31158 0
168 0 clueweb12-0208wb-59-03718 1
153 0 clueweb12-0006wb-66-02419 1
169 0 clueweb12-0904wb-37-07265 1
187 0 clueweb12-0300wb-15-09719 0
174 0 clueweb12-0915wb-36-03441 0
169 0 clueweb12-0917wb-07-25086 0
174 0 clueweb12-0915wb-30-29101 0
185 0 clueweb12-0211wb-93-04097 -2
199 0 clueweb12-1912wb-63-15349 1
184 0 clueweb12-0208wb-17-29290 0
182 0 clueweb12-0212wb-26-23300 1
183 0 clueweb12-1105wb-24-01755 0
186 0 clueweb12-1217wb-36-15937 0
192 0 clueweb12-0200wb-84-14273 0
199 0 clueweb12-0409wb-08-22454 1
163 0 clueweb12-1207wb-29-05009 0
186 0 clueweb12-0912wb-75-08446 0
182 0 clueweb12-0210wb-09-29953 1
163 0 clueweb12-1207wb-29-05011 0
173 0 clueweb12-1010wb-83-06511 0
172 0 clueweb12-0505wb-36-19891 0
166 0 clueweb12-0302wb-07-08068 0
179 0 clueweb12-1217wb-77-00253 0
165 0 clueweb12-0707wb-19-08755 1
189 0 clueweb12-0204wb-75-25114 0
162 0 clueweb12-0103wb-52-20532 0
194 0 clueweb12-0103wb-94-11384 0
177 0 clueweb12-1309wb-11-22423 0
197 0 clueweb12-1600wb-30-13594 1
194 0 clueweb12-0403wb-11-11799 0
181 0 clueweb12-0004wb-19-11375 0
195 0 clueweb12-0713wb-65-17191 0
161 0 clueweb12-0102wb-55-20061 0
188 0 clueweb12-0106wb-26-29541 0
154 0 clueweb12-0402wb-09-09259 1
188 0 clueweb12-0106wb-42-24634 0
188 0 clueweb12-0106wb-33-04435 0
176 0 clueweb12-0302wb-76-34189 0
159 0 clueweb12-0209wb-01-09071 0
159 0 clueweb12-0209wb-91-02882 0
171 0 clueweb12-0410wb-48-21579 0
182 0 clueweb12-0210wb-74-17863 1
191 0 clueweb12-0503wb-54-04370 0
151 0 clueweb12-0008wb-72-25539 1
193 0 clueweb12-1007wb-89-13902 0
155 0 clueweb12-1600wb-71-29564 4
192 0 clueweb12-0106wb-33-15236 4
173 0 clueweb12-0109wb-64-08026 0
154 0 clueweb12-1214wb-28-11901 0
178 0 clueweb12-0013wb-03-23218 0
151 0 clueweb12-0308wb-52-09243 -2
175 0 clueweb12-0012wb-86-24584 0
185 0 clueweb12-0101wb-07-28953 1
154 0 clueweb12-0005wb-26-30679 0
155 0 clueweb12-0102wb-79-17790 0
164 0 clueweb12-1113wb-55-09465 4
163 0 clueweb12-0200wb-58-23421 1
158 0 clueweb12-0204wb-41-31875 0
195 0 clueweb12-0001wb-05-19050 0
173 0 clueweb12-0209wb-75-06226 0
164 0 clueweb12-1715wb-14-10410 4
181 0 clueweb12-1703wb-97-11225 0
169 0 clueweb12-0402wb-04-23975 0
167 0 clueweb12-0400wb-73-23752 0
197 0 clueweb12-0509wb-81-06495 4
186 0 clueweb12-0713wb-99-21482 1
186 0 clueweb12-0404wb-98-26104 1
186 0 clueweb12-0713wb-99-21481 1
176 0 clueweb12-0411wb-41-18080 0
177 0 clueweb12-0111wb-45-05865 0
163 0 clueweb12-0200wb-06-32601 0
182 0 clueweb12-0211wb-17-27782 1
153 0 clueweb12-0206wb-31-33057 0
181 0 clueweb12-1913wb-09-16462 0
158 0 clueweb12-0207wb-24-18617 1
196 0 clueweb12-0109wb-51-21205 0
183 0 clueweb12-0304wb-94-01328 0
174 0 clueweb12-0100wb-18-30643 0
199 0 clueweb12-0212wb-30-13643 1
174 0 clueweb12-0100wb-18-30645 1
197 0 clueweb12-0009wb-39-09471 0
196 0 clueweb12-1605wb-99-06318 0
185 0 clueweb12-0000wb-80-06045 -2
179 0 clueweb12-1008wb-04-17526 0
188 0 clueweb12-0110wb-08-10408 0
161 0 clueweb12-0301wb-64-34445 0
188 0 clueweb12-0105wb-07-30396 0
188 0 clueweb12-0105wb-75-09477 0
165 0 clueweb12-0407wb-41-04754 0
180 0 clueweb12-0206wb-60-19381 1
183 0 clueweb12-0304wb-66-21021 0
177 0 clueweb12-1014wb-26-27633 0
190 0 clueweb12-0714wb-63-32270 0
189 0 clueweb12-0208wb-18-29477 3
173 0 clueweb12-0205wb-69-22293 1
163 0 clueweb12-0200wb-19-22025 0
174 0 clueweb12-0300wb-27-00700 0
174 0 clueweb12-0100wb-24-15116 0
197 0 clueweb12-0202wb-76-23166 0
169 0 clueweb12-0605wb-59-26184 0
177 0 clueweb12-1508wb-53-15373 0
177 0 clueweb12-0210wb-14-11581 0
151 0 clueweb12-0111wb-45-05859 0
188 0 clueweb12-0100wb-16-00272 0
175 0 clueweb12-1511wb-70-11581 0
167 0 clueweb12-0100wb-34-23685 0
195 0 clueweb12-1806wb-81-22209 0
165 0 clueweb12-0206wb-61-00943 0
164 0 clueweb12-0207wb-72-11639 0
155 0 clueweb12-0010wb-45-10430 0
166 0 clueweb12-0101wb-87-24263 0
160 0 clueweb12-0303wb-31-08553 0
157 0 clueweb12-0104wb-41-18063 0
167 0 clueweb12-0101wb-77-22699 1
199 0 clueweb12-0107wb-94-26966 0
197 0 clueweb12-1315wb-96-27211 -2
173 0 clueweb12-0108wb-74-15820 0
165 0 clueweb12-0201wb-04-10524 0
155 0 clueweb12-0409wb-47-03710 0
170 0 clueweb12-0012wb-20-26187 0
180 0 clueweb12-0204wb-15-03650 0
164 0 clueweb12-0302wb-57-07010 0
179 0 clueweb12-0607wb-34-01536 0
188 0 clueweb12-0105wb-94-29166 0
161 0 clueweb12-0401wb-59-01935 0
176 0 clueweb12-0204wb-93-16511 0
188 0 clueweb12-0106wb-96-21307 1
166 0 clueweb12-0002wb-67-08665 -2
166 0 clueweb12-0111wb-04-02705 0
195 0 clueweb12-0110wb-33-27399 0
163 0 clueweb12-0305wb-99-28183 0
161 0 clueweb12-0112wb-67-20584 0
154 0 clueweb12-1415wb-62-13309 0
156 0 clueweb12-0108wb-00-13251 0
179 0 clueweb12-1710wb-30-20254 0
197 0 clueweb12-0000wb-68-03881 0
197 0 clueweb12-0112wb-07-22271 0
174 0 clueweb12-0100wb-74-10009 0
176 0 clueweb12-0206wb-44-04536 0
157 0 clueweb12-0300wb-03-05897 0
193 0 clueweb12-0206wb-53-34196 0
152 0 clueweb12-0002wb-06-07864 0
169 0 clueweb12-0002wb-56-23163 1
160 0 clueweb12-0000wb-00-38657 0
187 0 clueweb12-0508wb-03-00938 0
168 0 clueweb12-0111wb-85-13140 -2
165 0 clueweb12-0211wb-42-14909 4
169 0 clueweb12-0311wb-21-12044 0
197 0 clueweb12-1006wb-14-00798 0
181 0 clueweb12-0407wb-59-09075 0
181 0 clueweb12-0611wb-03-23674 0
183 0 clueweb12-0813wb-57-27372 0
182 0 clueweb12-0109wb-75-26612 1
199 0 clueweb12-0009wb-05-18015 1
176 0 clueweb12-0106wb-41-25766 0
170 0 clueweb12-0012wb-09-27173 0
179 0 clueweb12-0105wb-45-26279 0
193 0 clueweb12-0101wb-55-00797 1
186 0 clueweb12-1212wb-49-28751 0
185 0 clueweb12-0207wb-43-03981 1
170 0 clueweb12-0208wb-29-02593 0
179 0 clueweb12-0210wb-16-27497 0
169 0 clueweb12-0405wb-61-11799 0
169 0 clueweb12-0405wb-61-11797 0
169 0 clueweb12-0406wb-05-13571 0
169 0 clueweb12-0406wb-05-13569 0
196 0 clueweb12-0410wb-62-12178 1
167 0 clueweb12-0508wb-59-32186 1
167 0 clueweb12-0804wb-17-00496 0
200 0 clueweb12-0102wb-16-17394 0
181 0 clueweb12-0000wb-66-15080 0
199 0 clueweb12-0104wb-13-24528 0
169 0 clueweb12-0105wb-27-02208 0
195 0 clueweb12-0106wb-08-05658 0
195 0 clueweb12-0108wb-31-28462 1
177 0 clueweb12-0100wb-34-00055 0
186 0 clueweb12-0003wb-90-16335 1
155 0 clueweb12-0103wb-35-10182 0
156 0 clueweb12-0804wb-10-22457 0
194 0 clueweb12-0108wb-58-06581 0
151 0 clueweb12-0210wb-78-19570 4
163 0 clueweb12-0912wb-81-18459 4
197 0 clueweb12-0110wb-94-32587 0
182 0 clueweb12-0207wb-14-25720 1
172 0 clueweb12-0000wb-33-38821 0
197 0 clueweb12-1705wb-24-22905 0
174 0 clueweb12-0506wb-33-10018 0
194 0 clueweb12-0104wb-79-06784 0
169 0 clueweb12-0606wb-42-11090 0
188 0 clueweb12-0200wb-89-28224 0
188 0 clueweb12-0200wb-92-24086 0
182 0 clueweb12-0203wb-45-29613 4
188 0 clueweb12-0110wb-24-11104 0
177 0 clueweb12-0012wb-75-27466 0
174 0 clueweb12-0501wb-50-21560 0
188 0 clueweb12-0200wb-46-34199 0
162 0 clueweb12-0306wb-32-32390 0
179 0 clueweb12-0106wb-46-13496 0
185 0 clueweb12-0111wb-79-32720 0
199 0 clueweb12-0505wb-13-29448 0
167 0 clueweb12-0111wb-28-04321 4
164 0 clueweb12-0107wb-54-04735 2
183 0 clueweb12-0101wb-49-03806 0
192 0 clueweb12-0106wb-02-14480 0
164 0 clueweb12-0107wb-64-04162 2
151 0 clueweb12-0209wb-34-17475 1
177 0 clueweb12-0106wb-89-16478 0
185 0 clueweb12-0508wb-19-07854 4
172 0 clueweb12-0009wb-24-13963 4
153 0 clueweb12-1906wb-44-19448 0
167 0 clueweb12-0101wb-66-06031 0
172 0 clueweb12-0206wb-17-26603 4
153 0 clueweb12-0009wb-35-20149 1
193 0 clueweb12-0706wb-55-19585 0
183 0 clueweb12-0008wb-84-00844 0
194 0 clueweb12-0006wb-62-15986 0
189 0 clueweb12-1516wb-74-16446 0
194 0 clueweb12-0006wb-54-20295 0
192 0 clueweb12-1414wb-22-16538 0
167 0 clueweb12-0700wb-68-15912 0
198 0 clueweb12-1005wb-33-04326 0
162 0 clueweb12-0307wb-43-11400 0
186 0 clueweb12-0108wb-22-25477 0
176 0 clueweb12-1206wb-84-25634 0
184 0 clueweb12-0714wb-51-19912 0
176 0 clueweb12-1206wb-84-25632 0
176 0 clueweb12-1206wb-84-25633 0
156 0 clueweb12-0102wb-18-08138 0
151 0 clueweb12-0106wb-06-04148 1
151 0 clueweb12-0106wb-18-28100 1
175 0 clueweb12-0105wb-33-03557 0
195 0 clueweb12-0110wb-33-31713 0
174 0 clueweb12-1410wb-67-23607 0
194 0 clueweb12-0000wb-16-11009 0
168 0 clueweb12-0011wb-87-20819 0
194 0 clueweb12-0000wb-16-11010 0
179 0 clueweb12-1415wb-22-06891 0
199 0 clueweb12-0205wb-53-00900 1
151 0 clueweb12-1513wb-32-11832 -2
165 0 clueweb12-0201wb-39-17627 0
180 0 clueweb12-0208wb-91-00014 0
160 0 clueweb12-1902wb-47-08934 0
166 0 clueweb12-1700wb-68-26694 0
174 0 clueweb12-0000wb-62-04787 0
181 0 clueweb12-0011wb-19-11676 0
193 0 clueweb12-0300wb-51-06286 0
159 0 clueweb12-1113wb-68-17680 0
180 0 clueweb12-0206wb-84-13802 1
180 0 clueweb12-0206wb-78-03241 1
180 0 clueweb12-0206wb-72-13057 1
180 0 clueweb12-0206wb-78-03246 1
180 0 clueweb12-0206wb-72-13058 1
180 0 clueweb12-0206wb-78-03247 1
180 0 clueweb12-0206wb-78-03243 1
180 0 clueweb12-0206wb-78-03242 1
171 0 clueweb12-0302wb-41-10963 1
192 0 clueweb12-0109wb-94-09190 0
151 0 clueweb12-0111wb-96-21690 0
186 0 clueweb12-0911wb-16-23985 0
186 0 clueweb12-0911wb-48-01407 0
176 0 clueweb12-1706wb-39-20681 0
189 0 clueweb12-1600wb-07-19520 0
153 0 clueweb12-0107wb-34-26283 0
164 0 clueweb12-1113wb-54-20912 4
165 0 clueweb12-0511wb-05-02926 0
194 0 clueweb12-1901wb-56-19788 0
168 0 clueweb12-0102wb-55-15321 0
194 0 clueweb12-1901wb-39-06993 0
168 0 clueweb12-0705wb-45-00989 0
180 0 clueweb12-0305wb-76-25817 0
168 0 clueweb12-0705wb-50-28421 0
192 0 clueweb12-0210wb-93-26014 0
166 0 clueweb12-0100wb-53-05215 0
166 0 clueweb12-0100wb-88-08782 0
192 0 clueweb12-0208wb-97-16260 0
160 0 clueweb12-1102wb-53-24999 0
160 0 clueweb12-1102wb-50-25871 0
185 0 clueweb12-0111wb-95-29985 -2
194 0 clueweb12-0000wb-16-11015 0
194 0 clueweb12-0000wb-85-25895 0
194 0 clueweb12-0103wb-52-26894 0
185 0 clueweb12-0111wb-76-05254 -2
185 0 clueweb12-0111wb-95-29988 -2
169 0 clueweb12-0509wb-55-18673 0
177 0 clueweb12-0306wb-61-23077 0
151 0 clueweb12-0008wb-26-27030 1
199 0 clueweb12-1303wb-92-14941 1
152 0 clueweb12-0104wb-83-00375 0
158 0 clueweb12-0202wb-65-19814 0
187 0 clueweb12-0201wb-56-30705 0
196 0 clueweb12-0108wb-04-10894 1
194 0 clueweb12-0008wb-94-34589 0
199 0 clueweb12-1102wb-23-25341 0
166 0 clueweb12-0207wb-65-32213 0
179 0 clueweb12-0009wb-84-03272 0
169 0 clueweb12-0306wb-72-20153 0
176 0 clueweb12-0401wb-89-20353 0
174 0 clueweb12-0300wb-54-15849 0
156 0 clueweb12-0005wb-16-12569 0
179 0 clueweb12-0201wb-04-11540 0
168 0 clueweb12-0012wb-02-27100 1
162 0 clueweb12-0104wb-89-29063 0
194 0 clueweb12-0008wb-63-31474 0
179 0 clueweb12-0207wb-02-04195 0
188 0 clueweb12-0102wb-00-09532 0
166 0 clueweb12-0001wb-09-24342 0
195 0 clueweb12-1910wb-12-27647 0
162 0 clueweb12-0104wb-28-12046 0
185 0 clueweb12-0102wb-16-18872 0
170 0 clueweb12-0103wb-97-02746 0
196 0 clueweb12-0000wb-30-02423 1
165 0 clueweb12-0210wb-82-09334 0
170 0 clueweb12-0104wb-14-16771 0
195 0 clueweb12-1413wb-32-15018 0
187 0 clueweb12-0202wb-67-24332 1
162 0 clueweb12-0109wb-57-13686 2
170 0 clueweb12-0205wb-56-30189 0
180 0 clueweb12-0203wb-96-30738 0
153 0 clueweb12-0611wb-57-23224 0
153 0 clueweb12-0209wb-22-18785 1
171 0 clueweb12-1901wb-11-26420 0
153 0 clueweb12-0209wb-07-30391 1
153 0 clueweb12-0007wb-16-00834 1
172 0 clueweb12-0211wb-00-26589 1
165 0 clueweb12-0110wb-13-20471 3
169 0 clueweb12-0105wb-88-25010 0
163 0 clueweb12-0011wb-31-20419 0
172 0 clueweb12-0507wb-05-29184 1
180 0 clueweb12-0202wb-01-33939 0
153 0 clueweb12-0007wb-93-14407 1
153 0 clueweb12-0604wb-32-33730 0
171 0 clueweb12-0110wb-82-15374 4
177 0 clueweb12-0005wb-51-32594 1
193 0 clueweb12-0502wb-52-06737 0
197 0 clueweb12-0305wb-48-03997 0
154 0 clueweb12-1900wb-55-04484 4
166 0 clueweb12-0209wb-32-28660 -2
166 0 clueweb12-0801wb-97-17488 0
187 0 clueweb12-0112wb-15-13027 0
176 0 clueweb12-0506wb-83-25566 0
167 0 clueweb12-0012wb-73-19168 0
166 0 clueweb12-0211wb-05-15323 0
177 0 clueweb12-0206wb-38-15149 0
175 0 clueweb12-0512wb-62-06691 2
169 0 clueweb12-1013wb-52-32721 0
178 0 clueweb12-0806wb-14-00358 0
166 0 clueweb12-0202wb-17-14784 0
151 0 clueweb12-0504wb-95-10182 0
192 0 clueweb12-0910wb-47-12494 1
199 0 clueweb12-0112wb-17-32119 0
170 0 clueweb12-0103wb-97-02736 0
166 0 clueweb12-0207wb-76-24554 0
175 0 clueweb12-0306wb-78-16555 0
173 0 clueweb12-0601wb-56-30301 0
179 0 clueweb12-0010wb-19-11073 0
199 0 clueweb12-0816wb-81-25227 0
188 0 clueweb12-0201wb-35-06532 0
180 0 clueweb12-1009wb-29-25921 0
179 0 clueweb12-0010wb-19-11072 0
179 0 clueweb12-0010wb-33-20118 0
179 0 clueweb12-0009wb-69-08893 1
197 0 clueweb12-0304wb-59-14403 4
180 0 clueweb12-0206wb-64-31648 0
166 0 clueweb12-0309wb-23-01672 0
151 0 clueweb12-1104wb-60-19095 0
161 0 clueweb12-0210wb-54-00781 0
182 0 clueweb12-0209wb-75-21840 1
196 0 clueweb12-0106wb-36-27630 1
182 0 clueweb12-0209wb-67-18541 1
182 0 clueweb12-0210wb-10-01245 4
182 0 clueweb12-0302wb-51-05615 1
176 0 clueweb12-1516wb-41-27051 0
162 0 clueweb12-0111wb-00-20067 0
182 0 clueweb12-1810wb-48-11110 0
199 0 clueweb12-0300wb-36-07062 1
199 0 clueweb12-0011wb-18-26550 1
160 0 clueweb12-0013wb-19-03821 0
174 0 clueweb12-0411wb-84-32286 0
180 0 clueweb12-0206wb-25-11571 0
184 0 clueweb12-0309wb-31-07961 0
173 0 clueweb12-0207wb-66-05968 0
161 0 clueweb12-1400wb-95-29152 0
171 0 clueweb12-1612wb-18-17587 -2
165 0 clueweb12-0211wb-34-32384 0
165 0 clueweb12-0211wb-22-17437 0
197 0 clueweb12-0207wb-03-13310 4
166 0 clueweb12-0104wb-04-34066 0
165 0 clueweb12-0300wb-43-04813 0
176 0 clueweb12-0001wb-08-00070 0
184 0 clueweb12-0204wb-77-10323 0
169 0 clueweb12-0000wb-69-08444 1
189 0 clueweb12-1516wb-72-27339 0
197 0 clueweb12-0200wb-50-11483 0
176 0 clueweb12-0211wb-42-21882 0
186 0 clueweb12-1201wb-85-07796 0
186 0 clueweb12-1201wb-93-10273 0
185 0 clueweb12-1307wb-83-31273 -2
194 0 clueweb12-0110wb-21-09891 0
179 0 clueweb12-1308wb-55-13699 -2
197 0 clueweb12-0604wb-78-19398 4
168 0 clueweb12-0010wb-16-19327 0
155 0 clueweb12-1111wb-45-17224 4
179 0 clueweb12-0904wb-11-15079 0
184 0 clueweb12-0006wb-24-15527 0
151 0 clueweb12-0818wb-76-16378 1
154 0 clueweb12-1005wb-33-28753 0
169 0 clueweb12-0104wb-86-29827 1
151 0 clueweb12-0010wb-23-20101 1
151 0 clueweb12-0009wb-66-15621 1
162 0 clueweb12-0207wb-69-12965 0
196 0 clueweb12-0009wb-74-05053 0
177 0 clueweb12-0101wb-73-19485 0
169 0 clueweb12-0108wb-37-10183 0
166 0 clueweb12-0607wb-34-02736 0
197 0 clueweb12-0104wb-68-04817 0
157 0 clueweb12-0208wb-53-03651 0
182 0 clueweb12-1709wb-69-02257 1
194 0 clueweb12-0008wb-94-34592 0
174 0 clueweb12-0108wb-37-00806 0
166 0 clueweb12-0405wb-58-22764 0
179 0 clueweb12-0308wb-09-21026 0
177 0 clueweb12-0203wb-43-05128 0
192 0 clueweb12-0000wb-24-25848 0
188 0 clueweb12-0200wb-60-07437 0
158 0 clueweb12-0501wb-21-00797 0
199 0 clueweb12-0109wb-92-08403 0
162 0 clueweb12-0202wb-45-18780 0
156 0 clueweb12-0302wb-20-08983 0
176 0 clueweb12-1709wb-41-03658 0
194 0 clueweb12-0205wb-10-20639 0
169 0 clueweb12-0110wb-64-03175 1
167 0 clueweb12-0607wb-86-01402 0
180 0 clueweb12-0201wb-29-20298 1
176 0 clueweb12-0007wb-00-27893 0
155 0 clueweb12-0405wb-02-16209 0
175 0 clueweb12-0101wb-15-02502 0
185 0 clueweb12-0905wb-26-25820 1
163 0 clueweb12-0100wb-27-05475 4
168 0 clueweb12-0002wb-45-06196 0
169 0 clueweb12-0202wb-15-26223 0
186 0 clueweb12-1201wb-93-10281 0
174 0 clueweb12-0100wb-76-10165 0
183 0 clueweb12-0110wb-18-23924 0
183 0 clueweb12-0110wb-70-10756 0
189 0 clueweb12-1600wb-04-03065 0
155 0 clueweb12-0201wb-79-06992 0
182 0 clueweb12-0300wb-56-28967 0
151 0 clueweb12-0012wb-69-05646 0
199 0 clueweb12-1700wb-30-06864 1
175 0 clueweb12-0306wb-97-11096 2
151 0 clueweb12-0010wb-81-28269 0
194 0 clueweb12-1802wb-25-16766 0
159 0 clueweb12-0102wb-10-12910 0
154 0 clueweb12-1415wb-35-08647 0
192 0 clueweb12-0301wb-83-22928 0
197 0 clueweb12-1010wb-93-03087 0
183 0 clueweb12-0202wb-29-04785 0
199 0 clueweb12-0004wb-95-30116 1
196 0 clueweb12-0109wb-44-06093 1
194 0 clueweb12-0104wb-93-07062 0
165 0 clueweb12-0303wb-41-14160 0
182 0 clueweb12-0200wb-47-25959 0
151 0 clueweb12-0007wb-54-03342 1
151 0 clueweb12-0008wb-53-18129 2
151 0 clueweb12-0008wb-11-10365 1
176 0 clueweb12-1507wb-88-19239 0
174 0 clueweb12-0004wb-46-09132 0
160 0 clueweb12-0002wb-34-07763 1
154 0 clueweb12-0405wb-09-16048 0
180 0 clueweb12-0207wb-89-25180 0
197 0 clueweb12-0210wb-10-18728 0
168 0 clueweb12-0310wb-71-14090 0
179 0 clueweb12-0504wb-09-13872 -2
175 0 clueweb12-0311wb-58-01846 2
155 0 clueweb12-0102wb-58-25449 0
151 0 clueweb12-0211wb-84-19532 0
165 0 clueweb12-0204wb-48-32953 0
155 0 clueweb12-0206wb-05-25618 0
184 0 clueweb12-0105wb-45-26279 0
169 0 clueweb12-1017wb-01-05765 0
197 0 clueweb12-0109wb-64-15900 0
174 0 clueweb12-0607wb-60-31438 0
155 0 clueweb12-1701wb-89-02347 0
173 0 clueweb12-0109wb-75-01782 0
183 0 clueweb12-1105wb-24-01767 0
177 0 clueweb12-0208wb-35-17672 0
151 0 clueweb12-1513wb-79-11621 0
185 0 clueweb12-0111wb-87-27866 -2
185 0 clueweb12-0907wb-93-02797 0
175 0 clueweb12-0000wb-90-14919 2
175 0 clueweb12-0000wb-31-19345 0
185 0 clueweb12-0908wb-02-04888 0
152 0 clueweb12-0009wb-37-01767 0
169 0 clueweb12-0206wb-56-15470 0
197 0 clueweb12-1703wb-71-06592 0
156 0 clueweb12-1205wb-66-16397 0
185 0 clueweb12-0908wb-02-04893 0
185 0 clueweb12-0907wb-93-02798 0
185 0 clueweb12-0907wb-93-02802 0
177 0 clueweb12-0110wb-00-17875 0
162 0 clueweb12-0103wb-52-20527 0
199 0 clueweb12-0002wb-09-35274 0
186 0 clueweb12-0401wb-41-31981 0
151 0 clueweb12-0001wb-55-13557 4
165 0 clueweb12-0411wb-93-14088 0
174 0 clueweb12-0307wb-52-07671 0
174 0 clueweb12-0301wb-73-07241 0
174 0 clueweb12-0301wb-73-07243 0
165 0 clueweb12-0211wb-34-32380 0
182 0 clueweb12-0109wb-32-09340 1
180 0 clueweb12-0204wb-79-11015 0
174 0 clueweb12-0004wb-90-12949 0
173 0 clueweb12-0303wb-87-27714 1
168 0 clueweb12-0005wb-03-21861 0
161 0 clueweb12-0206wb-10-33990 0
166 0 clueweb12-0109wb-48-11119 0
166 0 clueweb12-1316wb-28-07137 0
157 0 clueweb12-0002wb-63-08383 0
166 0 clueweb12-0608wb-41-15983 0
188 0 clueweb12-0716wb-62-15599 0
168 0 clueweb12-0107wb-45-05214 0
189 0 clueweb12-1600wb-04-03073 0
165 0 clueweb12-0401wb-24-12713 0
183 0 clueweb12-0110wb-49-19985 0
188 0 clueweb12-0203wb-83-32248 0
188 0 clueweb12-0203wb-79-10022 0
188 0 clueweb12-0203wb-88-02773 0
188 0 clueweb12-0201wb-91-02898 0
188 0 clueweb12-0203wb-83-32250 0
181 0 clueweb12-0105wb-72-16660 0
166 0 clueweb12-0209wb-43-11287 0
174 0 clueweb12-0504wb-13-04599 1
199 0 clueweb12-0111wb-50-04391 1
197 0 clueweb12-0913wb-33-17487 4
175 0 clueweb12-0000wb-77-27004 0
152 0 clueweb12-0009wb-51-26558 0
175 0 clueweb12-0000wb-77-27009 4
175 0 clueweb12-0000wb-77-27008 4
175 0 clueweb12-0000wb-02-07823 2
187 0 clueweb12-0301wb-54-06142 0
164 0 clueweb12-0107wb-68-25252 4
199 0 clueweb12-0208wb-61-05468 1
171 0 clueweb12-0200wb-62-20380 0
154 0 clueweb12-0102wb-01-29391 0
182 0 clueweb12-0104wb-96-26114 4
181 0 clueweb12-0000wb-64-21793 0
192 0 clueweb12-1018wb-54-09276 0
168 0 clueweb12-0602wb-68-02530 0
167 0 clueweb12-0307wb-35-06272 0
163 0 clueweb12-0202wb-95-30697 1
184 0 clueweb12-0716wb-88-18318 0
174 0 clueweb12-0003wb-22-03166 0
158 0 clueweb12-0206wb-06-03510 1
166 0 clueweb12-1504wb-84-27432 0
191 0 clueweb12-0204wb-29-27021 0
179 0 clueweb12-0400wb-59-01422 0
163 0 clueweb12-0009wb-90-25690 0
188 0 clueweb12-0209wb-77-30606 0
155 0 clueweb12-1516wb-60-32550 0
155 0 clueweb12-1516wb-55-14464 0
169 0 clueweb12-0000wb-19-09345 1
151 0 clueweb12-0301wb-34-18182 0
182 0 clueweb12-1508wb-15-07360 0
184 0 clueweb12-0210wb-32-08697 0
160 0 clueweb12-0510wb-07-01320 0
186 0 clueweb12-0102wb-42-02655 0
181 0 clueweb12-1807wb-25-17108 0
181 0 clueweb12-1807wb-25-17109 0
181 0 clueweb12-1807wb-25-17110 0
162 0 clueweb12-0001wb-24-09948 4
180 0 clueweb12-0305wb-22-10308 1
189 0 clueweb12-0210wb-19-32673 0
181 0 clueweb12-1807wb-26-30778 0
173 0 clueweb12-0500wb-00-03823 1
181 0 clueweb12-1807wb-26-30767 0
154 0 clueweb12-0306wb-94-15292 0
199 0 clueweb12-0504wb-85-09546 1
161 0 clueweb12-1702wb-45-27169 0
194 0 clueweb12-0013wb-65-20370 0
162 0 clueweb12-1106wb-00-19787 0
154 0 clueweb12-0013wb-56-06674 0
161 0 clueweb12-1703wb-01-03332 0
172 0 clueweb12-0202wb-59-10876 4
187 0 clueweb12-0001wb-84-28136 4
169 0 clueweb12-0111wb-45-17606 0
176 0 clueweb12-0510wb-54-19440 0
161 0 clueweb12-1701wb-78-25721 0
192 0 clueweb12-1311wb-63-02881 4
161 0 clueweb12-1702wb-98-04092 0
161 0 clueweb12-1702wb-13-20438 0
161 0 clueweb12-1702wb-33-12861 0
151 0 clueweb12-0917wb-41-16012 0
161 0 clueweb12-1701wb-25-01354 0
161 0 clueweb12-1701wb-25-01355 0
153 0 clueweb12-0608wb-64-04715 0
179 0 clueweb12-0101wb-21-20944 0
161 0 clueweb12-1702wb-33-12862 0
186 0 clueweb12-0006wb-89-11799 0
170 0 clueweb12-0611wb-25-09718 0
151 0 clueweb12-0001wb-68-35474 1
177 0 clueweb12-0303wb-17-11558 0
178 0 clueweb12-0110wb-13-07144 0
187 0 clueweb12-0611wb-51-13880 0
169 0 clueweb12-1903wb-11-22844 0
163 0 clueweb12-0105wb-70-01923 1
160 0 clueweb12-1902wb-55-09476 0
161 0 clueweb12-0211wb-80-11727 0
194 0 clueweb12-0111wb-64-09630 0
160 0 clueweb12-1902wb-52-11406 0
160 0 clueweb12-1902wb-55-09475 0
176 0 clueweb12-1216wb-49-23937 0
174 0 clueweb12-0100wb-81-26787 0
156 0 clueweb12-1203wb-88-22151 0
194 0 clueweb12-0717wb-23-26935 0
167 0 clueweb12-0101wb-56-34006 0
168 0 clueweb12-0208wb-75-03634 0
163 0 clueweb12-0605wb-47-22315 4
195 0 clueweb12-0105wb-52-10946 0
195 0 clueweb12-0105wb-52-10945 0
163 0 clueweb12-0202wb-20-34224 1
156 0 clueweb12-0608wb-51-22328 0
185 0 clueweb12-0108wb-29-31217 2
179 0 clueweb12-1900wb-76-17959 0
200 0 clueweb12-0100wb-92-10001 0
185 0 clueweb12-0106wb-17-20349 2
160 0 clueweb12-1902wb-55-09477 0
199 0 clueweb12-0208wb-21-11396 1
177 0 clueweb12-1002wb-03-04545 0
170 0 clueweb12-0002wb-17-08664 0
182 0 clueweb12-0206wb-07-16950 0
161 0 clueweb12-0202wb-34-22282 0
192 0 clueweb12-0304wb-14-16801 0
163 0 clueweb12-0210wb-11-05656 0
182 0 clueweb12-0011wb-79-15273 1
183 0 clueweb12-0104wb-65-19294 0
178 0 clueweb12-0301wb-67-22988 0
151 0 clueweb12-0916wb-94-02770 0
174 0 clueweb12-0109wb-56-21133 0
196 0 clueweb12-0107wb-40-22866 1
165 0 clueweb12-0003wb-95-03653 0
170 0 clueweb12-0107wb-97-05344 0
199 0 clueweb12-0811wb-84-26691 0
171 0 clueweb12-0006wb-40-17314 0
165 0 clueweb12-0303wb-57-13976 0
154 0 clueweb12-0009wb-91-01434 0
185 0 clueweb12-1307wb-93-02195 -2
197 0 clueweb12-1705wb-24-22909 2
154 0 clueweb12-0105wb-77-27902 0
154 0 clueweb12-0105wb-56-19219 0
154 0 clueweb12-0001wb-55-29970 0
180 0 clueweb12-0206wb-38-00638 0
197 0 clueweb12-0206wb-72-34216 1
183 0 clueweb12-1216wb-48-16007 0
183 0 clueweb12-0407wb-72-12313 0
174 0 clueweb12-0305wb-32-30775 0
187 0 clueweb12-0914wb-21-13921 0
165 0 clueweb12-0510wb-92-24616 0
183 0 clueweb12-0502wb-65-09264 1
167 0 clueweb12-0211wb-83-20049 0
153 0 clueweb12-0605wb-36-12760 1
162 0 clueweb12-0506wb-57-04176 0
153 0 clueweb12-0209wb-07-30394 0
153 0 clueweb12-0607wb-09-21742 1
167 0 clueweb12-0011wb-77-03146 2
197 0 clueweb12-0210wb-38-04341 0
163 0 clueweb12-0305wb-47-28745 1
153 0 clueweb12-0303wb-10-09626 0
199 0 clueweb12-0112wb-12-28599 1
171 0 clueweb12-0010wb-35-18194 0
175 0 clueweb12-0004wb-96-03868 2
165 0 clueweb12-1206wb-58-08162 0
186 0 clueweb12-0808wb-27-14240 0
160 0 clueweb12-1301wb-60-20814 0
194 0 clueweb12-1808wb-76-20771 0
185 0 clueweb12-0406wb-03-20981 0
173 0 clueweb12-0702wb-43-17411 0
165 0 clueweb12-0207wb-38-02203 4
180 0 clueweb12-0000wb-34-31300 -2
175 0 clueweb12-0100wb-09-07683 0
165 0 clueweb12-0402wb-06-09852 0
193 0 clueweb12-1018wb-65-17999 0
172 0 clueweb12-0001wb-99-29884 0
166 0 clueweb12-0013wb-55-05090 0
172 0 clueweb12-1909wb-73-12788 1
188 0 clueweb12-0110wb-77-30052 0
172 0 clueweb12-1502wb-98-05458 1
172 0 clueweb12-0205wb-08-13121 0
197 0 clueweb12-1705wb-24-22912 0
154 0 clueweb12-1100wb-43-17544 0
154 0 clueweb12-1100wb-47-30018 0
167 0 clueweb12-0000wb-11-08412 0
197 0 clueweb12-0012wb-83-16854 0
174 0 clueweb12-1008wb-48-02358 0
153 0 clueweb12-0209wb-40-18710 1
180 0 clueweb12-0203wb-89-31551 0
188 0 clueweb12-0002wb-13-06581 -2
165 0 clueweb12-0203wb-60-04288 0
189 0 clueweb12-1600wb-04-03079 0
189 0 clueweb12-1516wb-78-02618 0
168 0 clueweb12-0112wb-43-30258 -2
172 0 clueweb12-0406wb-41-01003 0
196 0 clueweb12-0505wb-80-31778 4
165 0 clueweb12-0808wb-76-04852 0
180 0 clueweb12-0206wb-10-05156 0
172 0 clueweb12-1309wb-85-21031 1
197 0 clueweb12-0000wb-78-24479 0
183 0 clueweb12-0200wb-13-19452 0
168 0 clueweb12-1406wb-47-16440 0
167 0 clueweb12-0011wb-10-16835 0
185 0 clueweb12-0000wb-37-32819 -2
185 0 clueweb12-0001wb-54-04802 -2
170 0 clueweb12-1704wb-15-26468 0
165 0 clueweb12-0202wb-48-03871 0
151 0 clueweb12-1813wb-31-19247 1
151 0 clueweb12-0111wb-57-34856 1
182 0 clueweb12-0110wb-36-23186 4
197 0 clueweb12-1705wb-24-22917 0
185 0 clueweb12-0004wb-67-20304 -2
174 0 clueweb12-0303wb-48-07655 4
192 0 clueweb12-0208wb-58-28333 0
194 0 clueweb12-0105wb-55-24378 0
172 0 clueweb12-0913wb-60-11961 0
178 0 clueweb12-0202wb-74-03537 4
197 0 clueweb12-0003wb-09-10494 0
165 0 clueweb12-0411wb-96-05463 0
165 0 clueweb12-0411wb-96-05462 3
195 0 clueweb12-0103wb-84-05652 0
165 0 clueweb12-0411wb-68-25915 0
199 0 clueweb12-0200wb-61-31381 1
192 0 clueweb12-1005wb-88-07736 0
177 0 clueweb12-0104wb-78-11732 1
165 0 clueweb12-0112wb-00-22580 0
164 0 clueweb12-1515wb-83-02710 4
186 0 clueweb12-1603wb-34-25053 0
156 0 clueweb12-0002wb-22-23238 0
177 0 clueweb12-1715wb-39-19706 0
177 0 clueweb12-1715wb-37-09461 0
157 0 clueweb12-1906wb-91-03164 4
165 0 clueweb12-0000wb-31-28057 0
168 0 clueweb12-0106wb-06-24896 0
165 0 clueweb12-0411wb-68-25919 0
156 0 clueweb12-0510wb-37-23749 0
165 0 clueweb12-0411wb-76-14821 0
196 0 clueweb12-0106wb-03-18521 1
163 0 clueweb12-1609wb-64-16196 0
162 0 clueweb12-0506wb-57-04177 0
181 0 clueweb12-0002wb-80-03603 0
199 0 clueweb12-0000wb-48-33472 -2
151 0 clueweb12-0814wb-16-17749 1
182 0 clueweb12-1201wb-36-22028 1
151 0 clueweb12-1504wb-67-04510 1
192 0 clueweb12-0110wb-66-13025 0
192 0 clueweb12-0209wb-45-07586 0
161 0 clueweb12-0000wb-51-14200 0
188 0 clueweb12-0106wb-42-24632 0
174 0 clueweb12-0301wb-73-07244 0
182 0 clueweb12-1216wb-96-02530 0
199 0 clueweb12-0203wb-93-05318 -2
174 0 clueweb12-0211wb-37-25341 0
155 0 clueweb12-0105wb-01-04896 2
155 0 clueweb12-0105wb-01-04897 0
194 0 clueweb12-0303wb-90-18190 0
194 0 clueweb12-0304wb-20-17758 0
170 0 clueweb12-0207wb-59-08449 0
163 0 clueweb12-0004wb-24-29432 0
194 0 clueweb12-0008wb-77-05476 0
172 0 clueweb12-0208wb-76-25096 0
160 0 clueweb12-0405wb-87-23078 0
176 0 clueweb12-0712wb-17-08179 0
174 0 clueweb12-0105wb-00-10009 0
177 0 clueweb12-0003wb-65-31347 0
180 0 clueweb12-0412wb-24-18399 0
172 0 clueweb12-0207wb-57-11054 0
163 0 clueweb12-0111wb-66-28450 0
157 0 clueweb12-0006wb-99-06200 0
162 0 clueweb12-0013wb-55-04769 0
182 0 clueweb12-0405wb-42-10150 1
194 0 clueweb12-0104wb-70-02039 0
177 0 clueweb12-0106wb-88-05299 0
176 0 clueweb12-0004wb-13-18206 0
186 0 clueweb12-0409wb-55-25216 1
151 0 clueweb12-1020wb-61-06617 0
199 0 clueweb12-0110wb-15-10287 0
152 0 clueweb12-0808wb-01-23748 0
162 0 clueweb12-0109wb-35-00308 0
174 0 clueweb12-0210wb-43-30838 0
161 0 clueweb12-0206wb-15-24482 0
196 0 clueweb12-0202wb-53-19901 1
153 0 clueweb12-1912wb-16-07028 0
153 0 clueweb12-1912wb-59-06477 0
163 0 clueweb12-0211wb-51-08614 0
186 0 clueweb12-0919wb-60-11174 -2
185 0 clueweb12-1814wb-97-14722 0
154 0 clueweb12-0203wb-42-29231 4
196 0 clueweb12-0107wb-54-03111 0
154 0 clueweb12-0108wb-26-13046 0
192 0 clueweb12-1010wb-18-19381 0
163 0 clueweb12-0013wb-41-23922 0
170 0 clueweb12-0106wb-54-28728 0
179 0 clueweb12-1116wb-71-08436 0
194 0 clueweb12-0004wb-58-20563 0
171 0 clueweb12-0205wb-50-00626 0
156 0 clueweb12-0001wb-40-22076 0
175 0 clueweb12-0600wb-76-35640 0
172 0 clueweb12-0400wb-49-21212 0
177 0 clueweb12-0003wb-76-05048 -2
154 0 clueweb12-1307wb-63-08644 2
174 0 clueweb12-0000wb-15-30867 0
166 0 clueweb12-0310wb-72-09776 0
154 0 clueweb12-0110wb-32-30517 1
199 0 clueweb12-0202wb-91-18371 0
180 0 clueweb12-1305wb-46-16855 0
156 0 clueweb12-0012wb-16-16159 0
171 0 clueweb12-0404wb-37-30690 0
174 0 clueweb12-0208wb-63-35327 0
173 0 clueweb12-0109wb-78-15052 0
174 0 clueweb12-0208wb-19-14382 0
197 0 clueweb12-0209wb-37-33085 0
180 0 clueweb12-0211wb-94-31220 0
163 0 clueweb12-0211wb-84-15979 0
169 0 clueweb12-0006wb-87-07644 0
187 0 clueweb12-1705wb-33-16922 1
169 0 clueweb12-0401wb-66-01686 0
194 0 clueweb12-0104wb-11-03372 0
180 0 clueweb12-0207wb-64-14968 0
180 0 clueweb12-0207wb-72-05735 0
162 0 clueweb12-0404wb-16-14749 0
180 0 clueweb12-0207wb-56-26507 0
180 0 clueweb12-0207wb-79-17824 0
180 0 clueweb12-0207wb-64-14966 0
180 0 clueweb12-0207wb-56-26509 0
180 0 clueweb12-0207wb-72-05734 0
163 0 clueweb12-0110wb-22-31788 0
170 0 clueweb12-0108wb-11-30019 0
172 0 clueweb12-0102wb-67-14910 0
185 0 clueweb12-0111wb-87-27861 1
191 0 clueweb12-0407wb-57-13465 0
168 0 clueweb12-0110wb-01-07409 0
176 0 clueweb12-1904wb-55-17456 0
165 0 clueweb12-0004wb-07-26988 0
165 0 clueweb12-0000wb-94-28248 0
165 0 clueweb12-0003wb-43-02587 0
165 0 clueweb12-0003wb-43-02583 0
177 0 clueweb12-0001wb-68-35482 0
169 0 clueweb12-0003wb-97-16192 1
199 0 clueweb12-0701wb-03-05719 0
180 0 clueweb12-0007wb-00-02467 0
169 0 clueweb12-0207wb-98-21822 0
199 0 clueweb12-0210wb-57-06054 1
178 0 clueweb12-0106wb-27-21702 0
176 0 clueweb12-0011wb-67-18707 0
183 0 clueweb12-0204wb-35-10485 2
174 0 clueweb12-0306wb-88-09182 0
182 0 clueweb12-0013wb-22-06236 4
154 0 clueweb12-0006wb-89-31264 0
170 0 clueweb12-0110wb-95-31831 0
170 0 clueweb12-0210wb-55-04293 0
173 0 clueweb12-0003wb-11-16736 0
199 0 clueweb12-0202wb-99-33641 0
168 0 clueweb12-0911wb-24-23836 0
184 0 clueweb12-0200wb-08-13242 0
175 0 clueweb12-0000wb-07-03898 0
176 0 clueweb12-0005wb-34-01551 0