247 0 <urn:uuid:e7a76fee-f6b4-48bd-a534-0075adf702df> 0
204 0 <urn:uuid:51ccb6ca-676c-465c-bef3-9fa92468081b> 0
236 0 <urn:uuid:86cf407b-8595-4c4b-9d6b-86f8c290fa2a> 1
213 0 <urn:uuid:9154d066-69be-4a40-97a3-baab1a1d3023> 1
219 0 <urn:uuid:33aa1e44-5055-4692-a141-8b56b764baac> 1
211 0 <urn:uuid:1a2c49f1-afd3-423c-ae0e-5d3b2c375bf3> 2
206 0 <urn:uuid:40ec90aa-6614-4a30-bdee-cbe32f65ba05> 1
206 0 <urn:uuid:97f8bbe3-89cb-4278-940c-bb66727aab94> 1
231 0 <urn:uuid:c31d6c14-29fb-4954-9c1c-7d113bf2ae80> 1
228 0 <urn:uuid:e844c64b-937b-4a44-80be-bdd630babc08> 0
220 0 <urn:uuid:0862fe12-12a6-4c44-9b88-4a4da9cc480d> 0
241 0 <urn:uuid:51973122-c308-41f8-be58-907a35d45a36> 0
215 0 <urn:uuid:04525b52-aa3a-4869-b511-707d6a5eb289> 0
219 0 <urn:uuid:79506d2d-f9b3-43c7-916e-c184608dce8d> 0
241 0 <urn:uuid:bf88ca8d-c5d4-4298-8021-37c42b344706> 1
219 0 <urn:uuid:2358a59c-b3e0-430e-ab66-1b49e95e1e1c> 1
235 0 <urn:uuid:422d2d2d-2e1f-48ba-adef-2970a20039d1> 2
211 0 <urn:uuid:9f37d515-6fe4-4490-94b4-cebd592dbab8> 0
228 0 <urn:uuid:99ae89e7-a0ee-4268-a018-6bda4dab4b83> 0
215 0 <urn:uuid:f84de870-a0f1-4cd0-bf07-faed2ef8bf71> 2
216 0 <urn:uuid:75257376-6ce2-498e-aa38-016a6f00a033> 0
214 0 <urn:uuid:9363dc7f-2d7f-4d29-aad1-e60da97f0d81> 1
211 0 <urn:uuid:2577f264-ef6e-4f13-8593-f9fb1531d108> -2
240 0 <urn:uuid:adf848bf-6434-4eb3-87f5-7f862b313ba4> 2
249 0 <urn:uuid:60b05db0-e041-4e30-9b1d-dc663fb34194> 0
221 0 <urn:uuid:f29d3dd6-bf88-4555-9fbe-cf6119fc12f5> 1
211 0 <urn:uuid:ee713a48-9c60-41a5-8643-464652729623> 0
234 0 <urn:uuid:152a26fe-ad0d-4f41-98fc-b75ea1aae7a2> 0
235 0 <urn:uuid:ffbb770c-bacc-48b4-a0ce-08f2e09cfb7c> 2
246 0 <urn:uuid:6c89bbf9-5563-4dc0-96e8-ea1e201039f6> 0
249 0 <urn:uuid:b0f5cafc-f2bc-4c8c-a34c-84565ca728af> 0
241 0 <urn:uuid:34fb8e46-7765-4f6d-aa87-249791b37147> 0
225 0 <urn:uuid:8e9acd8f-5dd8-4f96-8224-84fc0e2b95ad> 0
221 0 <urn:uuid:ea3f00e0-4229-4593-ac14-44993d17e92d> 0
215 0 <urn:uuid:e4f04675-2b5f-4d33-b375-5080f87a4945> 1
205 0 <urn:uuid:bd47a00c-a939-4e20-a73f-2ffb2d95be13> 0
243 0 <urn:uuid:550ff9a3-c0fe-44ff-994f-b2e7dd2f39a4> 2
243 0 <urn:uuid:d00e6141-acfe-43fe-aeb0-d82c4e609283> 0
246 0 <urn:uuid:57a3e484-2e3c-4ec6-af1e-34de1199bf88> 1
224 0 <urn:uuid:c41f8c9a-acf8-407c-a330-691f70bb5f6c> 0
204 0 <urn:uuid:25e8e7e9-18d3-4e97-a3be-21561750d003> 2
223 0 <urn:uuid:4000af30-2469-4905-a5bd-620bbc73d74b> 0
215 0 <urn:uuid:fa6d92d6-0345-482c-9cfa-211c3412d9df> 1
250 0 <urn:uuid:20adae78-db48-456c-b1c2-e03a84d205f2> 0
235 0 <urn:uuid:8ea80569-dce6-4aca-a247-b4c5ba23dbfa> 0
205 0 <urn:uuid:6f99d80c-49f6-4952-8c22-f71fd2455fbe> 0
219 0 <urn:uuid:3ef5f872-3b1b-40a8-a823-28fe4bd43bcb> 0
204 0 <urn:uuid:1647f9fd-bef0-4dd4-b4cd-dbe0544690e4> 0
233 0 <urn:uuid:2fd17cf6-8ce7-4004-8341-0f774d14c542> 0
246 0 <urn:uuid:e89c0f04-0a76-4b82-a0e0-8d0d0394b3e7> 1
219 0 <urn:uuid:bcea79f7-f97d-48b3-b394-4e1e218220c9> 0
205 0 <urn:uuid:2c93e186-6181-45c7-986d-1a2be02b50d4> 0
232 0 <urn:uuid:bca66e69-572f-403b-b41e-1469da643c5d> 0
207 0 <urn:uuid:b676b868-7ef1-4039-81cb-03967b892960> 2
202 0 <urn:uuid:17edf856-24d3-435c-9ff2-e97a86524d3c> 0
221 0 <urn:uuid:2fcf54a2-087d-41b4-a380-5cb2696009f4> 0
219 0 <urn:uuid:40824c6e-6031-4f6c-9fb2-46e80972dd1c> 0
219 0 <urn:uuid:d4fc9851-3daa-4b4d-81f4-f9ae0d6b7a89> 0
220 0 <urn:uuid:c7c78470-169b-4b70-94c8-47134db7cd4b> 0
201 0 <urn:uuid:64b377c4-dafa-472c-8e30-5b1ed0005551> 1
221 0 <urn:uuid:1956a63d-d0a6-497e-971a-fab2ac9f26e7> 2
221 0 <urn:uuid:8dbdd858-db6e-4aee-a060-a4f5ad03c01a> 2
222 0 <urn:uuid:80e01565-1160-4eb9-84fb-9edc863ef088> 1
228 0 <urn:uuid:328d3c25-ed75-4023-98d4-7b91d5035f6d> 2
210 0 <urn:uuid:7df86387-6b25-4660-8631-f096bb523e5d> 0
228 0 <urn:uuid:e6509d83-85af-4952-9252-d0891b386a67> 0
211 0 <urn:uuid:ec310928-aa9c-4a8c-8fdb-18e9bed916ec> 0
219 0 <urn:uuid:4f075f8b-86e8-43c5-a059-eca089462ed7> 0
225 0 <urn:uuid:c732163f-1694-4b29-ae03-2015fbefde30> 0
204 0 <urn:uuid:28644dfe-4bf3-49cf-973f-cad39fc31160> 0
239 0 <urn:uuid:176151eb-bcfa-49f3-acb4-f86363756d90> 1
211 0 <urn:uuid:f088d72d-0e2e-44ea-b61c-0e8f0aa6bdab> 1
227 0 <urn:uuid:d55c38d8-4379-4707-9fe7-cef7e1ffec19> 0
243 0 <urn:uuid:eaa0a0aa-b232-4b20-9223-d20506407daf> 0
240 0 <urn:uuid:61a771a5-9fc1-4af1-8ec2-edcd9b745397> 0
247 0 <urn:uuid:371bb60a-aead-4dc4-b566-f861e900e186> -2
220 0 <urn:uuid:7e0dcc49-9133-4bea-a66d-e3e1f3887e02> 3
209 0 <urn:uuid:d4a31d41-1dfe-4ba8-993e-f1d0672dba08> 0
224 0 <urn:uuid:e0b2d91c-950f-4e30-9a08-1b15bea2a8c0> 0
230 0 <urn:uuid:92cc6e1c-2190-431b-a6e3-5e5e63950342> 1
239 0 <urn:uuid:db71b07c-d777-4fba-b55a-cb9bbaaf9857> 0
234 0 <urn:uuid:4dada4c8-7e2e-4542-87e7-e073c9f19dac> 0
243 0 <urn:uuid:e7481c11-db4d-430b-b477-1cc254217054> 0
233 0 <urn:uuid:158e9cb6-e843-48cf-b4c6-55e28910edb6> 0
219 0 <urn:uuid:4cef219b-a426-418a-93b9-9a864bfa4595> 0
204 0 <urn:uuid:9d254a16-e0ec-4374-84f3-1d95b5e9aefc> 1
235 0 <urn:uuid:0363da96-0728-4e3e-8e09-ebe24dd81eb6> 0
220 0 <urn:uuid:0130487c-4185-4626-9e19-3eb213697d90> 1
205 0 <urn:uuid:fdcfadef-bf5b-4c82-bf0b-be2e73467b29> 0
214 0 <urn:uuid:4738a776-7140-4314-acbc-f624613d39e5> 1
204 0 <urn:uuid:77cad5d1-c633-464f-8b25-08c782104cfc> 1
246 0 <urn:uuid:9b2fcdb5-64f5-463d-b278-0eccfc2ef47f> 0
223 0 <urn:uuid:62a6a9b2-8008-4a3f-85b6-bf92efb8dba2> 1
240 0 <urn:uuid:10230711-d90d-4ddf-a396-d0c2c9ee23ef> 2
224 0 <urn:uuid:06329796-5636-433a-a189-2bb6cb37fc3e> 0
243 0 <urn:uuid:606fa3e4-da85-4706-8da3-e0c0b01c1f3c> 1
219 0 <urn:uuid:75b1ae4d-6b88-4bb9-88f5-16d7eaf5f70e> 0
241 0 <urn:uuid:87ee8231-b94e-46ec-a4c8-188f92eca40c> 0
219 0 <urn:uuid:75da6266-030d-4a38-aa21-f376898118c9> 0
245 0 <urn:uuid:283e99bf-c99e-464e-b82e-d15b4e62bc23> 0
211 0 <urn:uuid:14a8ae05-b9b7-4da7-9533-c48e3f7be86a> 0
211 0 <urn:uuid:b1f012e5-4acb-41a8-946a-a7659d50e185> 0
211 0 <urn:uuid:facf2963-8651-489a-a961-922804caa3d0> 0
226 0 <urn:uuid:528c3ff5-d132-4d91-b7ca-d30a1b659580> 0
219 0 <urn:uuid:0e2eddaf-57f0-4bdc-b645-c2bcbc8555cf> 0
228 0 <urn:uuid:a06251fd-7c7a-4ccb-8a9c-fbb2cc779e2c> 0
238 0 <urn:uuid:77475617-4754-4d6e-a048-9036f5b5a870> 1
228 0 <urn:uuid:2e024675-0d15-4666-94d0-0b0dd8383928> 0
214 0 <urn:uuid:6459d784-1590-4511-b5ef-b963e9adf072> 1
223 0 <urn:uuid:24598746-cbde-4707-ac8d-cb2d3c6d6391> 3
210 0 <urn:uuid:374fb893-2c03-46bc-a029-f64edc4a8288> 1
240 0 <urn:uuid:5162a2eb-f58c-4ed3-8967-9207c3ae0ae2> 0
223 0 <urn:uuid:55c41d45-9068-4a10-b12b-3a3c589cd056> 0
205 0 <urn:uuid:2ada2210-eb84-4293-a761-22363cf4f99f> 1
246 0 <urn:uuid:de91eeb0-9d46-4685-a955-b595ee16dd97> 1
246 0 <urn:uuid:0150b276-4517-4152-80a3-1e3347fa8f23> 1
225 0 <urn:uuid:648d1d34-5fa9-4a8f-b558-e4805cf81e2b> 0
212 0 <urn:uuid:c4e678f4-cfda-45c5-a826-71976e7d0775> 0
211 0 <urn:uuid:8f8e0771-4525-4e47-826b-a56307414cfd> 0
247 0 <urn:uuid:b67b6b62-467c-4443-8bda-2250204e9e4d> 0
206 0 <urn:uuid:295181cd-6442-4181-bf48-25d48afc4f04> 0
220 0 <urn:uuid:0b7da864-ca7f-4381-8afa-c8b8007ba0e9> 0
221 0 <urn:uuid:ba803034-c8ac-4ace-8de8-4ccd998f38fc> 1
246 0 <urn:uuid:7fe5a4ba-3bbf-43e4-93a0-d436ffeec1d9> 1
201 0 <urn:uuid:8fe0dc72-d307-4265-a556-da11b7a57609> 1
241 0 <urn:uuid:1bb30603-ee42-425b-a423-b8073923c86a> 2
217 0 <urn:uuid:e29c6fe8-02de-40b8-bc48-e6c46b7ad43a> 0
205 0 <urn:uuid:7a36867a-7de2-450e-9df4-2e5f86135db7> 0
216 0 <urn:uuid:7591eb6c-a548-422c-9333-ac21e532f412> 0
216 0 <urn:uuid:975677fc-f6dc-434a-b821-914877159de9> 0
238 0 <urn:uuid:300ab0de-d742-4b44-be1e-b2250dec9a6f> 1
243 0 <urn:uuid:fd69123c-feaf-4d84-bf78-823f7e608078> 1
215 0 <urn:uuid:3f122893-0e59-4cbb-a8e9-1f76f865a25d> 0
215 0 <urn:uuid:158a54c1-7339-4dec-a271-2811094d818a> 0
201 0 <urn:uuid:3c83c205-9ea3-4e8a-9811-68917af1e0c7> 2
220 0 <urn:uuid:a0447941-bd7b-4e3c-a7e8-03a813a662d4> 0
228 0 <urn:uuid:c2f2b739-e135-48a9-ac9c-a83defd1de26> 0
228 0 <urn:uuid:ebdc540e-71a2-4e9b-904d-b22a9b1a2012> 3
228 0 <urn:uuid:69844240-e8ac-485b-aa25-7762826583fb> 0
238 0 <urn:uuid:f694e695-ccf6-4c8f-8d52-7de986e65982> 0
236 0 <urn:uuid:a2047499-8845-44cd-addb-836774513197> 1
246 0 <urn:uuid:2e95ce48-869f-4df6-bfa1-c15f25ff7f46> 0
214 0 <urn:uuid:357f0895-814b-45b0-9aed-c9c6c86f5c39> 1
210 0 <urn:uuid:26ccb5c0-60c3-4ab5-9f7d-b038da34d153> 0
215 0 <urn:uuid:4d05ae1d-d505-4fc2-adc1-7202d80328a8> 0
216 0 <urn:uuid:35783bee-54c7-4ea7-bebd-66bee53ccd54> 1
207 0 <urn:uuid:d04c89f4-ad31-48bd-896f-759217a515ff> 1
243 0 <urn:uuid:b319523e-5dcf-4cf8-b280-fd98af02fc77> 0
211 0 <urn:uuid:3750343c-71c3-493e-90d2-101239b50ece> 1
234 0 <urn:uuid:7a5f0d80-48d0-490d-820a-e7ababa0b9d7> 0
238 0 <urn:uuid:53b728eb-7195-4fbf-9b13-541a93adf39d> 0
243 0 <urn:uuid:cb994da6-8f0c-4e3c-8241-bd4c0aa58804> 1
235 0 <urn:uuid:a50cf819-b0fa-4561-974e-59fc3849a5e8> 0
215 0 <urn:uuid:6a31c7c9-f76d-465a-885a-471959f7450c> 1
246 0 <urn:uuid:9e8cf760-049f-4a79-a2f6-9f183497d554> 0
241 0 <urn:uuid:1cba42d1-fc42-4059-a3f6-0b5647c09d96> 1
235 0 <urn:uuid:28a2aa31-614f-4d12-b6ed-ecc609ac9158> 0
227 0 <urn:uuid:591e3a1d-407d-4fc1-8e6b-0af23d4d6cd2> 0
234 0 <urn:uuid:a9779c1b-daea-4760-91eb-e177e31a461b> 1
215 0 <urn:uuid:c03f00c7-78fd-4ff0-b196-7a06448e40a6> 1
241 0 <urn:uuid:7054410e-00fb-4eba-9872-3a4be4311774> 0
239 0 <urn:uuid:b4a0a92b-2b19-4e03-89cf-fb44f5f32296> 1
225 0 <urn:uuid:8e204a09-210a-4f86-a3ca-451d83fd2a01> 0
234 0 <urn:uuid:9cca62f3-9761-466e-8b5c-1a38947d5d81> 0
243 0 <urn:uuid:eba26ff1-0b6a-4197-8d5c-4ad97d624ed0> 1
206 0 <urn:uuid:1bfd7d57-fb9d-4301-81c7-4f279fe84791> 1
224 0 <urn:uuid:7dddbc56-8262-4191-a562-f360f3318563> 0
208 0 <urn:uuid:a2695c62-1f4b-47bc-84c4-b713c0e5bbad> 0
223 0 <urn:uuid:40fe4c4d-c3ed-4c47-a4b5-ac8a89b3c3c0> 1
218 0 <urn:uuid:065401b7-3bf0-4fac-8504-96ff3c6d8b7c> 0
240 0 <urn:uuid:3d49bf35-51de-4647-99bc-6dfe1623ec34> 0
225 0 <urn:uuid:d59e4c5c-5a30-41a2-98f2-a4e3ccbf15ed> 0
237 0 <urn:uuid:606a06d1-a76e-4743-8b2c-9f668b5404f7> 0
220 0 <urn:uuid:bcbe499d-6d9d-4583-b592-309e601bb49f> 1
246 0 <urn:uuid:584f4bc5-4c46-49e5-bfe5-3706e7435e4c> 0
243 0 <urn:uuid:8353d688-d345-4a5b-affa-90df495098f7> 0
214 0 <urn:uuid:fa5d1100-00ca-4745-856e-fe882860c8cd> 2
228 0 <urn:uuid:45fdbfc4-9785-49e6-9aeb-0599361a7191> 0
234 0 <urn:uuid:ee5eb65b-c427-451c-b059-c247110ef281> 1
205 0 <urn:uuid:2b89bf51-1b46-440a-be75-c0007315082e> 0
211 0 <urn:uuid:1bb7633c-cd42-48d4-9b38-2cab34035e81> 0
219 0 <urn:uuid:eb9e4cce-3af1-4b85-b5a8-0f754ec98315> 0
219 0 <urn:uuid:e9906899-a9a0-48dc-ab2e-9bd1841fcb49> 0
215 0 <urn:uuid:aa847a00-0be2-4686-a915-15ec57f53dfd> 1
215 0 <urn:uuid:e5715c15-8540-4740-99e8-37fad8b8006c> 1
221 0 <urn:uuid:bb7d79ae-9355-4869-a42c-a29c6c7c792e> 1
221 0 <urn:uuid:a6c7fbe3-502f-4b98-b87e-38cf6148c5ab> 1
236 0 <urn:uuid:ea624afb-8849-4b8f-bfa9-5ecfdc1bcfc7> 1
228 0 <urn:uuid:3f9343aa-a927-4a7b-b354-362a7dfeede6> 0
220 0 <urn:uuid:727cebdd-ce31-4f78-bd0b-6c029c1cf10a> 2
215 0 <urn:uuid:64974792-305a-4ed2-b03e-89f8cb3bef0c> 0
240 0 <urn:uuid:3d9612d5-8105-4fbc-a665-fec4f7c5693e> 1
228 0 <urn:uuid:c041d27b-52eb-40ab-844f-5bdcc44d8532> 0
236 0 <urn:uuid:e7776b70-617b-416b-a26e-69c37381b50f> 0
230 0 <urn:uuid:c339f0f9-10e4-478c-80fd-2aa257b7a457> 1
205 0 <urn:uuid:1ea20ca2-abcf-4568-bc87-54e368966291> 0
205 0 <urn:uuid:3212777b-f4b3-402a-9b8d-1156cbee921e> 0
242 0 <urn:uuid:7bb9e3b9-3bee-4c1a-8747-031e15a1c6b8> 2
244 0 <urn:uuid:8c639580-5838-4213-bb82-42d07cf0f4bf> 0
244 0 <urn:uuid:84d76e0c-841c-4326-ae83-896bbc35bfb2> 0
228 0 <urn:uuid:080c8ed2-223d-40cb-a211-78b304b54ada> 0
211 0 <urn:uuid:dffdb35c-fa7d-4203-93c8-21763d7dc37a> 0
219 0 <urn:uuid:125c94b7-431c-4e5d-815a-01164d38584f> 0
221 0 <urn:uuid:a25191cd-0d8c-4e64-8278-eaa3c7c43002> 1
211 0 <urn:uuid:f0ad415d-145e-4c9a-b4df-3676dbb87ee4> 0
236 0 <urn:uuid:3846164a-5b5f-41df-898e-f5d654bdcbe8> 0
238 0 <urn:uuid:d15283b6-8e94-45d0-aa87-e28c02859cbf> 0
206 0 <urn:uuid:368ca680-ca2e-4077-b820-0cc1792a2473> 0
211 0 <urn:uuid:cf7be405-381e-4026-ac2c-051f2c746a01> 2
238 0 <urn:uuid:30fa5d7f-6c5a-4929-b8e6-c7502fb4ffda> 0
205 0 <urn:uuid:f2103fbb-a9e5-4f48-a4e4-ffe7411d94a5> 0
239 0 <urn:uuid:edcdaeec-942e-4c94-be77-30ea7dc1d3a5> 1
228 0 <urn:uuid:28712242-7cf2-441d-b3b6-295c6e3b5dec> 1
228 0 <urn:uuid:556ab644-1d37-4aff-b573-e5677d1d9e9e> 0
213 0 <urn:uuid:e88466ec-1d86-47dd-b111-a050185fbbcb> 1
211 0 <urn:uuid:8d81ac87-fdf5-4e28-978f-461aaea058d8> 0
207 0 <urn:uuid:7c48aade-d945-400b-a4af-3aa107a8789f> 1
219 0 <urn:uuid:fa1d1c41-289e-497b-93e9-10b3d8644794> 0
247 0 <urn:uuid:e11d7381-95a3-4397-a0e4-6150418a7475> 0
231 0 <urn:uuid:ebd5064a-1ae7-4acc-95b3-e0f941104053> 0
246 0 <urn:uuid:012357c1-3f79-43a9-b43a-4fdea62ea7f7> 0
201 0 <urn:uuid:cb4b7ac4-cecb-4f77-8950-138fee20f70d> 1
203 0 <urn:uuid:4b576a21-2334-40d3-94fa-c1ce2114c455> 0
203 0 <urn:uuid:f579250b-1f57-4d79-bd47-a468c5ebdcc4> 0
240 0 <urn:uuid:7d043cd1-f87b-49b2-945b-d414df8d092e> 0
240 0 <urn:uuid:1804834b-2455-472e-aaef-e072b26ff027> 0
207 0 <urn:uuid:2cd9d9c5-d3f8-466d-95a2-fa5c484216ce> 0
228 0 <urn:uuid:4581391c-5aa4-44f4-b1ac-b2e43b4a681c> 0
235 0 <urn:uuid:e92e4a15-608d-4089-9fb8-e50280777112> 0
211 0 <urn:uuid:e0971f1c-a9bc-4484-9fc8-db66a9876f9f> 0
223 0 <urn:uuid:f1cb84fa-d46e-4201-8e15-7eabd76bea9e> 1
224 0 <urn:uuid:214cdcd2-2d76-4334-972a-53939d9a214c> 2
231 0 <urn:uuid:8626a043-cd04-4636-a6a9-33d49b7a7800> 1
203 0 <urn:uuid:f771bd11-10db-461c-9aee-09a8a52c430f> 3
216 0 <urn:uuid:3d22aee0-6190-43be-932a-1184e66c6470> 1
230 0 <urn:uuid:876fe9a5-0567-4a0b-a4ff-f62ed9fef859> 0
205 0 <urn:uuid:898f8618-9852-4e5b-a29b-e20a43a17b7d> 0
211 0 <urn:uuid:37b2ef35-f2b8-4ae5-b2bc-370080dc9307> 0
227 0 <urn:uuid:c75e1cc8-c81e-4acb-b098-3c2b2074c549> 0
238 0 <urn:uuid:14d696d3-a8bc-45ab-9a64-693075d4573e> 1
247 0 <urn:uuid:19f82faf-e76e-43b5-bd35-42c891fc1d0c> 0
247 0 <urn:uuid:8b0ffe90-c886-46c8-bba1-1c424591cb19> 0
247 0 <urn:uuid:bf187b46-9fc8-445e-80d5-853daa96a148> 0
237 0 <urn:uuid:57f32d0a-7571-4f91-822f-6f6a346b1144> 0
208 0 <urn:uuid:e9c5907f-2417-4beb-8941-c9fe78a8d85a> 0
205 0 <urn:uuid:7373cab6-79c5-4263-ae74-c05a8fd34d83> 0
204 0 <urn:uuid:31b8f182-973c-4068-ac17-94714da36d4b> 0
239 0 <urn:uuid:c12471e2-0fe3-4c22-bcfc-a39739c1e97e> 1
201 0 <urn:uuid:3bbdea75-e003-4c55-a46c-1fc381612f2c> 0
213 0 <urn:uuid:447d410d-be5f-4355-b032-3112a1ad8d76> 2
233 0 <urn:uuid:d232a553-8414-4f76-90a2-e13f54cc2d24> 1
240 0 <urn:uuid:73e360a8-e62e-459b-bd2f-8581937bc038> 1
224 0 <urn:uuid:63434ebe-6465-4e12-96c7-4e1a43550cd0> 0
215 0 <urn:uuid:c6b9263e-9656-4776-8911-b9a67fdeba65> 1
206 0 <urn:uuid:ff4a11e7-d138-48c0-93fb-9b9c719a629d> 1
212 0 <urn:uuid:d3a5ec72-ec18-4108-8797-0d2e2001bc99> 0
212 0 <urn:uuid:d8e25702-8ace-4246-9dca-f08708ad00d9> 0
212 0 <urn:uuid:ec553a60-862d-4dd3-87aa-b6b238f7c21a> 0
212 0 <urn:uuid:086ba875-cd44-4d7a-a630-4cf174cd0fce> 0
225 0 <urn:uuid:c3604fad-bcf5-48b0-bec4-8ae6c537370a> 0
239 0 <urn:uuid:6aa41fbf-9eed-48dd-959a-29328e5f7518> 1
214 0 <urn:uuid:6bead6e5-4a66-404a-9c4a-69643a0fd93d> 2
215 0 <urn:uuid:66194cfc-d618-4606-9546-c37009d096b8> 2
215 0 <urn:uuid:55f77146-cc9c-4a69-8c30-a17503e63d0b> 1
246 0 <urn:uuid:2a2768fd-3e2b-43fe-b495-c2b41668cdf4> 3
245 0 <urn:uuid:bd4833ae-4ac1-4e89-89c0-a40f275d80b5> 0
215 0 <urn:uuid:7edd91bb-084f-459a-afc7-e93ee4ad47b0> 1
241 0 <urn:uuid:b0343a40-2126-4636-b13f-9540738406a5> 1
215 0 <urn:uuid:3183a512-f3d5-49e5-b001-415894c18296> 0
215 0 <urn:uuid:377816fc-e959-4a18-a3e6-aa77eb77d005> 1
215 0 <urn:uuid:f2fcccae-8661-41d9-b0f9-4e30a0f39952> 1
215 0 <urn:uuid:ad1f7f7b-56ea-4f57-8aec-cd180ed6dd9b> 1
205 0 <urn:uuid:497081c6-b55b-408a-a913-22edb75956e9> 0
239 0 <urn:uuid:22123988-031a-449a-97ec-ffa92133eb06> 0
241 0 <urn:uuid:99dcf2a7-5f2a-4c85-b7ac-b0bebca4674b> 0
246 0 <urn:uuid:54054139-85e6-4cc8-96af-0f0ca77a7ca7> 2
208 0 <urn:uuid:71eddba9-0e0e-416c-8402-ebcf23ac21f1> 0
211 0 <urn:uuid:eacc1fbe-f419-47c6-90f2-685739655772> 0
232 0 <urn:uuid:30bb69bb-c033-4565-b476-ad014acb4f92> 0
237 0 <urn:uuid:386b2efc-916a-4b7c-91dc-d3fd1ecf9b15> 0
224 0 <urn:uuid:ce006539-bab8-4c6e-934a-12b0dd9654ee> 0
235 0 <urn:uuid:f29c5b01-1807-4c01-bd12-cfec1d4fe9bd> 1
211 0 <urn:uuid:fe736190-e497-4ab7-90fc-60ef8366d1af> 0
203 0 <urn:uuid:5ec1f31d-916f-4ca3-816b-3fcc32647cd2> 2
235 0 <urn:uuid:33ff75c0-296c-4093-95ad-2fa4b66edd3c> 0
205 0 <urn:uuid:99146a0f-adbc-4460-812f-ba701c7f6fdf> 0
205 0 <urn:uuid:b35d7c9c-e98c-49ac-9a01-20f31852684d> 0
236 0 <urn:uuid:bd18cfcc-56c0-4db4-81d3-71735a59e555> 1
215 0 <urn:uuid:e9e4f8d9-4698-46d6-b920-3171805c9555> 0
223 0 <urn:uuid:d65e58c0-08e4-45d4-b20c-ff8bcbdf7566> 0
210 0 <urn:uuid:6db1d50a-bc01-4068-8c1c-299a059249f1> 0
213 0 <urn:uuid:fbdb1d87-5cae-468b-8c5c-33efe1fae5fa> 2
208 0 <urn:uuid:03c594af-3863-450e-b54f-fda0a136c5e9> 0
220 0 <urn:uuid:1a6947a5-a40d-4f1a-aca0-51a1e165b36f> 1
206 0 <urn:uuid:52108725-4e08-4f3f-baff-38067d66bfff> 1
201 0 <urn:uuid:0ebdc0f3-d093-41f8-8548-c08275700380> 2
206 0 <urn:uuid:ed57796e-c716-42b0-be59-e9993583cf2a> 1
221 0 <urn:uuid:8bfa95f7-5337-4b29-a124-de8d28b51001> 1
245 0 <urn:uuid:d6c813e7-a0a5-4f36-9771-e33ef3f04ad4> 0
219 0 <urn:uuid:af56cdf2-b19e-4ce6-ba5e-86eb732d3d93> 0
220 0 <urn:uuid:f7c5636f-4a07-4312-9f21-7e869c684d97> 1
214 0 <urn:uuid:4847e34c-7275-4b9e-815f-30702795ae6b> 1
239 0 <urn:uuid:c65838d9-5803-441d-a830-e94b7dcd404f> 0
235 0 <urn:uuid:e3b0f5a5-d791-4196-8df3-464d89ac7fc2> 0
215 0 <urn:uuid:0a310e8d-ad44-4d39-a92e-3cb66e570f07> 0
238 0 <urn:uuid:bca6a4aa-06d2-462a-ad27-dc0670e5821d> 0
211 0 <urn:uuid:8e10df19-8bb7-4d36-bae3-0c381d570c15> 1
238 0 <urn:uuid:9594006a-bd61-47d0-85cf-d33a70073698> 0
228 0 <urn:uuid:17b0fc7d-3e6c-44d3-a78c-72d832bf1cbe> 2
211 0 <urn:uuid:feb53c89-bf74-4cf5-a6cb-703019e2d2e1> 0
246 0 <urn:uuid:39c079e7-3110-415c-8c9c-87e11e20e2dd> 0
201 0 <urn:uuid:065fe797-66b5-4647-9d0b-d79329b5a5b6> 1
217 0 <urn:uuid:500fd34a-da06-4cb4-8b1f-e1f237491cf1> 2
230 0 <urn:uuid:9eaf187c-5605-4104-bc0d-6413112276cd> 1
224 0 <urn:uuid:375d0d81-f1ae-498e-8133-f8e54a93b09c> 2
201 0 <urn:uuid:cb9c8151-88bd-45b4-b83e-1c6260569c13> 0
234 0 <urn:uuid:d355bf28-4289-48c4-a181-ce3001095502> 1
246 0 <urn:uuid:b4c65a36-3266-45a4-8069-188d28851ea6> 0
203 0 <urn:uuid:3cd4eb43-e500-46bd-8f34-629e147c7d84> 3
202 0 <urn:uuid:72e31270-8aa4-445a-ac98-028c54abaa6c> 0
219 0 <urn:uuid:131cc343-29e4-47ed-bc2f-67c87fe48665> 0
215 0 <urn:uuid:1e39de28-8613-4989-9f1d-a9b321405990> 0
246 0 <urn:uuid:6198209d-c29a-49f1-a714-f69f68b6557f> 0
226 0 <urn:uuid:55173385-b97a-45ff-a367-7cfef197f445> 0
215 0 <urn:uuid:56d806c1-a635-43be-ac54-1d06c1692558> 0
241 0 <urn:uuid:f7274f0c-1614-46d9-beff-85cc7a9bd4b4> 0
206 0 <urn:uuid:3b256ab6-4efb-4c55-9b90-597b8f758d30> 1
206 0 <urn:uuid:0782f5b2-38c8-46fc-9b11-f4ee531926b2> 0
219 0 <urn:uuid:c191951a-960f-4fa2-975a-73889ee81851> 0
211 0 <urn:uuid:ac3f0244-2621-4296-9f90-f64c975b1f86> 1
219 0 <urn:uuid:40599d78-1af5-4faa-a2ad-df7ebc2d019f> 0
223 0 <urn:uuid:7c13c081-70a0-4903-a0d4-11e5e87c1835> 2
209 0 <urn:uuid:e352a896-dee4-475a-9eaf-cd2d079a21e5> 0
228 0 <urn:uuid:48e9e08a-a25e-4cc3-8c2b-4609f32353b0> 0
203 0 <urn:uuid:6c64dc35-e94b-4a38-93d2-996ff1b13078> 0
237 0 <urn:uuid:1204b173-590d-4bbd-837b-42ba826f6734> 0
201 0 <urn:uuid:6d67f505-7895-4b93-9cab-4d4319e37093> 0
221 0 <urn:uuid:89f75156-0a9a-42cb-a2b3-e8e55b1b2ace> 1
211 0 <urn:uuid:fd393ed3-f63b-4633-b212-d423cc4a508f> 0
211 0 <urn:uuid:b6e021fe-22fc-4d9d-92c8-b7c33ca86737> 0
206 0 <urn:uuid:dc39b1f4-d747-4402-ab23-2074eb07d656> 0
206 0 <urn:uuid:5f29b8af-051f-4bd7-bf90-fbd5e1aab691> 2
247 0 <urn:uuid:b0856d5c-5c13-489e-8f0b-6757ba11deb2> 0
206 0 <urn:uuid:afb7dd95-dbc0-46f6-b1c3-3af3a77b0be0> 0
225 0 <urn:uuid:22f57eb0-f6fb-4ff3-80d3-d1acb95e1754> 0
202 0 <urn:uuid:1c155cae-f8fe-4db7-ac3a-e65054200988> 0
220 0 <urn:uuid:b6614b09-34e1-4541-8af4-2c7a816df8b7> 0
211 0 <urn:uuid:60255746-4e1a-411e-9a6c-03a49af3830e> 1
247 0 <urn:uuid:b59c1b43-e024-47cd-9ff8-a7bd9f3132bd> -2
226 0 <urn:uuid:6c9bea6e-cd84-4a6f-bed6-d72b3087d89d> 2
219 0 <urn:uuid:56f40e8d-5c3f-41f9-a845-716a16300ecb> 1
206 0 <urn:uuid:8cc91ade-c15a-401b-bb54-0c8e084119ae> 1
203 0 <urn:uuid:037042a3-2161-47ab-92f4-b5bd37c075c8> 2
228 0 <urn:uuid:31690268-4266-43dc-ae0c-20cd7f65278d> 1
247 0 <urn:uuid:34a67dbf-7e99-433e-8e4d-0f653c696269> 0
235 0 <urn:uuid:8880ac24-377d-42db-8333-327193513e25> -2
211 0 <urn:uuid:a2e88d54-9e44-4b08-b533-6f9d740d467e> 2
231 0 <urn:uuid:f62b4361-6c4b-48b8-a2d6-18d636524a85> 0
219 0 <urn:uuid:6d6eb8b2-1432-44ef-8688-58495eb9910a> 0
242 0 <urn:uuid:f9198d15-7ec4-453a-8113-78531649094b> 1
206 0 <urn:uuid:27bb819a-7021-4a60-a702-200e6c9792f6> 0
250 0 <urn:uuid:6baf7fef-fbbf-41b4-952e-31b03d0bcd14> 0
206 0 <urn:uuid:a6fc98f8-622b-49a2-9727-bc13b380687f> 1
243 0 <urn:uuid:253871e0-4913-48c3-888f-449877407a02> 0
223 0 <urn:uuid:eac82e96-888a-4356-89b0-a937a87a4482> 1
211 0 <urn:uuid:37006604-abe5-4dbb-9765-5ca94beeb750> 0
245 0 <urn:uuid:be47d2d9-0c6b-4173-8db3-bf824b7ae20e> 0
239 0 <urn:uuid:3b53922b-fcea-470e-9187-0bfda338e2ed> 1
206 0 <urn:uuid:8e208ea5-e4ef-4f7f-824d-5f06a5764f5c> 1
221 0 <urn:uuid:92c3b282-9181-4d65-b959-fb80f21df865> 1
217 0 <urn:uuid:cecbe354-83bf-47d9-b216-eecf55a0ea33> 1
204 0 <urn:uuid:2e053c54-fb91-4cb1-878e-57db61e7a4bd> 2
211 0 <urn:uuid:3399c022-9a22-452e-9dfa-62511b9caed7> 3
217 0 <urn:uuid:ac2136c7-3ef0-47d5-807a-9f360536824e> 0
241 0 <urn:uuid:c41473cc-cd66-4da9-9b2c-d4fe2782e016> 1
247 0 <urn:uuid:cb434ebe-0920-4614-b677-a653cde6c8b2> 0
215 0 <urn:uuid:68e70b19-1b4b-40d5-878b-05cc131c7436> 1
228 0 <urn:uuid:fdb32472-297f-4371-9068-b15341d27d7d> 0
214 0 <urn:uuid:fff6bfae-980a-43c4-9b28-aafa8abd95e6> 1
223 0 <urn:uuid:1eef6ec9-20b3-4294-a3c6-46c2b2aa053f> 0
202 0 <urn:uuid:06aec3e9-df5f-47cb-a157-555afadb7106> 0
215 0 <urn:uuid:2d8a1c16-bb67-4b74-81ab-f9fe60d7e8a6> 0
205 0 <urn:uuid:c77ce28d-8278-491e-9d2f-ff40e6585aa6> 0
221 0 <urn:uuid:1d7a31dc-6806-47fe-af33-b77a153a497c> 1
215 0 <urn:uuid:6515a6c0-9084-419e-a758-514961d832fc> 0
215 0 <urn:uuid:5f8961fb-0ec6-48b9-8855-ae99d216ea52> 0
236 0 <urn:uuid:ae95a425-ed4a-468b-8876-bc6d500bb1b6> 1
214 0 <urn:uuid:fd287870-cbc3-4267-9d43-0b99dfea127e> 1
215 0 <urn:uuid:24c81e90-8d13-45ed-a862-68404a59440f> 0
219 0 <urn:uuid:28bd406f-689c-400d-9ced-92a02fefdcd5> 0
202 0 <urn:uuid:b67314eb-8fc0-4ab2-b996-270c23d6bf70> 0
215 0 <urn:uuid:af98fe62-0fac-4533-841f-f5459ae18f74> 0
245 0 <urn:uuid:8eeec135-59b0-4243-8ae6-0c62bc0f4d3f> 0
245 0 <urn:uuid:e0b12386-2b60-4501-9977-a334f083fc43> 0
210 0 <urn:uuid:a4af34c6-d3eb-415a-bd89-aa5f6b8a2d07> 0
219 0 <urn:uuid:f3df40b1-09cc-4325-b955-61cc998a9a1b> 0
224 0 <urn:uuid:ea8f4204-4437-447f-a2ce-6a9b1e05f9e4> 0
215 0 <urn:uuid:bb062b38-fa81-478e-8d3f-daa1d83cfd37> 1
215 0 <urn:uuid:60867786-260e-43fb-ac39-f04a878f10cb> 1
215 0 <urn:uuid:aa559aee-dd13-471a-98dd-a3363e69807e> 1
215 0 <urn:uuid:23d1ad7f-3eaf-4345-81e0-4da611b702aa> 1
233 0 <urn:uuid:182707cc-5432-459f-9bbe-fd692ebb17e9> 1
215 0 <urn:uuid:70711748-c569-4ed7-adc5-ac5723900e0a> 1
246 0 <urn:uuid:0774a84c-a97a-461b-8053-8973f058a33a> 2
246 0 <urn:uuid:8272a668-faa1-4d48-8051-ac8b2cf05fe7> 1
219 0 <urn:uuid:88630b20-58e9-4de5-9264-244e1fb2cfa9> 1
225 0 <urn:uuid:5783f8ea-27b1-414b-ac3c-3b36debbcd8c> 0
247 0 <urn:uuid:d880e5d6-088f-4b73-9eea-2e4375d37e8a> 0
236 0 <urn:uuid:901a1db0-e380-4d6d-a8a6-f539fe7308a5> 1
223 0 <urn:uuid:332731a2-3bd9-4aae-afc6-7df99b68d7d6> 0
217 0 <urn:uuid:f50d0ac5-56c2-41b4-a58e-ee555e2033d1> 0
215 0 <urn:uuid:fcf3ddcc-617e-4efe-8df3-195ea18fe123> 0
233 0 <urn:uuid:13d5286e-f953-4d9d-b33b-a1725fcb40c6> 1
250 0 <urn:uuid:1457bb87-c249-4578-b5d5-0761bbcecca5> 0
238 0 <urn:uuid:2838b4bf-854a-4b10-bbd4-54f1feb8a997> 3
216 0 <urn:uuid:d572e3cd-c846-4f01-ac8a-8c39c79da09e> 1
240 0 <urn:uuid:b3fff256-fc26-4bb7-b7c6-7867b3282514> 1
236 0 <urn:uuid:5572ed75-7995-42b6-9a90-4329f6171fc9> 1
219 0 <urn:uuid:5853a6ce-519a-445c-964b-6e087d50cd42> 0
213 0 <urn:uuid:d4c063e3-0cc8-4383-a5e4-5801c10b5059> 0
227 0 <urn:uuid:2da5c207-04ac-4f33-8032-c523e0990040> 0
215 0 <urn:uuid:3ab8c70b-fee1-4d1b-957f-ec7cd0c140ac> 1
239 0 <urn:uuid:c94726fb-8a13-452d-badb-8ed51a8f8a9d> 1
223 0 <urn:uuid:81468fc8-2937-464f-a2c8-b06d8b1a3bda> 1
201 0 <urn:uuid:2d5f1734-0a03-43c1-b656-015d018d74be> 1
215 0 <urn:uuid:81adae12-2227-45c6-b76d-ae50813b0c3d> 0
205 0 <urn:uuid:06b07502-8137-4232-ae03-9330ef8abfe0> 1
217 0 <urn:uuid:e3a7ce04-50c9-48e6-bd7c-21ee0f7b5889> 0
215 0 <urn:uuid:a482faa8-bd8b-45e1-a3d1-44ef82ad0d48> 0
215 0 <urn:uuid:625fdc0b-aa48-4253-8355-54644481b669> 0
216 0 <urn:uuid:b1ad2ac0-076b-4ab3-bcbc-15df8354f5b0> 1
221 0 <urn:uuid:abeeaa77-1537-4130-a79a-c49f35cbe6d2> 1
240 0 <urn:uuid:31e619a0-620f-41c1-9652-a082fd608913> 1
223 0 <urn:uuid:ed7d106d-f8d6-4907-94a4-0a002803d6a6> 1
238 0 <urn:uuid:ae6b6d0b-41e2-4fba-83d0-4ff359a98161> 0
219 0 <urn:uuid:4346f258-fa45-4c5f-896c-9b8d1f276d62> 0
231 0 <urn:uuid:c845c841-4d5c-4bbe-b05b-19f36bb5c269> 2
215 0 <urn:uuid:faa7770c-3c83-43f9-9e39-3595ec4d8146> 0
241 0 <urn:uuid:8dcc1a35-b5ec-4f1a-8bd8-9ca658c3b040> 0
206 0 <urn:uuid:f7bb48e8-e435-4ac0-96a0-c1fced8ed062> 1
215 0 <urn:uuid:dada29d6-2c95-491e-a973-6568db20e715> 1
215 0 <urn:uuid:d53be346-4c04-4af4-ac31-0915e5917281> 1
209 0 <urn:uuid:e41a5502-c1d3-4658-8dcf-0b9422cf3c4c> 0
234 0 <urn:uuid:68308074-62c2-408f-af65-26a7134826a2> 1
209 0 <urn:uuid:46c9876c-657e-46cd-8447-cfdba97a75ab> 0
221 0 <urn:uuid:98ea6c09-685b-414c-baf0-d8ee94eb109e> 0
242 0 <urn:uuid:05186142-5546-4c80-97fe-c481eadb4559> 2
230 0 <urn:uuid:2c902a0d-7d72-48b1-94df-954fbaca9499> 0
227 0 <urn:uuid:2a70c4bd-8852-4802-9b74-b56de331db44> 0
236 0 <urn:uuid:107990f1-9809-4f57-97ce-20335993c347> 1
249 0 <urn:uuid:e5f11dc1-e120-4d6d-9274-78d93ddb84f0> 0
221 0 <urn:uuid:ca79cfc9-dcc2-4b2d-90cb-6c2fdd166ce6> 2
203 0 <urn:uuid:48409a7b-ab4f-4534-9b43-a58590b48742> 1
217 0 <urn:uuid:654d8f17-05a1-4fdd-9be2-5879bad31995> 0
240 0 <urn:uuid:988b7977-4354-48e4-a27a-663d766ebedb> 1
215 0 <urn:uuid:0eb69fd0-31ab-44f8-bbdb-439778ac3ff4> 1
224 0 <urn:uuid:99613a82-43b1-4c9c-ae7d-50af41446158> -2
219 0 <urn:uuid:5feaf9db-2c82-434d-a9fe-bcf29c22dd55> 0
231 0 <urn:uuid:b14fcbcf-580b-41b0-a3b1-80b22af50270> 3
206 0 <urn:uuid:73ba7a86-3773-4f03-8700-7b7d07bffeb5> 1
219 0 <urn:uuid:a4c0af91-a4e4-4341-b206-2fe5a4a3ef2e> 0
224 0 <urn:uuid:4d0d95ad-25fd-43bb-a1f2-961dc4712451> 0
215 0 <urn:uuid:96f0f60e-3df2-4a5c-bde5-50bab7017fb4> 1
215 0 <urn:uuid:333fb747-c485-4906-a537-6bb4668dccdc> 0
221 0 <urn:uuid:abadfba1-56e7-4ff5-a5e0-ccd69a166295> 1
228 0 <urn:uuid:40ff135b-528d-4917-9da1-b0ac158c68f4> 0
234 0 <urn:uuid:6f3a84f7-382f-4d3d-b8be-18b77f0ce79d> 1
228 0 <urn:uuid:0b06df1e-fa60-445d-842f-e2c9ec217019> 0
238 0 <urn:uuid:474ad1f6-4974-4610-be7a-ad1125f6b558> 0
221 0 <urn:uuid:6222f335-e04b-4679-9342-6b7f44ed35e0> 0
219 0 <urn:uuid:8c5a69cd-6d8a-4101-ab84-6449cb00b939> 0
248 0 <urn:uuid:35b92de8-769b-4a22-ba56-2a96f0770386> 2
245 0 <urn:uuid:404c8d95-a2bf-47ba-9d60-06bd975b8c35> 0
210 0 <urn:uuid:e797e774-a764-4464-9983-40c9aa7200c5> 0
220 0 <urn:uuid:2b843990-1f6b-438e-8a93-57fd1a94275b> 0
220 0 <urn:uuid:6d58e4b1-aae0-4f4d-8abd-fff53b45e6b5> 0
235 0 <urn:uuid:18c1ed21-d16d-4f62-a5b9-8ccc2ac7439c> 0
215 0 <urn:uuid:f2af80e1-a75c-4d7b-98a4-679fd0570abd> 2
215 0 <urn:uuid:44d3b595-c4c7-48e2-acfa-e212ff7febdf> 1
215 0 <urn:uuid:b0487bf5-5bf4-4810-8d96-5d6d82648f0c> 1
210 0 <urn:uuid:5913dbc9-8735-440c-a539-0d8d7d114879> 0
215 0 <urn:uuid:cc8f9b65-5ce1-40da-b030-b10505e0c73d> 1
219 0 <urn:uuid:2d3fbf91-7746-4d7a-952a-b08543e8a75e> 0
203 0 <urn:uuid:6719b10f-56a4-4f70-a657-6b2b6e9325a5> 3
215 0 <urn:uuid:e775ee5e-a2e8-4184-8f37-25799e6ca167> 1
209 0 <urn:uuid:c39b2c29-c542-4bc0-9b32-cb1f18b2a572> 0
208 0 <urn:uuid:0ace169a-2be9-4cbc-83a0-2a2b4a7d1c71> 0
224 0 <urn:uuid:2d92cdfb-1126-4ff9-84c5-bfb7c0842ae5> 0
214 0 <urn:uuid:a76553f6-90eb-4474-8df9-07f5e43f99e5> 0
207 0 <urn:uuid:e3d1ac0f-7c2c-4837-a1ee-81c1367357f1> 1
220 0 <urn:uuid:d128cfd7-2308-4d97-8e34-d0d3a27aced7> 0
219 0 <urn:uuid:e3c5318d-a6f2-4320-a9a0-3420c1b8cb75> 0
228 0 <urn:uuid:3812dd23-0264-450f-a3d3-633b7fc7b750> 0
243 0 <urn:uuid:5299bc51-c27f-42f4-b754-f716283f2573> 0
219 0 <urn:uuid:02834faf-d160-4b14-85d5-994527e5a900> 0
219 0 <urn:uuid:ba7f6e93-0b90-4a3b-b2e7-a4b182caad5a> 1
224 0 <urn:uuid:bf3584c6-1cef-42c4-99dd-450c7cc9048d> 0
204 0 <urn:uuid:4983b4a7-5a57-40e9-91fe-9850811657ae> 0
221 0 <urn:uuid:d2108409-c236-41fb-8712-b4fcc47a485f> 2
209 0 <urn:uuid:242c2471-49af-4b97-b640-adf1d91212e3> 0
236 0 <urn:uuid:98a1ca4a-fac4-45ea-b972-315239d23f8c> 1
219 0 <urn:uuid:1ed09347-7605-4317-aac3-d31f836ab977> 0
231 0 <urn:uuid:d7c169f5-93a8-4f6a-b10d-cac92999b364> 1
224 0 <urn:uuid:dbfd8718-fb40-4c00-949e-2cc0f295b0d7> 0
228 0 <urn:uuid:3e6b12df-be1b-43dc-b130-fe6d3384d572> 0
228 0 <urn:uuid:69e11c29-76de-4f4b-907e-fb8962b4d7dd> 0
224 0 <urn:uuid:90d054ca-d579-4290-81ac-0ba3d2fa3ea4> 0
227 0 <urn:uuid:8465ad6d-be59-4fc1-a139-cda8fc8a4bec> 1
215 0 <urn:uuid:0dc4cc26-1c08-44e6-9674-e73fecf44228> 1
215 0 <urn:uuid:b1f137f7-9713-4dc6-81f0-1cddc27b54f7> 1
214 0 <urn:uuid:ec85256c-bd01-4e37-95bc-2d4c96c52113> 1
228 0 <urn:uuid:c039eee3-99e3-4fed-982a-cec9014c7fdd> 0
217 0 <urn:uuid:db202020-981d-4204-8055-865760c35614> 2
227 0 <urn:uuid:55d24e34-021b-49ae-a0fd-a608681e2329> 1
207 0 <urn:uuid:1c1c3b3b-e165-4e16-bcf5-1c3e0e085767> 1
205 0 <urn:uuid:f7852fb7-6c06-4aea-8e3c-a85719e9a379> 0
215 0 <urn:uuid:ec85cf32-2ea7-49df-b535-ee72b00e0d8f> 1
215 0 <urn:uuid:e1c7a35e-cf84-4d06-9004-83bf09ee0bb1> 1
224 0 <urn:uuid:e9876c3f-e669-4d5d-8bfe-43ad3234d57f> 0
215 0 <urn:uuid:a3dc17ed-2cde-4718-9ce1-bfe8307f3c10> 2
215 0 <urn:uuid:837f78b4-7b11-4cac-9c65-59fb7637e439> 1
215 0 <urn:uuid:52a0878d-a43e-449e-b663-afb11bf9f06f> 1
215 0 <urn:uuid:bb8cdbab-8f59-47ce-8c55-0244e9a2811d> 1
238 0 <urn:uuid:d7fca4cf-e463-4080-934f-48c11b0f8fba> 0
219 0 <urn:uuid:d0657f08-dd48-4bb6-9d82-9b1db2cb380c> 0
240 0 <urn:uuid:fe675091-777e-4775-8986-962b962081ad> 0
201 0 <urn:uuid:e05d54e5-5a1f-4c85-9b84-7030e2169ba6> 0
227 0 <urn:uuid:3a45b335-57c0-47a5-af20-938d22a06111> 3
209 0 <urn:uuid:478baaf0-e58f-45da-8f90-3154135007be> 0
220 0 <urn:uuid:c3b9002c-36f1-458f-a05c-b1bf253e7d31> 2
232 0 <urn:uuid:a3245fd9-aebc-4b90-91b4-582719643ceb> 0
220 0 <urn:uuid:5ff36876-0499-47cd-ac41-02aa50f9e038> 0
211 0 <urn:uuid:aabd69d4-7884-4e12-a2cf-11e935eb4004> 0
237 0 <urn:uuid:d1a1cc91-da1b-46cd-a78a-d3d751cd9fb0> 2
237 0 <urn:uuid:b105a81f-4041-4a46-a4cc-33dfa07cb5b6> 0
215 0 <urn:uuid:727ae38c-bed0-4220-9210-11add1be9372> 0
215 0 <urn:uuid:69e53645-63e8-4061-a6e0-c17edc39a56b> 1
219 0 <urn:uuid:d4d91cb7-19c9-44f2-bd8f-f0ae5cdd4203> 0
209 0 <urn:uuid:e962fcb1-9a89-41c0-9679-9bbe45739dd6> 0
215 0 <urn:uuid:70ab374e-0664-4f3f-8a65-640bb6da57a7> 1
232 0 <urn:uuid:9269f8c2-363c-4806-96af-127f7e15011d> 0
232 0 <urn:uuid:eb71932a-055e-4168-ab40-66616e8d206f> 1
219 0 <urn:uuid:eeb706a5-7b2e-4a52-953d-ac416ccef394> 0
224 0 <urn:uuid:8d96f158-235c-4001-b32f-e7a85f60bc09> 0
238 0 <urn:uuid:e04c1c69-fc93-4bf0-b390-f8162a6439e4> 0
223 0 <urn:uuid:9b553a9e-8f5f-47d0-a47d-cfe5f87d620b> 0
239 0 <urn:uuid:d2e633dc-656c-4bee-85fb-ca542b2e39d8> 0
246 0 <urn:uuid:23a314fa-d1ce-43d4-bcce-6a80b257868c> 0
211 0 <urn:uuid:e23d60e7-3bf9-4e6b-8904-2945befcc4b6> 2
248 0 <urn:uuid:4c07d41e-588b-407f-9045-28d6aae7f657> 1
236 0 <urn:uuid:93be94b7-f92a-4e63-aeef-3530be9d3e22> 1
223 0 <urn:uuid:9685b3d7-6fea-4ec3-a7b3-ecc5c81d1dc2> 0
228 0 <urn:uuid:8a2ada80-360a-44f4-9dd7-5210202ba7c6> 0
219 0 <urn:uuid:5b01359c-fd8c-46ac-9548-84a25a8838e9> 0
233 0 <urn:uuid:f3414b0b-4924-4072-8b8c-19e991c4110d> 1
224 0 <urn:uuid:9a49bee9-927c-4637-a8f1-9bf88afa36f0> 0
213 0 <urn:uuid:0b1135ae-3169-4786-b6a2-4883e321e5cb> 2
214 0 <urn:uuid:9467b0af-2718-48b3-b14d-ceff2de0e8db> 0
219 0 <urn:uuid:2fd3035c-248e-4633-ac46-67af0b4d5863> 0
214 0 <urn:uuid:e3b249f3-135f-4f87-8eaa-e0fd224144e3> 1
206 0 <urn:uuid:a84596f6-80a6-4afe-9cbc-6150989f3a3f> 0
246 0 <urn:uuid:09351833-24a0-434a-9be8-f0d56be897f0> 1
215 0 <urn:uuid:9565443f-4954-4995-a5a7-1a573faf63af> 1
215 0 <urn:uuid:012e2ed3-c290-40a6-bbce-07d3ccec8027> 1
215 0 <urn:uuid:6985fbdf-5f9a-4c24-b1f9-778439b5c7ca> 1
209 0 <urn:uuid:1bf86f28-152a-4f85-aa8b-f48ab16fdbe9> 0
225 0 <urn:uuid:73cfa684-d3e5-4760-8982-8b135e4e7cc8> 0
215 0 <urn:uuid:b5607b49-e23a-4c9d-b675-9741de322e8a> 1
215 0 <urn:uuid:83114899-8e05-4028-af49-1eb3f6b87e4f> 1
225 0 <urn:uuid:7d232112-98bb-4712-aca5-a7525ae203ef> 0
240 0 <urn:uuid:952c777d-a1e5-4a4c-9a36-4bea48973556> 2
201 0 <urn:uuid:f04c0bff-9662-45f9-b3e9-5c18ed866e34> 2
227 0 <urn:uuid:3f16c4ca-38c5-44f4-9889-f21816c41f66> 0
215 0 <urn:uuid:26d2ff11-cec2-42c1-b63e-513984c64a35> 0
238 0 <urn:uuid:bca66e69-572f-403b-b41e-1469da643c5d> 0
208 0 <urn:uuid:c51f2734-09fc-419c-a312-97a9a3316eb3> 0
246 0 <urn:uuid:9ca78f56-f2f7-4ce6-911f-945fddb163e9> 0
219 0 <urn:uuid:b03d2f41-db9e-46f2-baba-fbf48c5cb9b5> 0
247 0 <urn:uuid:be57b779-0584-4ff2-a079-7ff286782495> 0
215 0 <urn:uuid:ab8601c4-cd11-4859-bb90-ca3efd15666e> 0
209 0 <urn:uuid:2d334363-2291-4a61-afad-23f70651f69d> 0
208 0 <urn:uuid:a6006da0-726d-43d6-aa85-a23cefaf0e09> 0
242 0 <urn:uuid:412bfcb0-258f-4c7e-b67a-e7332d39088d> 0
213 0 <urn:uuid:f6243e60-6637-4ae5-a274-a27dcbb1de84> 0
238 0 <urn:uuid:07480909-0ba4-472d-8618-79b8079a6302> 0
214 0 <urn:uuid:a8aa17a9-b421-402a-a913-d917002c6ae8> 0
248 0 <urn:uuid:b7aff412-e85e-403c-9691-559eb40765fb> 0
221 0 <urn:uuid:33ee8202-7d85-4855-871c-cdab13b6308b> 0
204 0 <urn:uuid:785c5710-2071-4c77-acc2-482f78c9ea15> 0
211 0 <urn:uuid:86d3361d-31e0-4121-bec5-51ebcb0fdfd9> 2
215 0 <urn:uuid:36ba1cfe-2f7b-492d-abbb-140b378d2e5c> 1
222 0 <urn:uuid:91c6c994-b11b-4fc0-b3a1-395e87b07817> 2
238 0 <urn:uuid:8b5a5268-e9d5-41a5-a4d4-51c061b39d3d> 0
235 0 <urn:uuid:72500b67-9ac2-414b-b760-ca7f0b56b511> 0
208 0 <urn:uuid:7f9ca4d5-1ba2-4e15-8509-ea2fccef9bc2> 0
202 0 <urn:uuid:730adf76-73b9-45cc-af54-9a31ca4464b0> 0
208 0 <urn:uuid:5e65428b-c91e-44fc-a3e0-0d00e5de3b2b> 0
219 0 <urn:uuid:0a7dbc60-c6ab-4574-bd30-0e630e34a79d> 0
219 0 <urn:uuid:7058c454-1620-4756-8a40-eb16ee84e1dc> 0
213 0 <urn:uuid:f2338ba4-a73c-4599-8f06-ea31c95794c0> 2
247 0 <urn:uuid:5ef16608-e2f8-4f52-bc34-f6d363b304c6> 1
214 0 <urn:uuid:7ec36451-c31e-447b-b6f0-d3a4870c5896> 1
237 0 <urn:uuid:6d1144c2-f173-41c6-8eea-413810aac911> 0
234 0 <urn:uuid:12f50007-355d-4fce-9755-8afd62b415f6> 1
208 0 <urn:uuid:55bbbdd6-81ca-4f7e-a884-97b4e5186271> 2
214 0 <urn:uuid:ac816397-c075-4694-a461-515c42949b57> 1
211 0 <urn:uuid:6b3092fd-3480-4719-8ca4-60cc3d8dc0f1> 1
219 0 <urn:uuid:5e454dea-6721-43ba-b20d-3986dd6a33aa> 0
239 0 <urn:uuid:056b8340-65a8-4728-8dfb-2f383ed32c74> 0
219 0 <urn:uuid:1e5c174b-d32f-4657-84e3-6ce6f486496f> 0
219 0 <urn:uuid:f3b9378b-fd34-4e86-8a66-e9897b9b93f7> 0
221 0 <urn:uuid:474ad1f6-4974-4610-be7a-ad1125f6b558> 0
237 0 <urn:uuid:9152282a-f95d-4b1d-af0f-741a8ffc6703> 3
211 0 <urn:uuid:1f7d2d73-50f6-4b34-8829-f12c5b0dc012> 0
225 0 <urn:uuid:f32738f6-74be-4736-aaf6-81bbf3808dfd> 0
209 0 <urn:uuid:e7e47bdb-db96-4311-a003-4850bfa08bdb> 0
228 0 <urn:uuid:989590a0-4ad3-4de0-8b51-d5c47741bdb0> 0
227 0 <urn:uuid:9983d425-8f10-4c7a-b9aa-e798b1e238d4> 0
228 0 <urn:uuid:61f3f471-3d4c-4444-946d-7bed8fca10a3> 0
228 0 <urn:uuid:f60320dd-21f6-4142-afce-0f9ad70852da> 0
228 0 <urn:uuid:23f4a8c3-ad33-4169-aee9-56a36ff11be5> 0
228 0 <urn:uuid:42410062-fe34-4090-b49c-04883cfdfda7> 0
241 0 <urn:uuid:7fc7a142-b28f-41d5-ac59-74ed82ff1280> 0
239 0 <urn:uuid:bc16894e-c7e6-453a-a521-b9e9f4f85525> 0
216 0 <urn:uuid:d8afc07e-c952-4f00-bd00-0d227335b6bf> 2
215 0 <urn:uuid:94b2c195-32ee-4afc-8c10-bc8b1f31d304> 0
206 0 <urn:uuid:97d43f69-3a24-44f5-9a9d-aef98f547923> 1
247 0 <urn:uuid:f74faecf-bb33-4fd4-ad12-83d9497338fb> 0
221 0 <urn:uuid:a34d2892-7513-4064-b78e-4aa2fb3c60c9> 3
250 0 <urn:uuid:3ba17cdd-3bed-4a75-ad14-4cd200c56fc8> 0
219 0 <urn:uuid:2395e620-e755-486b-ac59-536433d60e5d> 0
233 0 <urn:uuid:5058303e-f9c1-4df2-ae04-27b2ea4d6792> 0
211 0 <urn:uuid:a4abae3f-31c0-4516-b478-60d6485dd9f2> 0
221 0 <urn:uuid:04dca49a-899c-4c7c-be29-a557517faba7> 1
230 0 <urn:uuid:479264ff-4450-4163-8d2b-65ccfbe42c12> 0
211 0 <urn:uuid:c99f557b-2ed5-4896-a7f5-d0a08a09ff4b> 2
220 0 <urn:uuid:cfd5097e-7a27-469a-8135-6a0ca8a274b2> 0
221 0 <urn:uuid:d8423c8d-4a80-4855-9443-b4e2f172b79e> 3
206 0 <urn:uuid:ae8134ab-8689-4d1d-ab88-6e8eb4472ca8> 1
239 0 <urn:uuid:5d629df7-470a-48fb-b48f-0315276b61a7> 0
211 0 <urn:uuid:e518f800-be70-4da3-8c9e-0634130cb1ed> 2
246 0 <urn:uuid:eed0f439-0506-4e82-acdd-6e4e2530c42f> 0
223 0 <urn:uuid:adf21781-aa9e-43b9-84b0-c40065ead89c> 1
215 0 <urn:uuid:cc5e596e-4256-43d1-b6c6-bb45610bdd72> 1
237 0 <urn:uuid:ad6a1121-ad59-41e3-aa8e-fc1b6331a1a2> 0
231 0 <urn:uuid:daea232d-d5d9-4d6d-bf91-ecd46147e88b> 1
238 0 <urn:uuid:056b7512-8fd4-450e-b1db-6a5850d12c1a> 0
228 0 <urn:uuid:9f24d488-cf3a-4a0d-99b4-239ec7476145> 0
241 0 <urn:uuid:34e0edb8-2c70-4f39-a9aa-705bd83c09d8> 1
240 0 <urn:uuid:8f0b2519-e515-436b-a5f1-102a2fff1d2b> 2
209 0 <urn:uuid:538660c2-2ce2-427d-a11f-4f19d16a4a97> 0
231 0 <urn:uuid:4e2b1601-4c99-44db-98ab-b84ce54f0d8a> 1
213 0 <urn:uuid:fb100f46-566b-4f40-95ef-5a9e7c392d4d> 2
219 0 <urn:uuid:e9a9f4c6-735e-484a-b4c7-2e1de63f7c00> 0
227 0 <urn:uuid:40e8d902-5de2-45f5-a547-e640aeab9f72> 0
249 0 <urn:uuid:67f3b4f9-b703-416d-8549-c9c78c9f0656> 0
246 0 <urn:uuid:eb587024-643f-49a9-ab42-083aacbc19cf> 0
225 0 <urn:uuid:f7dc2923-af42-4653-9de9-682e1930afea> 0
228 0 <urn:uuid:e09f1a15-43a7-4a72-9b7f-0222d4b5b0f9> 0
243 0 <urn:uuid:5b4e92a9-f3a4-4656-9a25-c916144518d3> 1
206 0 <urn:uuid:c6a5fdac-102d-4ffd-bdec-e471f24820fc> 0
243 0 <urn:uuid:e7d6c541-3d49-4c8a-8d94-baf160cd6dce> 1
233 0 <urn:uuid:f47aebd7-98d2-4970-9c92-e639c906cfc7> 0
210 0 <urn:uuid:e90841d5-3576-40da-864e-e75b50a053ce> 0
225 0 <urn:uuid:a29ec3b7-c219-4b55-8047-7923bad5fe7d> 0
211 0 <urn:uuid:c2531130-320c-479d-b856-8bfa1f9c695e> 0
224 0 <urn:uuid:42ab0583-7a69-48bb-b3d0-47468e29fcd2> 0
202 0 <urn:uuid:135d58ca-597c-4059-a2c9-31751cb9c0df> 0
215 0 <urn:uuid:8d5d01e1-589e-4af5-93fa-c9d4f17f6518> 0
222 0 <urn:uuid:d625e133-023b-4f2e-a870-1fdc6dc8dfa2> 0
239 0 <urn:uuid:78938791-43f7-4017-8d07-22a59a3390f3> 1
203 0 <urn:uuid:15819ddf-aa18-4c9f-bb59-fa6664f4cbac> 1
248 0 <urn:uuid:4ccfd553-df14-4401-9b5a-78f9c225d9a8> 0
208 0 <urn:uuid:3413bca0-4155-4180-ac98-092f066493c9> 0
235 0 <urn:uuid:7737adf8-1fe7-46a8-843a-04d51ae526d4> -2
205 0 <urn:uuid:8c18a19b-81cb-4d4a-b35a-01cd18fe44c9> 0
215 0 <urn:uuid:24c1d229-71bb-4054-9128-49cb5789f555> 1
215 0 <urn:uuid:11a28a52-48c6-4531-99d2-c1dfdaab9dd9> 1
215 0 <urn:uuid:6c9788eb-934a-49ba-b3d4-2821883ecd74> 1
215 0 <urn:uuid:c788d614-0ca5-406c-a41f-546e15f4ed4d> 1
215 0 <urn:uuid:38cc58af-0f6c-412a-b956-8846ec2081cc> 1
226 0 <urn:uuid:8ee59f29-4cc2-488a-a24b-e4f4b304f997> 0
236 0 <urn:uuid:1a8423f9-5252-4671-8bfe-a00f5eee3093> 1
242 0 <urn:uuid:5c4d1098-76ed-42fb-93c6-3a52e656854f> 0
203 0 <urn:uuid:d4954699-0111-44b1-b30f-a196b055390c> 1
205 0 <urn:uuid:ce4b3231-0230-412c-b952-35497cf5ce5e> 0
221 0 <urn:uuid:f2f9a6fd-58d8-43c3-872b-abcd8a80b4ae> 2
232 0 <urn:uuid:24928f4b-aa61-453f-b530-96975ebe39f6> 1
228 0 <urn:uuid:67895642-3c5f-4b09-89db-2385242552c9> 0
214 0 <urn:uuid:4a694312-4e7e-49c2-95f3-a58b5d11b70d> 0
249 0 <urn:uuid:231c93e4-4630-4d34-bb72-ac2fc8831764> 0
224 0 <urn:uuid:fc093b90-9ae2-42f2-af55-9f36746d25ff> 2
228 0 <urn:uuid:20129170-f9e0-4ee1-bd5b-71d8ce71fa8f> 1
249 0 <urn:uuid:fd79dacf-f144-4126-b1b8-efd6137f4d4f> 0
222 0 <urn:uuid:1cd91cf9-aabe-4d08-8cca-97b04db58eee> 1
226 0 <urn:uuid:b38f09d5-d940-4b2b-b712-3b3c1a67fab8> 2
214 0 <urn:uuid:10cc0525-a1bd-4d54-b96f-00e47c7e21b1> 1
241 0 <urn:uuid:8e864dc7-8d92-4f55-8327-88a813638dde> 1
211 0 <urn:uuid:8af91acd-2405-4253-9b66-f04ab4ebb164> 0
220 0 <urn:uuid:e6763535-c709-4a6e-b8af-eed43c713b6b> 0
211 0 <urn:uuid:9c22c5b1-00c1-4dcd-85fe-e81ad865a9fb> 1
240 0 <urn:uuid:2b3593c5-1f70-41be-9ad3-974bc1e68923> 0
246 0 <urn:uuid:ef1ad62c-d77d-4684-99d8-c443ae4d47a2> 0
202 0 <urn:uuid:777ef1d0-6a6f-46ba-afeb-89627c085030> 0
211 0 <urn:uuid:2a4714aa-210c-4a3d-a10b-b05cb503c591> 0
232 0 <urn:uuid:e32d6677-486a-473a-aab9-1be4a5fb9c30> 0
249 0 <urn:uuid:a651e3fc-96d9-4334-ab19-c9606be1991c> 0
223 0 <urn:uuid:adae1ed7-bf15-4ee8-a486-51370aadcc25> 0
241 0 <urn:uuid:f87c4382-98fd-46a0-829e-71d1e419574b> 1
211 0 <urn:uuid:bdebe6ca-41a6-4d74-b8ce-5cf2eff31971> 0
202 0 <urn:uuid:3f9568e1-41b6-4630-ad09-268ca2bd1ec6> 0
246 0 <urn:uuid:a3111d5e-51e5-4990-bb1d-f27338f9ada3> 0
250 0 <urn:uuid:f9e6a492-b2d9-4af5-9de1-813ad575971a> 0
228 0 <urn:uuid:acbb5fa0-c0c1-4b6a-b8da-50209c78705e> 0
232 0 <urn:uuid:a8de9fd3-b73f-4a0b-b5ca-349e9eeb97ae> 0
226 0 <urn:uuid:ef9e66d2-e0ee-414b-88fe-40ed58c4bbe4> 1
203 0 <urn:uuid:dc04b924-c74f-424b-8bf4-dc6fa571e019> 0
246 0 <urn:uuid:e5bd9156-fd4a-46e9-ac83-77a5eebf23e9> 2
246 0 <urn:uuid:a562e4f7-8fff-445d-865a-94c913556308> 0
206 0 <urn:uuid:1bcea1b1-3491-411e-a2c5-3a5837908c3f> 0
246 0 <urn:uuid:49fd6561-6418-4143-b009-5a4f72c535f2> 1
219 0 <urn:uuid:8ae2e348-292e-4e80-bc5c-139518950de1> 0
215 0 <urn:uuid:b3c90433-7e64-4352-a866-8b3860da061e> 0
224 0 <urn:uuid:733e7a79-7f09-43c8-b972-442b1cb18f52> 0
231 0 <urn:uuid:00e58dfe-6b68-441c-85e6-00d44620549b> 1
206 0 <urn:uuid:ceef3e55-e2d7-47e6-a3d3-62eac3658bb3> 1
238 0 <urn:uuid:30ce3111-67b3-4718-922d-99d838f0b31b> 1
215 0 <urn:uuid:1a0bedb0-7fe0-4dfc-bd8c-4ce715173ef1> 0
238 0 <urn:uuid:115dc26b-bdc7-48b8-a3bb-e764a3beb399> 0
233 0 <urn:uuid:3c9d3f55-3904-46df-94a5-9b378357f1d6> 0
217 0 <urn:uuid:ebbdd7af-79b4-4a64-aea0-21161beb7c3b> 1
236 0 <urn:uuid:d71e1d09-51b0-4fad-aa35-43bd3efb71a6> 1
246 0 <urn:uuid:c326768f-6f9b-4f78-b0e0-c2b416759757> 0
246 0 <urn:uuid:24f40a0e-c461-4790-850b-706c21d64bbd> 0
246 0 <urn:uuid:ff84d74f-a1ea-477e-a80b-f82228ac1101> 1
224 0 <urn:uuid:16a6a25d-df3b-4c1d-882e-cb57791f1cc0> 0
246 0 <urn:uuid:9a4bdeca-e944-4803-b806-72760580bdd3> 0
246 0 <urn:uuid:fe5fb7a3-03ab-47cb-9398-48d3b1965408> 2
221 0 <urn:uuid:1614090b-9dab-48b6-a4c1-6b94f3f25a69> 1
249 0 <urn:uuid:1b0745af-7c73-44fc-a887-c1cc1ada56ba> 2
237 0 <urn:uuid:88cc2f96-c1dd-4d5e-b47d-73086cb41c2d> 0
247 0 <urn:uuid:9b6ddf54-cce7-4203-961f-bb151b026f05> 0
208 0 <urn:uuid:1afb8e1a-2ac2-4edf-8048-1d627fe07bf7> 0
220 0 <urn:uuid:1e1e26f7-98d5-4d3e-a109-236fb6ce7458> 0
219 0 <urn:uuid:b07b1e49-3834-4b20-b19d-75f6536e4c46> 0
214 0 <urn:uuid:7ca337db-392f-45cf-ae37-45511684b41c> 1
217 0 <urn:uuid:56a4f311-b8c3-4b59-9031-639ba4717a26> 0
224 0 <urn:uuid:2f1238f2-e805-4242-b86f-9348ad6dffe3> 2
215 0 <urn:uuid:9b5e541e-6aeb-4656-8f9c-c1817a4f4a2b> 0
219 0 <urn:uuid:a4ce8010-bb6f-4e4b-a864-494ae00ffcfe> 0
219 0 <urn:uuid:2385190f-b6b6-499c-b800-6255ec519de4> 0
245 0 <urn:uuid:08e028d1-45bb-410b-a63c-9820f25cf4db> 0
236 0 <urn:uuid:9274570b-f271-4a22-a4f9-eed7c42d4d69> 1
232 0 <urn:uuid:d6a95f7b-0842-41fb-8e8f-bf91e086dc57> 0