29 0 clueweb12-0000wb-70-08228 0
23 0 clueweb12-1310wb-04-20329 1
23 0 clueweb12-1308wb-87-17434 1
36 0 clueweb12-0408wb-59-12843 0
14 0 clueweb12-1514wb-30-21406 0
24 0 clueweb12-0106wb-26-29702 1
4 0 clueweb12-0603wb-54-02529 0
18 0 clueweb12-1813wb-95-14363 0
23 0 clueweb12-1312wb-59-27264 1
39 0 clueweb12-0008wb-62-09078 0
23 0 clueweb12-1309wb-61-12704 1
4 0 clueweb12-0603wb-98-21947 2
25 0 clueweb12-1413wb-32-14964 0
25 0 clueweb12-0307wb-73-13841 0
23 0 clueweb12-1308wb-64-04910 1
23 0 clueweb12-1308wb-44-00101 1
23 0 clueweb12-1311wb-85-04860 1
45 0 clueweb12-1207wb-98-31352 0
23 0 clueweb12-1308wb-44-00100 1
42 0 clueweb12-0209wb-91-21217 1
27 0 clueweb12-0208wb-07-01727 1
29 0 clueweb12-0107wb-87-20787 0
24 0 clueweb12-0904wb-84-10519 1
3 0 clueweb12-1716wb-84-22158 0
4 0 clueweb12-0108wb-63-13274 0
8 0 clueweb12-1201wb-40-10502 0
30 0 clueweb12-1314wb-40-15654 0
37 0 clueweb12-0103wb-39-18393 0
37 0 clueweb12-0105wb-99-26100 0
24 0 clueweb12-0904wb-47-25089 0
47 0 clueweb12-0107wb-33-00022 1
17 0 clueweb12-0208wb-71-08140 0
39 0 clueweb12-0008wb-21-12615 1
5 0 clueweb12-0301wb-68-15404 0
46 0 clueweb12-0601wb-88-27669 0
49 0 clueweb12-0503wb-57-26411 0
26 0 clueweb12-1010wb-43-25026 0
22 0 clueweb12-1202wb-39-06664 0
47 0 clueweb12-0200wb-58-30326 0
49 0 clueweb12-1311wb-43-32666 0
9 0 clueweb12-0007wb-16-00728 0
50 0 clueweb12-0208wb-93-25611 0
50 0 clueweb12-0208wb-75-12672 0
49 0 clueweb12-1311wb-31-10680 1
50 0 clueweb12-0209wb-14-17161 0
49 0 clueweb12-1311wb-53-19529 1
49 0 clueweb12-1310wb-05-36962 0
50 0 clueweb12-0209wb-81-13269 0
50 0 clueweb12-0209wb-24-12248 0
26 0 clueweb12-0910wb-37-08019 0
9 0 clueweb12-1504wb-63-02378 1
32 0 clueweb12-0100tw-45-04579 1
49 0 clueweb12-1311wb-45-19547 1
26 0 clueweb12-0302wb-83-24199 0
49 0 clueweb12-1311wb-26-14176 0
49 0 clueweb12-1310wb-05-36964 1
31 0 clueweb12-0903wb-61-08850 1
50 0 clueweb12-0013wb-54-10424 1
1 0 clueweb12-0509wb-18-03400 0
29 0 clueweb12-0105wb-02-08245 0
39 0 clueweb12-1800wb-84-01152 1
38 0 clueweb12-1802wb-12-11363 1
7 0 clueweb12-0205wb-73-25957 0
28 0 clueweb12-0109wb-76-04174 0
17 0 clueweb12-0305wb-92-23748 0
31 0 clueweb12-1002wb-75-22457 1
17 0 clueweb12-0305wb-96-16017 0
17 0 clueweb12-0305wb-92-23739 0
28 0 clueweb12-1302wb-42-11078 0
24 0 clueweb12-0209wb-48-29377 1
30 0 clueweb12-0001wb-49-32902 1
30 0 clueweb12-0001wb-37-36252 1
13 0 clueweb12-0911wb-57-32281 0
30 0 clueweb12-0000wb-32-21468 0
15 0 clueweb12-0607wb-83-27416 0
19 0 clueweb12-0210wb-72-33565 0
24 0 clueweb12-0208wb-67-06618 0
49 0 clueweb12-0504wb-16-21137 0
6 0 clueweb12-0905wb-95-10028 0
47 0 clueweb12-0008wb-53-18129 1
24 0 clueweb12-0206wb-08-06665 2
5 0 clueweb12-0411wb-98-30649 0
19 0 clueweb12-0103wb-76-31904 0
4 0 clueweb12-0508wb-33-13171 0
23 0 clueweb12-0717wb-12-20105 1
26 0 clueweb12-1502wb-48-02610 0
26 0 clueweb12-1502wb-59-00978 0
30 0 clueweb12-0003wb-98-18145 0
42 0 clueweb12-1800wb-44-06826 0
50 0 clueweb12-0108wb-96-23486 0
32 0 clueweb12-0013wb-51-32018 1
26 0 clueweb12-0301wb-45-00070 0
30 0 clueweb12-0001wb-49-32901 1
30 0 clueweb12-0001wb-49-32896 1
27 0 clueweb12-0105wb-82-13065 1
30 0 clueweb12-0001wb-37-36245 1
30 0 clueweb12-0001wb-37-36242 1
30 0 clueweb12-0001wb-37-36241 1
30 0 clueweb12-0001wb-37-36243 1
30 0 clueweb12-0001wb-49-32891 1
30 0 clueweb12-0001wb-28-16790 1
47 0 clueweb12-0008wb-85-14758 0
30 0 clueweb12-0001wb-37-36238 1
30 0 clueweb12-0001wb-60-28973 0
30 0 clueweb12-0001wb-49-32889 1
24 0 clueweb12-0405wb-36-25666 0
30 0 clueweb12-0001wb-49-32885 2
30 0 clueweb12-0001wb-37-36233 1
30 0 clueweb12-0001wb-37-36232 1
30 0 clueweb12-0001wb-49-32883 1
30 0 clueweb12-0001wb-37-36229 1
26 0 clueweb12-1209wb-11-09281 1
40 0 clueweb12-0203wb-77-11385 2
32 0 clueweb12-0011wb-33-03858 1
29 0 clueweb12-0006wb-73-19619 0
18 0 clueweb12-1607wb-18-25471 2
18 0 clueweb12-1607wb-29-14238 2
18 0 clueweb12-1607wb-06-20092 2
3 0 clueweb12-1905wb-15-14001 0
47 0 clueweb12-0009wb-73-20339 0
24 0 clueweb12-0103wb-62-18077 0
3 0 clueweb12-0200wb-20-06379 2
27 0 clueweb12-0205wb-64-17806 2
18 0 clueweb12-0207wb-16-23785 1
42 0 clueweb12-0405wb-02-12242 0
48 0 clueweb12-0103wb-00-17371 0
8 0 clueweb12-0210wb-13-32392 0
37 0 clueweb12-0203wb-66-30200 0
24 0 clueweb12-0818wb-22-12208 2
17 0 clueweb12-0002wb-18-15025 0
47 0 clueweb12-0105wb-77-27181 0
47 0 clueweb12-0105wb-93-10743 0
26 0 clueweb12-0201wb-04-33011 0
47 0 clueweb12-0105wb-96-16884 0
26 0 clueweb12-0001wb-17-13576 0
47 0 clueweb12-0105wb-85-23750 0
30 0 clueweb12-0000wb-05-18336 2
26 0 clueweb12-0301wb-26-26035 0
13 0 clueweb12-0405wb-66-05506 0
27 0 clueweb12-0206wb-63-16536 1
31 0 clueweb12-1514wb-15-22603 0
27 0 clueweb12-0208wb-38-05749 2
26 0 clueweb12-0409wb-28-24498 0
27 0 clueweb12-0208wb-07-01720 1
27 0 clueweb12-0208wb-43-05584 2
3 0 clueweb12-0911wb-04-00744 0
30 0 clueweb12-0000wb-21-12638 0
19 0 clueweb12-0212wb-27-17884 0
8 0 clueweb12-0109wb-99-31232 0
7 0 clueweb12-0105wb-66-29493 0
24 0 clueweb12-0105wb-85-29231 0
19 0 clueweb12-0300wb-39-21061 0
16 0 clueweb12-0005wb-73-24515 0
37 0 clueweb12-0206wb-38-26496 0
27 0 clueweb12-0206wb-55-17216 0
21 0 clueweb12-1000wb-16-08575 1
21 0 clueweb12-1000wb-82-05714 1
18 0 clueweb12-0210wb-42-28969 2
21 0 clueweb12-1000wb-66-11094 2
21 0 clueweb12-1000wb-66-11095 2
21 0 clueweb12-1000wb-66-11092 1
21 0 clueweb12-1000wb-66-11098 1
13 0 clueweb12-0210wb-72-33571 0
21 0 clueweb12-1000wb-66-11103 1
17 0 clueweb12-0013wb-69-22321 0
21 0 clueweb12-1000wb-66-11105 1
21 0 clueweb12-1000wb-16-08577 1
21 0 clueweb12-1000wb-26-10777 1
21 0 clueweb12-1000wb-66-11107 1
21 0 clueweb12-1000wb-26-10776 1
21 0 clueweb12-1000wb-66-11109 1
21 0 clueweb12-1000wb-26-10779 1
21 0 clueweb12-1000wb-82-05731 1
21 0 clueweb12-1000wb-82-05732 1
21 0 clueweb12-1001wb-21-11108 1
21 0 clueweb12-1000wb-26-10781 1
21 0 clueweb12-1000wb-26-10782 1
8 0 clueweb12-0109wb-10-32934 0
21 0 clueweb12-1000wb-82-05742 1
21 0 clueweb12-1000wb-82-05739 1
21 0 clueweb12-1000wb-66-11117 1
21 0 clueweb12-1001wb-21-11120 2
21 0 clueweb12-1000wb-82-05747 1
21 0 clueweb12-1000wb-66-11119 1
21 0 clueweb12-1000wb-82-05746 1
44 0 clueweb12-0012wb-25-13619 0
32 0 clueweb12-1505wb-17-30120 1
8 0 clueweb12-0007wb-77-33820 2
31 0 clueweb12-1113wb-19-01253 1
27 0 clueweb12-0510wb-93-33993 1
13 0 clueweb12-0503wb-25-01928 0
20 0 clueweb12-0211wb-64-30459 0
31 0 clueweb12-0001wb-42-16557 0
45 0 clueweb12-0304wb-14-25352 1
26 0 clueweb12-0202wb-42-23848 0
13 0 clueweb12-0009wb-19-19540 0
26 0 clueweb12-0202wb-72-17036 1
26 0 clueweb12-0204wb-08-26463 0
42 0 clueweb12-1415wb-20-27203 0
50 0 clueweb12-0202wb-96-08212 0
12 0 clueweb12-0309wb-79-02805 0
46 0 clueweb12-0201wb-76-22250 0
37 0 clueweb12-0206wb-28-23550 0
4 0 clueweb12-0307wb-81-07555 2
34 0 clueweb12-1010wb-32-21391 1
9 0 clueweb12-0309wb-84-13974 0
28 0 clueweb12-0300wb-54-24285 0
24 0 clueweb12-1114wb-63-07216 0
48 0 clueweb12-0207wb-46-01454 0
48 0 clueweb12-0207wb-67-27462 0
9 0 clueweb12-0503wb-70-06918 0
39 0 clueweb12-0112wb-20-28217 0
39 0 clueweb12-0200wb-44-07054 0
23 0 clueweb12-0000wb-55-02756 1
17 0 clueweb12-0406wb-09-22552 1
17 0 clueweb12-0405wb-88-02131 1
17 0 clueweb12-0405wb-88-02132 1
8 0 clueweb12-0100wb-51-00280 0
17 0 clueweb12-0406wb-29-12947 1
17 0 clueweb12-0405wb-88-02130 1
17 0 clueweb12-0406wb-29-12946 1
17 0 clueweb12-0406wb-29-12941 1
8 0 clueweb12-0106wb-12-20105 0
48 0 clueweb12-0206wb-88-25251 0
48 0 clueweb12-0206wb-88-25250 0
26 0 clueweb12-0010wb-53-16838 0
26 0 clueweb12-0008wb-21-26597 1
26 0 clueweb12-0008wb-33-15327 0
26 0 clueweb12-0008wb-21-26599 0
26 0 clueweb12-0008wb-16-17231 0
17 0 clueweb12-0405wb-45-26063 2
17 0 clueweb12-0405wb-63-31255 2
17 0 clueweb12-0407wb-01-24422 0
17 0 clueweb12-0405wb-88-02122 1
17 0 clueweb12-0407wb-01-24421 1
26 0 clueweb12-0712wb-97-16652 1
49 0 clueweb12-0611wb-48-03273 0
32 0 clueweb12-1907wb-87-14437 0
4 0 clueweb12-0204wb-63-27677 0
16 0 clueweb12-0108wb-48-33485 1
27 0 clueweb12-1020wb-20-11096 0
47 0 clueweb12-0210wb-01-29615 1
13 0 clueweb12-0206wb-71-00047 0
10 0 clueweb12-0108wb-56-30133 0
32 0 clueweb12-0305wb-25-22753 0
10 0 clueweb12-0204wb-75-02870 0
24 0 clueweb12-0000wb-16-12726 0
47 0 clueweb12-0209wb-85-09267 0
4 0 clueweb12-0205wb-37-14815 0
28 0 clueweb12-1309wb-23-14287 0
17 0 clueweb12-0202wb-19-20569 0
34 0 clueweb12-0107wb-36-28996 2
13 0 clueweb12-0011wb-12-18198 0
31 0 clueweb12-0210wb-30-13426 0
38 0 clueweb12-1706wb-27-06447 1
32 0 clueweb12-0103wb-09-32736 1
19 0 clueweb12-0000wb-17-14106 0
20 0 clueweb12-0111wb-26-01925 0
5 0 clueweb12-0109wb-72-16814 0
25 0 clueweb12-1516wb-49-19126 0
47 0 clueweb12-0207wb-36-23862 0
17 0 clueweb12-0406wb-09-22537 1
17 0 clueweb12-0406wb-09-22535 1
17 0 clueweb12-0405wb-88-02118 2
36 0 clueweb12-0300wb-50-26325 0
47 0 clueweb12-0209wb-93-17824 1
10 0 clueweb12-0108wb-19-10125 0
10 0 clueweb12-0108wb-29-08847 0
29 0 clueweb12-0807wb-88-12173 0
17 0 clueweb12-0406wb-29-12935 0
17 0 clueweb12-0406wb-29-12933 0
17 0 clueweb12-0406wb-29-12924 1
17 0 clueweb12-0405wb-88-02113 1
32 0 clueweb12-0107wb-92-30006 0
10 0 clueweb12-0108wb-10-32213 2
10 0 clueweb12-0108wb-19-10116 0
32 0 clueweb12-1008wb-44-24341 2
44 0 clueweb12-0109wb-58-01963 0
17 0 clueweb12-0406wb-29-12922 1
17 0 clueweb12-0405wb-88-02112 1
17 0 clueweb12-0406wb-29-12920 2
17 0 clueweb12-0406wb-29-12923 1
17 0 clueweb12-0405wb-88-02111 1
17 0 clueweb12-0405wb-57-23968 0
32 0 clueweb12-1107wb-19-27049 0
34 0 clueweb12-0003wb-28-23475 0
5 0 clueweb12-0104wb-82-21482 0
6 0 clueweb12-0005wb-87-18756 0
44 0 clueweb12-1213wb-66-28486 0
48 0 clueweb12-0103wb-20-19774 0
24 0 clueweb12-1903wb-43-03143 0
23 0 clueweb12-1114wb-65-24520 0
47 0 clueweb12-0301wb-34-20799 0
25 0 clueweb12-0807wb-02-27960 0
16 0 clueweb12-0109wb-50-17636 1
16 0 clueweb12-0005wb-02-16144 0
38 0 clueweb12-1313wb-89-02241 0
38 0 clueweb12-1313wb-89-02242 0
18 0 clueweb12-0208wb-96-29432 0
17 0 clueweb12-0100wb-17-31349 1
17 0 clueweb12-0100wb-29-12729 1
37 0 clueweb12-0000wb-13-14721 0
8 0 clueweb12-0205wb-72-08707 0
22 0 clueweb12-0916wb-61-02443 0
28 0 clueweb12-0000wb-33-05039 0
17 0 clueweb12-0300wb-11-11778 1
17 0 clueweb12-0211wb-45-17854 1
26 0 clueweb12-0205wb-92-20971 0
8 0 clueweb12-0203wb-00-06612 0
19 0 clueweb12-0104wb-28-11944 0
29 0 clueweb12-0001wb-56-32474 0
13 0 clueweb12-0502wb-20-30078 0
43 0 clueweb12-1102wb-82-13188 1
41 0 clueweb12-0209wb-85-27417 1
26 0 clueweb12-1314wb-45-30197 0
12 0 clueweb12-0003wb-29-01777 1
24 0 clueweb12-0512wb-52-22011 2
13 0 clueweb12-0002wb-32-15047 0
17 0 clueweb12-0200wb-46-23147 1
45 0 clueweb12-0304wb-70-09374 0
13 0 clueweb12-0608wb-67-22606 0
47 0 clueweb12-0506wb-12-06730 0
32 0 clueweb12-1201wb-32-15973 1
23 0 clueweb12-0105wb-54-30360 0
32 0 clueweb12-0807wb-12-24188 0
42 0 clueweb12-0303wb-79-26173 0
31 0 clueweb12-0106wb-59-24636 1
41 0 clueweb12-0203wb-42-28987 0
13 0 clueweb12-0008wb-20-30201 0
23 0 clueweb12-0001wb-14-11508 1
13 0 clueweb12-1508wb-36-14549 0
9 0 clueweb12-0009wb-95-15430 0
18 0 clueweb12-0107wb-40-23301 2
18 0 clueweb12-0107wb-40-23303 2
48 0 clueweb12-0302wb-23-06916 0
13 0 clueweb12-0004wb-11-33090 0
27 0 clueweb12-0309wb-10-28455 2
34 0 clueweb12-0806wb-16-09495 0
48 0 clueweb12-0304wb-52-02696 0
5 0 clueweb12-0006wb-75-03055 0
22 0 clueweb12-0010wb-86-33093 1
29 0 clueweb12-0007wb-77-13898 0
9 0 clueweb12-0403wb-03-16393 0
9 0 clueweb12-0100wb-80-13544 2
41 0 clueweb12-0004wb-82-01729 0
43 0 clueweb12-0204wb-89-05908 0
25 0 clueweb12-1115wb-31-18164 0
36 0 clueweb12-0307wb-76-27196 1
49 0 clueweb12-0003wb-33-36352 1
49 0 clueweb12-0001wb-83-30974 0
6 0 clueweb12-0204wb-35-10486 0
49 0 clueweb12-0002wb-77-13232 0
16 0 clueweb12-0805wb-59-09409 1
49 0 clueweb12-0001wb-67-27637 0
49 0 clueweb12-1311wb-26-14178 0
19 0 clueweb12-0106wb-31-09947 0
49 0 clueweb12-0104wb-95-23753 1
49 0 clueweb12-1311wb-31-10683 1
49 0 clueweb12-0105wb-27-17070 0
49 0 clueweb12-0002wb-50-16644 0
49 0 clueweb12-0000wb-45-16869 0
49 0 clueweb12-0503wb-45-23271 2
13 0 clueweb12-1709wb-69-08398 0
49 0 clueweb12-0003wb-46-19287 1
49 0 clueweb12-0503wb-64-15312 1
49 0 clueweb12-0003wb-21-14339 1
49 0 clueweb12-1311wb-26-14177 0
49 0 clueweb12-0000wb-07-03504 1
49 0 clueweb12-1310wb-05-36966 0
49 0 clueweb12-0006wb-22-25209 0
9 0 clueweb12-0000wb-03-12987 0
3 0 clueweb12-0006wb-68-02938 0
11 0 clueweb12-0104wb-19-09536 0
36 0 clueweb12-0307wb-62-24117 1
16 0 clueweb12-0412wb-01-21519 1
16 0 clueweb12-0412wb-00-07050 1
16 0 clueweb12-0412wb-01-21522 0
16 0 clueweb12-0412wb-00-07051 0
11 0 clueweb12-0102wb-27-26933 0
16 0 clueweb12-0412wb-01-21514 1
16 0 clueweb12-0412wb-01-21516 0
16 0 clueweb12-0101wb-19-11428 0
11 0 clueweb12-0410wb-22-16486 0
4 0 clueweb12-0210wb-70-09297 2
13 0 clueweb12-0008wb-61-23206 0
16 0 clueweb12-0410wb-35-32598 1
13 0 clueweb12-0805wb-41-24498 0
27 0 clueweb12-0002wb-90-05357 0
23 0 clueweb12-0001wb-48-15187 1
19 0 clueweb12-0307wb-13-07978 0
19 0 clueweb12-0307wb-13-07979 0
26 0 clueweb12-0005wb-63-05555 2
13 0 clueweb12-0710wb-40-02841 0
13 0 clueweb12-0710wb-90-15573 0
23 0 clueweb12-0001wb-24-00292 1
44 0 clueweb12-1812wb-65-17740 0
2 0 clueweb12-1516wb-74-14905 0
13 0 clueweb12-1500wb-64-19786 0
22 0 clueweb12-0200wb-04-00098 0
9 0 clueweb12-0102wb-29-07057 1
49 0 clueweb12-1501wb-76-04796 0
30 0 clueweb12-0202wb-37-29970 1
7 0 clueweb12-0012wb-68-09062 0
9 0 clueweb12-0205wb-90-16629 1
33 0 clueweb12-0107wb-22-20564 1
9 0 clueweb12-0205wb-67-32297 2
9 0 clueweb12-0205wb-67-32298 2
29 0 clueweb12-0407wb-44-05155 0
39 0 clueweb12-0000wb-94-16380 0
15 0 clueweb12-0212wb-07-23957 1
7 0 clueweb12-0109wb-49-29387 0
7 0 clueweb12-0108wb-67-33816 2
2 0 clueweb12-0013wb-84-25444 0
41 0 clueweb12-0511wb-21-04930 1
7 0 clueweb12-0108wb-67-33812 0
7 0 clueweb12-0108wb-95-29933 0
26 0 clueweb12-1100tw-73-09685 0
41 0 clueweb12-0512wb-04-03231 1
6 0 clueweb12-0305wb-85-13322 0
39 0 clueweb12-0109wb-16-10344 0
19 0 clueweb12-0003wb-11-17655 0
3 0 clueweb12-0207wb-58-28360 0
32 0 clueweb12-0101wb-10-01461 1
3 0 clueweb12-0207wb-58-28352 0
47 0 clueweb12-0909wb-58-25376 0
47 0 clueweb12-0301wb-91-09732 0
44 0 clueweb12-0608wb-12-09581 0
7 0 clueweb12-0112wb-65-05458 2
39 0 clueweb12-0211wb-82-14309 1
39 0 clueweb12-0208wb-92-00679 0
49 0 clueweb12-0208wb-81-22730 0
25 0 clueweb12-0111wb-08-29422 0
38 0 clueweb12-0402wb-92-13228 2
25 0 clueweb12-1000wb-99-10021 0
20 0 clueweb12-0807wb-81-08200 0
14 0 clueweb12-0700wb-03-21515 0
18 0 clueweb12-0204wb-95-04013 0
3 0 clueweb12-0112wb-12-23822 0
10 0 clueweb12-0603wb-68-18375 0
10 0 clueweb12-0106wb-26-22658 1
42 0 clueweb12-0112wb-51-26486 0
34 0 clueweb12-0003wb-98-18157 0
14 0 clueweb12-0111wb-89-29398 0
17 0 clueweb12-0207wb-09-15774 0
17 0 clueweb12-0400wb-32-26060 0
32 0 clueweb12-0212wb-31-17619 1
49 0 clueweb12-0110wb-30-32142 0
13 0 clueweb12-1803wb-94-22313 0
16 0 clueweb12-0011wb-27-23037 0
26 0 clueweb12-0009wb-01-12355 1
11 0 clueweb12-0107wb-50-09538 0
25 0 clueweb12-1215wb-26-14147 0
8 0 clueweb12-1511wb-73-12266 0
3 0 clueweb12-1512wb-64-01124 0
21 0 clueweb12-1000wb-82-05750 1
21 0 clueweb12-1000wb-66-11122 1
21 0 clueweb12-1001wb-37-09466 1
21 0 clueweb12-1000wb-26-10788 1
21 0 clueweb12-1000wb-16-08582 1
40 0 clueweb12-0111wb-66-25387 0
21 0 clueweb12-1001wb-21-11126 2
8 0 clueweb12-1512wb-00-12860 0
21 0 clueweb12-1000wb-16-08583 1
21 0 clueweb12-1000wb-66-11131 1
21 0 clueweb12-1000wb-66-11134 1
22 0 clueweb12-0507wb-78-33089 1
16 0 clueweb12-0307wb-91-16933 0
13 0 clueweb12-1807wb-34-24798 0
19 0 clueweb12-0000wb-07-17491 0
30 0 clueweb12-0104wb-33-12825 0
26 0 clueweb12-0006wb-12-20592 0
50 0 clueweb12-0409wb-51-02335 2
25 0 clueweb12-0001wb-61-25560 1
26 0 clueweb12-0202wb-22-21575 1
25 0 clueweb12-0208wb-94-08355 1
32 0 clueweb12-0204wb-92-12618 0
39 0 clueweb12-1215wb-14-18642 1
47 0 clueweb12-0300wb-86-13739 0
48 0 clueweb12-0303wb-95-17092 2
27 0 clueweb12-0002wb-07-22770 2
14 0 clueweb12-1804wb-08-26328 0
13 0 clueweb12-0210wb-17-02603 0
36 0 clueweb12-0206wb-24-00024 0
26 0 clueweb12-1402wb-49-23499 1
44 0 clueweb12-0307wb-82-33760 0
9 0 clueweb12-0112wb-47-00086 0
47 0 clueweb12-0205wb-68-30509 1
50 0 clueweb12-0111wb-41-14002 0
31 0 clueweb12-0207wb-70-00434 2
31 0 clueweb12-1400wb-91-09295 1
24 0 clueweb12-0000wb-14-36660 0
50 0 clueweb12-0111wb-94-19792 0
50 0 clueweb12-0109wb-42-01559 0
27 0 clueweb12-1614wb-18-30416 1
16 0 clueweb12-0002wb-33-07165 2
50 0 clueweb12-0109wb-93-13114 0
25 0 clueweb12-0112wb-40-31164 1
13 0 clueweb12-0012wb-71-00819 0
24 0 clueweb12-0106wb-65-02153 1
24 0 clueweb12-0105wb-69-09821 0
50 0 clueweb12-0109wb-29-15598 0
50 0 clueweb12-0109wb-81-20458 0
50 0 clueweb12-0109wb-22-03960 0
50 0 clueweb12-0111wb-58-20462 0
50 0 clueweb12-0109wb-14-17091 0
6 0 clueweb12-1020wb-76-22499 0
24 0 clueweb12-0105wb-33-19563 1
50 0 clueweb12-0111wb-49-31877 0
50 0 clueweb12-0109wb-93-13117 0
13 0 clueweb12-1806wb-20-09606 0
32 0 clueweb12-0812wb-62-18986 0
50 0 clueweb12-0111wb-17-19176 0
16 0 clueweb12-0000wb-18-32771 0
34 0 clueweb12-0207wb-56-02707 0
21 0 clueweb12-0201wb-30-06329 2
21 0 clueweb12-0201wb-21-20096 1
21 0 clueweb12-0201wb-21-20093 2
21 0 clueweb12-0201wb-30-06326 2
27 0 clueweb12-1000tw-68-01198 1
39 0 clueweb12-0000wb-81-20300 0
26 0 clueweb12-0103wb-64-22180 0
7 0 clueweb12-0005wb-85-19359 1
32 0 clueweb12-0209wb-57-14538 0
13 0 clueweb12-0208wb-81-22740 0
33 0 clueweb12-0204wb-94-29914 1
29 0 clueweb12-0110wb-32-18280 0
33 0 clueweb12-0205wb-37-12552 1
19 0 clueweb12-0604wb-08-16658 0
39 0 clueweb12-0209wb-24-21048 0
24 0 clueweb12-0001wb-13-17838 0
38 0 clueweb12-1301wb-58-10624 1
38 0 clueweb12-0202wb-72-00096 1
46 0 clueweb12-0001wb-89-27260 2
27 0 clueweb12-0202wb-16-26555 1
16 0 clueweb12-0007wb-07-22072 0
50 0 clueweb12-0107wb-56-18244 0
49 0 clueweb12-0012wb-01-00927 0
49 0 clueweb12-0100wb-22-20028 0
3 0 clueweb12-0101wb-28-19675 0
3 0 clueweb12-0100wb-30-00218 0
44 0 clueweb12-0205wb-52-13757 0
43 0 clueweb12-0100wb-26-27234 1
31 0 clueweb12-1400wb-16-16052 0
18 0 clueweb12-1209wb-91-04101 0
34 0 clueweb12-0205wb-37-21353 1
2 0 clueweb12-1111wb-99-28041 0
41 0 clueweb12-0000wb-51-28371 0
8 0 clueweb12-0300wb-05-26629 0
17 0 clueweb12-0111wb-44-28751 1
5 0 clueweb12-0304wb-22-08695 0
31 0 clueweb12-0000wb-22-17802 0
11 0 clueweb12-0203wb-06-30781 2
13 0 clueweb12-1003wb-44-19420 0
13 0 clueweb12-1002wb-64-04826 0
17 0 clueweb12-0207wb-22-25976 0
32 0 clueweb12-0106wb-61-25205 0
44 0 clueweb12-0210wb-83-07556 2
16 0 clueweb12-0103wb-90-19873 0
3 0 clueweb12-0204wb-93-20350 0
25 0 clueweb12-0000wb-22-15149 1
16 0 clueweb12-0104wb-08-13578 0
16 0 clueweb12-0109wb-08-30047 0
16 0 clueweb12-0012wb-70-10193 0
25 0 clueweb12-0000wb-22-15167 1
16 0 clueweb12-0101wb-52-02866 0
16 0 clueweb12-0912wb-05-10122 1
16 0 clueweb12-0910wb-27-07256 0
16 0 clueweb12-0911wb-75-12080 0
16 0 clueweb12-0911wb-75-12082 0
16 0 clueweb12-0912wb-05-10125 0
16 0 clueweb12-0208wb-04-04311 0
34 0 clueweb12-0112wb-34-28754 0
50 0 clueweb12-0006wb-77-23287 0
13 0 clueweb12-0208wb-35-08608 1
49 0 clueweb12-0111wb-77-20714 0
16 0 clueweb12-0012wb-92-19119 0
19 0 clueweb12-1202wb-56-24327 0
13 0 clueweb12-0000wb-16-35220 0
27 0 clueweb12-0309wb-00-12896 2
9 0 clueweb12-0303wb-30-30927 2
31 0 clueweb12-0906wb-30-10371 2
31 0 clueweb12-0210wb-03-04875 1
20 0 clueweb12-0000wb-85-25396 0
17 0 clueweb12-0208wb-85-27165 0
37 0 clueweb12-1001wb-90-06116 0
33 0 clueweb12-0204wb-94-29916 1
30 0 clueweb12-0111wb-00-21771 1
30 0 clueweb12-0110wb-51-08812 1
30 0 clueweb12-0110wb-90-18331 1
30 0 clueweb12-0110wb-34-09620 1
30 0 clueweb12-0111wb-49-03534 1
17 0 clueweb12-0209wb-34-30133 1
17 0 clueweb12-0209wb-34-30134 1
30 0 clueweb12-0110wb-90-18330 1
37 0 clueweb12-1001wb-90-06113 0
23 0 clueweb12-0716wb-29-14144 0
39 0 clueweb12-0205wb-56-24248 0
10 0 clueweb12-0109wb-99-23898 1
7 0 clueweb12-0400wb-57-30148 0
36 0 clueweb12-0904wb-72-22700 0
23 0 clueweb12-0803wb-64-20959 0
30 0 clueweb12-0501wb-75-07475 0
38 0 clueweb12-0512wb-44-32703 0
1 0 clueweb12-0302wb-40-22172 0
11 0 clueweb12-1009wb-10-09945 1
31 0 clueweb12-0002wb-50-01610 0
25 0 clueweb12-0000wb-39-18113 1
41 0 clueweb12-0210wb-06-28642 0
9 0 clueweb12-0008wb-85-22471 0
24 0 clueweb12-0200wb-42-00550 0
49 0 clueweb12-0306wb-74-06574 0
34 0 clueweb12-0013wb-12-01907 0
16 0 clueweb12-0103wb-55-05378 0
6 0 clueweb12-0106wb-63-33145 0
36 0 clueweb12-0108wb-71-06271 1
16 0 clueweb12-0109wb-61-28531 0
16 0 clueweb12-0012wb-70-10191 0
33 0 clueweb12-0109wb-21-34226 1
16 0 clueweb12-0013wb-66-05095 0
17 0 clueweb12-0002wb-91-19509 0
14 0 clueweb12-0003wb-90-29633 0
9 0 clueweb12-0010wb-69-12947 0
38 0 clueweb12-0812wb-09-13257 1
3 0 clueweb12-0906wb-65-10877 1
42 0 clueweb12-0111wb-04-13998 0
32 0 clueweb12-0100wb-32-04263 1
39 0 clueweb12-0205wb-26-21222 0
50 0 clueweb12-0006wb-44-12970 0
15 0 clueweb12-1906wb-84-16611 0
14 0 clueweb12-0607wb-47-02221 1
28 0 clueweb12-1210wb-73-24531 0
4 0 clueweb12-1113wb-04-27289 0
35 0 clueweb12-0110wb-65-28762 0
39 0 clueweb12-0202wb-35-08915 0
35 0 clueweb12-0111wb-87-24410 2
35 0 clueweb12-1511wb-63-14199 0
45 0 clueweb12-0410wb-89-24552 0
38 0 clueweb12-1600wb-72-25245 2
29 0 clueweb12-0308wb-07-31336 0
30 0 clueweb12-0012wb-58-19909 0
28 0 clueweb12-1400wb-64-10563 0
31 0 clueweb12-1404wb-89-13033 0
31 0 clueweb12-1405wb-26-14174 0
27 0 clueweb12-1117wb-62-24206 2
44 0 clueweb12-0311wb-47-16205 0
22 0 clueweb12-0211wb-24-10033 1
28 0 clueweb12-0300wb-66-10117 0
4 0 clueweb12-0207wb-28-02780 0
31 0 clueweb12-0011wb-42-17918 0
31 0 clueweb12-0011wb-42-17917 2
39 0 clueweb12-0104wb-28-30485 2
31 0 clueweb12-0011wb-42-17916 1
31 0 clueweb12-0011wb-42-17914 2
39 0 clueweb12-0105wb-95-24925 2
5 0 clueweb12-0000wb-20-01490 0
25 0 clueweb12-0307wb-37-32757 1
24 0 clueweb12-0205wb-27-08454 1
14 0 clueweb12-0000wb-74-11513 1
14 0 clueweb12-0012wb-24-24495 0
31 0 clueweb12-0005wb-40-17741 1
11 0 clueweb12-0205wb-22-25485 0
11 0 clueweb12-0204wb-38-32408 1
9 0 clueweb12-0002wb-19-28947 0
26 0 clueweb12-0504wb-23-19568 0
8 0 clueweb12-0208wb-06-34273 0
14 0 clueweb12-0612wb-06-04950 1
26 0 clueweb12-0112wb-10-28472 1
8 0 clueweb12-0909wb-24-09146 0
36 0 clueweb12-0008wb-01-16982 0
5 0 clueweb12-1203wb-65-24684 0
18 0 clueweb12-0501wb-74-20449 0
26 0 clueweb12-0105wb-95-20878 1
47 0 clueweb12-1504wb-64-11808 0
47 0 clueweb12-1504wb-64-11789 0
47 0 clueweb12-1504wb-32-28087 0
50 0 clueweb12-0000wb-71-34940 0
34 0 clueweb12-0201wb-02-14014 2
18 0 clueweb12-0200wb-56-22080 1
25 0 clueweb12-0200wb-54-19975 0
9 0 clueweb12-0608wb-12-30030 0
17 0 clueweb12-0208wb-68-13075 1
19 0 clueweb12-0816wb-93-23786 0
50 0 clueweb12-0205wb-84-08260 0
25 0 clueweb12-0200wb-79-21573 1
25 0 clueweb12-0105wb-96-26175 0
41 0 clueweb12-1612wb-73-20803 2
25 0 clueweb12-0106wb-03-02650 0
48 0 clueweb12-0202wb-45-33864 0
16 0 clueweb12-0009wb-01-19324 0
28 0 clueweb12-0108wb-00-25776 0
28 0 clueweb12-0107wb-85-25560 0
49 0 clueweb12-0206wb-26-23179 0
31 0 clueweb12-0012wb-29-20392 0
31 0 clueweb12-0010wb-72-08288 0
31 0 clueweb12-0011wb-97-10343 0
31 0 clueweb12-0012wb-99-16352 0
31 0 clueweb12-0013wb-07-30822 0
32 0 clueweb12-0209wb-29-09725 0
10 0 clueweb12-0000wb-45-38920 1
26 0 clueweb12-0202wb-89-18686 0
8 0 clueweb12-1512wb-02-04698 0
17 0 clueweb12-1010wb-14-08374 1
17 0 clueweb12-0011wb-80-28715 1
1 0 clueweb12-0510wb-25-32727 0
31 0 clueweb12-0100wb-24-19192 1
50 0 clueweb12-0102wb-81-16328 1
1 0 clueweb12-0000wb-99-27790 0
24 0 clueweb12-1020wb-54-14782 0
45 0 clueweb12-0000wb-96-05803 0
45 0 clueweb12-0000wb-96-05797 1
48 0 clueweb12-1014wb-96-07213 0
6 0 clueweb12-1608wb-40-02703 0
6 0 clueweb12-1608wb-51-03170 0
6 0 clueweb12-1608wb-51-03171 0
48 0 clueweb12-1015wb-51-01574 0
6 0 clueweb12-1608wb-55-14774 0
6 0 clueweb12-1608wb-55-14778 0
6 0 clueweb12-1608wb-51-03173 2
6 0 clueweb12-1608wb-40-02706 2
6 0 clueweb12-1608wb-74-18450 0
32 0 clueweb12-0010wb-29-06924 0
35 0 clueweb12-0110wb-92-21224 0
31 0 clueweb12-0307wb-00-05414 0
13 0 clueweb12-0003wb-19-04627 0
31 0 clueweb12-0307wb-00-05425 0
25 0 clueweb12-0001wb-61-25559 1
31 0 clueweb12-0003wb-15-23519 2
27 0 clueweb12-0714wb-10-25200 0
5 0 clueweb12-1400wb-66-20654 1
38 0 clueweb12-0008wb-45-28221 0
39 0 clueweb12-1004wb-55-21188 0
44 0 clueweb12-1600wb-70-26012 0
26 0 clueweb12-0311wb-22-04975 2
13 0 clueweb12-0307wb-20-08073 0
24 0 clueweb12-0107wb-86-01169 0
42 0 clueweb12-0701wb-81-04180 0
12 0 clueweb12-0111wb-10-10924 0
42 0 clueweb12-0003wb-35-00692 0
31 0 clueweb12-0013wb-36-28451 1
31 0 clueweb12-0012wb-29-20394 2
31 0 clueweb12-0403wb-22-23861 1
4 0 clueweb12-0805wb-91-11732 0
31 0 clueweb12-0011wb-52-10544 0
31 0 clueweb12-0100wb-24-19195 1
26 0 clueweb12-0205wb-39-24351 0
31 0 clueweb12-0012wb-94-24733 0
31 0 clueweb12-0205wb-19-03290 0
31 0 clueweb12-0100wb-09-05098 2
10 0 clueweb12-0110wb-23-13517 1
11 0 clueweb12-0011wb-02-16508 0
47 0 clueweb12-0100wb-08-12800 0
8 0 clueweb12-0308wb-64-08797 0
11 0 clueweb12-0010wb-90-20535 0
36 0 clueweb12-0011wb-86-12446 1
21 0 clueweb12-0712wb-39-03514 0
42 0 clueweb12-0813wb-43-23082 0
11 0 clueweb12-0207wb-71-35400 0
5 0 clueweb12-1300wb-87-26630 0
15 0 clueweb12-0001wb-42-33563 2
44 0 clueweb12-0204wb-27-19776 0
39 0 clueweb12-0111wb-86-20280 2
32 0 clueweb12-0205wb-15-04956 1
19 0 clueweb12-0811wb-96-21715 0
19 0 clueweb12-0812wb-62-08719 0
25 0 clueweb12-0001wb-61-25550 1
29 0 clueweb12-1203wb-03-12605 0
5 0 clueweb12-0110wb-83-13853 1
25 0 clueweb12-0002wb-02-23570 1
25 0 clueweb12-0001wb-74-00746 1
8 0 clueweb12-0000wb-00-20818 0
33 0 clueweb12-0000wb-19-24673 1
25 0 clueweb12-0001wb-74-00751 1
25 0 clueweb12-0307wb-33-20578 1
19 0 clueweb12-0404wb-60-11337 0
43 0 clueweb12-1907wb-89-16856 0
13 0 clueweb12-0500wb-00-02895 0
31 0 clueweb12-0005wb-51-22364 1
26 0 clueweb12-0511wb-81-13763 0
36 0 clueweb12-0606wb-63-20172 0
44 0 clueweb12-0205wb-86-27410 0
37 0 clueweb12-0205wb-98-07545 0
42 0 clueweb12-1802wb-13-21154 0
45 0 clueweb12-0211wb-86-32456 0
45 0 clueweb12-0211wb-79-07526 2
4 0 clueweb12-0805wb-71-18403 0
48 0 clueweb12-0007wb-10-34099 0
45 0 clueweb12-0211wb-79-07522 0
27 0 clueweb12-1615wb-63-17574 1
24 0 clueweb12-1903wb-80-06716 1
19 0 clueweb12-0108wb-75-21486 0
19 0 clueweb12-0107wb-58-22947 0
25 0 clueweb12-0005wb-50-06683 1
25 0 clueweb12-0307wb-43-08625 0
25 0 clueweb12-0112wb-40-31174 0
2 0 clueweb12-0701wb-60-09968 0
2 0 clueweb12-0701wb-34-26146 2
2 0 clueweb12-0701wb-34-26145 0
2 0 clueweb12-0701wb-60-09952 2
2 0 clueweb12-0701wb-91-01476 0
18 0 clueweb12-0207wb-34-09538 0
39 0 clueweb12-0000wb-20-26967 0
39 0 clueweb12-0000wb-46-18923 2
16 0 clueweb12-0307wb-91-16920 0
16 0 clueweb12-0306wb-91-09111 0
16 0 clueweb12-0308wb-06-26667 0
14 0 clueweb12-0101wb-24-01554 0
1 0 clueweb12-0104wb-36-00047 0
26 0 clueweb12-0503wb-39-07360 0
45 0 clueweb12-0105wb-70-01302 0
35 0 clueweb12-0402wb-74-06454 2
5 0 clueweb12-1005wb-19-16098 0
14 0 clueweb12-0606wb-55-02254 0
11 0 clueweb12-0106wb-92-23609 0
11 0 clueweb12-0107wb-84-19433 2
11 0 clueweb12-0107wb-56-19299 2
9 0 clueweb12-1303wb-17-15403 1
17 0 clueweb12-0105wb-28-19368 1
50 0 clueweb12-0104wb-55-31102 2
36 0 clueweb12-0907wb-04-10347 0
47 0 clueweb12-1212wb-06-00728 2
47 0 clueweb12-1701wb-30-20298 1
8 0 clueweb12-0208wb-91-27819 0
24 0 clueweb12-0107wb-12-25698 1
49 0 clueweb12-0206wb-69-11320 0
10 0 clueweb12-1009wb-56-15662 0
13 0 clueweb12-0000wb-30-35717 0
26 0 clueweb12-0511wb-20-10791 0
14 0 clueweb12-1508wb-81-06092 1
50 0 clueweb12-0204wb-05-33020 0
8 0 clueweb12-0916wb-59-26829 0
43 0 clueweb12-0104wb-15-28778 0
45 0 clueweb12-1408wb-35-12207 0
23 0 clueweb12-1716wb-55-04287 1
43 0 clueweb12-0304wb-87-05509 0
43 0 clueweb12-0004wb-13-17088 0
43 0 clueweb12-0110wb-55-25054 0
43 0 clueweb12-0110wb-55-25052 0
10 0 clueweb12-0211wb-06-18161 0
25 0 clueweb12-0508wb-71-19995 0
25 0 clueweb12-0508wb-76-03533 0
25 0 clueweb12-0300tw-58-22104 1
8 0 clueweb12-0000wb-26-05449 0
8 0 clueweb12-0000wb-26-05448 0
8 0 clueweb12-0000wb-12-12881 0
8 0 clueweb12-0000wb-37-27321 0
8 0 clueweb12-0000wb-26-05450 0
26 0 clueweb12-0109wb-68-20717 0
8 0 clueweb12-0000wb-37-27318 0
8 0 clueweb12-0000wb-37-27317 0
8 0 clueweb12-0000wb-37-27319 0
25 0 clueweb12-0112wb-40-31171 1
31 0 clueweb12-0110wb-99-30019 0
10 0 clueweb12-0005wb-12-03859 0
10 0 clueweb12-0003wb-17-02010 0
7 0 clueweb12-0108wb-92-13116 1
47 0 clueweb12-1201wb-78-12937 2
47 0 clueweb12-1201wb-37-03942 0
47 0 clueweb12-1201wb-78-12940 0
47 0 clueweb12-1201wb-78-12936 0
47 0 clueweb12-1201wb-45-14680 0
47 0 clueweb12-1200wb-86-23449 0
6 0 clueweb12-1303wb-04-21637 0
4 0 clueweb12-0000wb-70-26352 0
4 0 clueweb12-0000wb-49-01213 0
37 0 clueweb12-0406wb-00-27250 0
34 0 clueweb12-0000wb-59-24470 0
37 0 clueweb12-0302wb-56-18117 0
24 0 clueweb12-0109wb-99-13147 1
24 0 clueweb12-0105wb-65-19263 0
24 0 clueweb12-0107wb-67-02275 1
49 0 clueweb12-0103wb-43-33949 0
49 0 clueweb12-0103wb-84-10648 0
44 0 clueweb12-0000wb-15-37535 0
10 0 clueweb12-0111wb-19-03626 0
42 0 clueweb12-0001wb-49-24789 0
16 0 clueweb12-0110wb-34-24856 0
26 0 clueweb12-1202wb-28-14082 0
10 0 clueweb12-0110wb-98-01507 1
12 0 clueweb12-1414wb-19-25668 0
47 0 clueweb12-1801wb-96-22105 0
10 0 clueweb12-0111wb-19-03620 0
10 0 clueweb12-0111wb-19-03624 0
24 0 clueweb12-0111wb-33-12958 0
43 0 clueweb12-0410wb-72-24261 0
44 0 clueweb12-1204wb-12-02806 0
8 0 clueweb12-0001wb-29-32521 0
27 0 clueweb12-1209wb-30-28825 2
8 0 clueweb12-0000wb-12-12890 0
8 0 clueweb12-0000wb-37-27327 0
10 0 clueweb12-0000wb-12-20810 0
8 0 clueweb12-0000wb-12-12886 0
8 0 clueweb12-0000wb-50-07730 0
8 0 clueweb12-0000wb-37-27324 0
26 0 clueweb12-0108wb-20-34938 0
42 0 clueweb12-0915wb-72-06804 0
3 0 clueweb12-1312wb-55-04542 0
5 0 clueweb12-0000wb-00-19426 0
16 0 clueweb12-0105wb-20-22904 0
14 0 clueweb12-0100wb-91-01607 1
20 0 clueweb12-0003wb-09-16711 0
5 0 clueweb12-0001wb-06-03938 0
4 0 clueweb12-0906wb-05-06182 0
21 0 clueweb12-0111wb-43-20025 0
21 0 clueweb12-1513wb-58-11194 1
1 0 clueweb12-1604wb-24-07934 0
50 0 clueweb12-0006wb-12-19646 0
14 0 clueweb12-1313wb-53-20632 0
24 0 clueweb12-0202wb-83-18671 0
12 0 clueweb12-0100wb-93-31535 0
38 0 clueweb12-0206wb-00-17120 0
19 0 clueweb12-0000wb-24-29600 0
39 0 clueweb12-0202wb-39-32737 0
17 0 clueweb12-0102wb-07-16521 0
17 0 clueweb12-0100wb-82-10356 0
17 0 clueweb12-0100wb-91-16648 0
11 0 clueweb12-0105wb-16-07644 0
48 0 clueweb12-0203wb-84-27921 0
17 0 clueweb12-0100wb-82-10362 0
37 0 clueweb12-0210wb-82-06536 0
3 0 clueweb12-0207wb-73-02748 2
23 0 clueweb12-0005wb-70-03660 1
41 0 clueweb12-0012wb-52-34322 0
5 0 clueweb12-0006wb-83-18801 0
17 0 clueweb12-1106wb-99-10910 0
17 0 clueweb12-0914wb-54-11576 0
14 0 clueweb12-0005wb-51-06522 0
21 0 clueweb12-0402wb-85-02766 1
21 0 clueweb12-0402wb-95-11705 2
21 0 clueweb12-0403wb-14-07523 2
21 0 clueweb12-0403wb-22-17948 2
21 0 clueweb12-0402wb-99-06066 2
5 0 clueweb12-1606wb-93-30608 0
21 0 clueweb12-0403wb-28-16616 1
21 0 clueweb12-0402wb-95-11717 2
21 0 clueweb12-0402wb-85-02771 2
21 0 clueweb12-0403wb-22-17941 1
21 0 clueweb12-0403wb-28-16612 2
20 0 clueweb12-0500wb-88-16998 0
32 0 clueweb12-0109wb-65-07000 0
30 0 clueweb12-0211wb-06-22643 0
17 0 clueweb12-0601wb-70-09205 1
8 0 clueweb12-0816wb-79-02289 0
21 0 clueweb12-0402wb-95-11716 1
21 0 clueweb12-0403wb-28-16617 2
21 0 clueweb12-0402wb-99-06070 1
21 0 clueweb12-0403wb-22-17951 2
21 0 clueweb12-0402wb-95-11718 2
21 0 clueweb12-0403wb-28-16618 2
42 0 clueweb12-0212wb-08-11956 1
34 0 clueweb12-0002wb-10-03508 0
31 0 clueweb12-0006wb-74-13620 1
20 0 clueweb12-0009wb-14-08971 0
31 0 clueweb12-0011wb-55-32440 1
42 0 clueweb12-0004wb-78-11322 0
15 0 clueweb12-0203wb-26-16751 1
11 0 clueweb12-0201wb-18-15231 0
19 0 clueweb12-1803wb-92-18887 0
25 0 clueweb12-1413wb-37-17052 0
17 0 clueweb12-0208wb-96-25699 2
14 0 clueweb12-0210wb-26-05767 1
14 0 clueweb12-0306wb-80-01596 0
26 0 clueweb12-1114wb-63-09892 0
16 0 clueweb12-0507wb-10-00659 0
25 0 clueweb12-0106wb-05-25236 2
31 0 clueweb12-0309wb-02-03839 0
21 0 clueweb12-0008wb-58-13083 0
27 0 clueweb12-0009wb-11-23524 0
27 0 clueweb12-0008wb-79-02625 1
40 0 clueweb12-0000wb-12-10660 0
25 0 clueweb12-0000wb-11-01071 0
22 0 clueweb12-0002wb-38-18889 0
39 0 clueweb12-0504wb-32-00365 0
12 0 clueweb12-1812wb-57-06979 1
12 0 clueweb12-1812wb-38-23344 1
37 0 clueweb12-1705wb-19-23496 0
27 0 clueweb12-0012wb-48-03858 1
12 0 clueweb12-1812wb-38-23349 2
7 0 clueweb12-0112wb-52-22042 0
49 0 clueweb12-0302wb-94-29218 0
12 0 clueweb12-1812wb-38-23338 1
30 0 clueweb12-0000wb-69-28595 1
31 0 clueweb12-0105wb-29-20202 1
29 0 clueweb12-0007wb-77-13878 0
15 0 clueweb12-0006wb-32-00098 0
30 0 clueweb12-0105wb-41-30304 1
20 0 clueweb12-0800wb-02-37722 0
27 0 clueweb12-0813wb-95-01740 0
14 0 clueweb12-0013wb-47-16608 0
25 0 clueweb12-1510wb-83-25926 0
21 0 clueweb12-0904wb-54-10869 0
16 0 clueweb12-1109wb-13-20680 0
27 0 clueweb12-1301wb-54-00246 1
24 0 clueweb12-0002wb-60-21515 0
17 0 clueweb12-0100wb-41-13089 1
7 0 clueweb12-0107wb-67-15819 0
13 0 clueweb12-0013wb-75-06829 0
47 0 clueweb12-0107wb-22-32311 1
17 0 clueweb12-0100wb-60-20538 0
35 0 clueweb12-1601wb-86-20814 0
35 0 clueweb12-0305wb-69-13633 0
47 0 clueweb12-1200wb-84-35572 0
11 0 clueweb12-0002wb-76-08104 2
11 0 clueweb12-0000wb-83-08415 0
37 0 clueweb12-1216wb-44-12192 0
3 0 clueweb12-0203wb-05-25699 0
11 0 clueweb12-0012wb-16-08746 0
31 0 clueweb12-1510wb-90-28578 0
18 0 clueweb12-0004wb-11-14971 0
42 0 clueweb12-0100wb-08-07191 0
37 0 clueweb12-0210wb-11-13495 0
32 0 clueweb12-0010wb-81-31630 1
13 0 clueweb12-1814wb-75-17812 0
17 0 clueweb12-0100wb-60-20546 0
17 0 clueweb12-0100wb-41-13101 0
14 0 clueweb12-0106wb-89-27935 1
17 0 clueweb12-0100wb-41-13106 0
17 0 clueweb12-0100wb-41-13107 0
17 0 clueweb12-0100wb-41-13108 0
39 0 clueweb12-0105wb-83-21710 0
14 0 clueweb12-0106wb-62-16183 0
31 0 clueweb12-0306wb-92-00847 1
25 0 clueweb12-0509wb-61-18882 0
40 0 clueweb12-0104wb-16-11953 0
47 0 clueweb12-0705wb-38-12458 0
14 0 clueweb12-0211wb-04-30941 0
19 0 clueweb12-1202wb-24-21906 0
7 0 clueweb12-0105wb-02-20679 1
29 0 clueweb12-0111wb-93-28460 0
29 0 clueweb12-0112wb-32-26983 0
31 0 clueweb12-0102wb-25-28300 0
29 0 clueweb12-0112wb-28-22729 0
43 0 clueweb12-0207wb-51-11701 0
21 0 clueweb12-0004wb-76-30581 2
50 0 clueweb12-0000wb-00-18354 0
14 0 clueweb12-0209wb-87-25641 0
44 0 clueweb12-0209wb-04-09339 0
44 0 clueweb12-0005wb-67-16204 0
44 0 clueweb12-0209wb-89-04043 0
13 0 clueweb12-1912wb-53-15417 0
19 0 clueweb12-1806wb-89-25348 0
45 0 clueweb12-0109wb-55-22876 2
3 0 clueweb12-1702wb-37-00222 0
44 0 clueweb12-0208wb-81-22740 0
26 0 clueweb12-1612wb-44-21755 0
3 0 clueweb12-0200wb-31-22143 0
24 0 clueweb12-0010wb-80-25859 2
33 0 clueweb12-1113wb-81-15373 2
9 0 clueweb12-0819wb-10-24291 2
33 0 clueweb12-1114wb-08-21189 1
33 0 clueweb12-1113wb-81-15366 1
33 0 clueweb12-1113wb-81-15365 1
44 0 clueweb12-1001wb-38-19297 0
14 0 clueweb12-0003wb-02-07331 0
33 0 clueweb12-1114wb-08-21193 0
33 0 clueweb12-1114wb-12-16002 0
33 0 clueweb12-1114wb-17-15489 1
30 0 clueweb12-0110wb-23-31456 2
33 0 clueweb12-1113wb-81-15368 1
19 0 clueweb12-1610wb-71-20930 0
34 0 clueweb12-0411wb-16-03707 0
8 0 clueweb12-0108wb-09-24909 1
34 0 clueweb12-0411wb-21-20534 0
34 0 clueweb12-0411wb-07-11314 2
13 0 clueweb12-0011wb-48-01945 0
13 0 clueweb12-0011wb-38-13909 2
8 0 clueweb12-0411wb-35-22381 0
49 0 clueweb12-0507wb-04-30444 0
24 0 clueweb12-0109wb-81-00294 0
33 0 clueweb12-1114wb-08-21181 0
44 0 clueweb12-0604wb-20-34682 1
49 0 clueweb12-0001wb-44-18936 0
26 0 clueweb12-1111wb-09-07034 1
8 0 clueweb12-0000wb-12-33835 0
47 0 clueweb12-0509wb-43-13716 0
26 0 clueweb12-1111wb-09-07051 1
21 0 clueweb12-0011wb-13-20135 2
11 0 clueweb12-0108wb-45-28859 0
13 0 clueweb12-0406wb-29-01147 0
38 0 clueweb12-0008wb-30-09636 2
32 0 clueweb12-0112wb-37-32187 1
32 0 clueweb12-0112wb-45-20887 2
32 0 clueweb12-0112wb-37-32189 1
32 0 clueweb12-0112wb-37-32188 1
9 0 clueweb12-0606wb-48-25742 1
32 0 clueweb12-0112wb-26-17519 1
25 0 clueweb12-0110wb-12-24986 0
26 0 clueweb12-0301wb-40-15563 0
32 0 clueweb12-0112wb-19-33472 1
47 0 clueweb12-0009wb-94-11797 0
16 0 clueweb12-0013wb-28-04795 1
16 0 clueweb12-0009wb-29-30540 1
30 0 clueweb12-0000wb-06-13871 0
47 0 clueweb12-0009wb-73-20334 0
30 0 clueweb12-0001wb-26-08982 0
2 0 clueweb12-0602wb-52-04946 0
26 0 clueweb12-0100wb-46-11586 0
50 0 clueweb12-0904wb-31-04055 1
50 0 clueweb12-0907wb-75-02751 0
26 0 clueweb12-0305wb-27-14846 0
7 0 clueweb12-0204wb-00-09131 1
38 0 clueweb12-0912wb-52-09629 2
49 0 clueweb12-0108wb-55-18282 0
8 0 clueweb12-0006wb-67-12602 0
47 0 clueweb12-0210wb-78-19570 1
30 0 clueweb12-1117wb-20-28894 0
34 0 clueweb12-0105wb-50-15439 0
12 0 clueweb12-1205wb-10-00577 1
19 0 clueweb12-0715wb-22-19871 0
12 0 clueweb12-1205wb-16-13434 1
43 0 clueweb12-0003wb-63-34052 0
39 0 clueweb12-0012wb-52-34322 2
42 0 clueweb12-0201wb-68-10705 0
14 0 clueweb12-1806wb-22-10154 2
3 0 clueweb12-1809wb-93-12472 0
2 0 clueweb12-1600wb-40-19071 0
24 0 clueweb12-0007wb-33-16838 0
49 0 clueweb12-0208wb-73-19676 0
20 0 clueweb12-0205wb-86-05842 0
12 0 clueweb12-0104wb-85-19173 1
11 0 clueweb12-0200wb-52-32643 0
11 0 clueweb12-0200wb-52-32642 0
20 0 clueweb12-0110wb-93-31478 0
7 0 clueweb12-0204wb-15-09769 0
50 0 clueweb12-0002wb-75-10270 1
24 0 clueweb12-0104wb-60-22209 0
37 0 clueweb12-0106wb-32-29907 0
7 0 clueweb12-0203wb-36-24444 0
44 0 clueweb12-0805wb-41-24498 0
16 0 clueweb12-1117wb-75-13343 1
31 0 clueweb12-1008wb-45-25037 0
38 0 clueweb12-0105wb-99-21590 1
9 0 clueweb12-0100wb-64-25636 1
24 0 clueweb12-0204wb-98-18770 0
31 0 clueweb12-1009wb-04-05042 0
31 0 clueweb12-1007wb-83-19703 1
14 0 clueweb12-0611wb-10-16594 1
14 0 clueweb12-0102wb-26-26576 1
38 0 clueweb12-1801wb-96-17705 1
12 0 clueweb12-1812wb-38-23328 1
12 0 clueweb12-1812wb-57-06964 1
25 0 clueweb12-1615wb-45-06817 2
37 0 clueweb12-1218wb-45-23673 0
12 0 clueweb12-1812wb-57-06954 1
12 0 clueweb12-1812wb-38-23322 1
12 0 clueweb12-1812wb-57-06959 1
24 0 clueweb12-0001wb-29-19990 0
3 0 clueweb12-0300wb-03-19280 0
3 0 clueweb12-0300wb-03-19279 0
46 0 clueweb12-1617wb-23-13285 0
36 0 clueweb12-0110wb-61-35119 0
34 0 clueweb12-0104wb-93-26206 1
13 0 clueweb12-1601wb-24-22364 0
3 0 clueweb12-0204wb-43-23745 1
8 0 clueweb12-0100wb-40-14786 1
30 0 clueweb12-1602wb-34-02638 1
30 0 clueweb12-0907wb-10-14708 1
40 0 clueweb12-0000wb-46-29552 0
48 0 clueweb12-0005wb-97-05274 0
7 0 clueweb12-1508wb-97-15731 1
34 0 clueweb12-0008wb-26-09501 1
9 0 clueweb12-0110wb-21-25283 1
27 0 clueweb12-0000wb-58-01670 2
21 0 clueweb12-0401wb-90-16899 0
32 0 clueweb12-0301wb-42-30598 0
20 0 clueweb12-0310wb-12-25640 0
34 0 clueweb12-1701wb-74-12403 0
16 0 clueweb12-0406wb-07-32682 0
17 0 clueweb12-0205wb-27-18667 1
44 0 clueweb12-0410wb-61-22656 0
45 0 clueweb12-0004wb-62-16119 0
50 0 clueweb12-0108wb-15-22263 1
30 0 clueweb12-0300wb-62-31229 1
38 0 clueweb12-0111wb-01-09344 1
24 0 clueweb12-1017wb-93-11452 0
36 0 clueweb12-0111wb-66-07641 0
3 0 clueweb12-0206wb-18-08339 1
29 0 clueweb12-0009wb-44-23121 2
29 0 clueweb12-0009wb-54-09351 0
11 0 clueweb12-0205wb-34-24846 1
6 0 clueweb12-0301wb-95-20652 0
29 0 clueweb12-0009wb-32-00655 0
22 0 clueweb12-0005wb-18-28762 0
47 0 clueweb12-0111wb-36-19755 1
47 0 clueweb12-0107wb-42-19203 0
44 0 clueweb12-0212wb-01-30541 0
47 0 clueweb12-0107wb-20-28540 0
30 0 clueweb12-0200wb-37-12156 2
32 0 clueweb12-1714wb-52-16412 1
31 0 clueweb12-0212wb-26-13119 1