263 0 <urn:uuid:ab727bab-bee6-4c62-bf2d-9d09678ede73> 1
284 0 <urn:uuid:08355fb8-74bf-40ac-bdc7-4a80c6e145bb> 2
288 0 <urn:uuid:0f9a91bd-c1b1-43b5-b72c-bb2e6d627220> 2
264 0 <urn:uuid:41f7a690-ef79-4901-83b0-6ff57e38a905> 0
266 0 <urn:uuid:c9d89599-d1fb-4e6e-9a90-061a77c86448> 2
285 0 <urn:uuid:81854aa4-65b4-464e-8f23-294d51bc940d> 2
277 0 <urn:uuid:35314484-004d-4ead-b8e6-df747074cdf9> 0
263 0 <urn:uuid:4aeabdf4-ad37-4c14-b246-6519f5ef0b9d> 0
277 0 <urn:uuid:97ec62a5-5edb-4d11-9b5b-c1921b1aa074> 0
283 0 <urn:uuid:051e20fe-d1de-4e3e-866f-abdf640072f6> 0
260 0 <urn:uuid:cdbc5106-6a73-42b0-ae48-161d41d8b727> 0
257 0 <urn:uuid:09e176ca-f9b8-4137-8e67-a692fb5b385e> 4
294 0 <urn:uuid:e80cae9f-b4f7-491f-be46-eba27ae52eb0> 1
286 0 <urn:uuid:845d6fef-ce52-459c-bdb0-1a6f2edbd81e> 0
297 0 <urn:uuid:325a3297-be93-4a2f-89f5-080e7502acf3> 0
286 0 <urn:uuid:c21d18c3-4319-48a0-9c4e-9ca8214e2cfd> 0
295 0 <urn:uuid:176c98c3-cbbf-4f75-8b09-bcafd1ddb645> 1
281 0 <urn:uuid:62f29e34-5187-4a15-aacc-05e476b6cb3b> 0
263 0 <urn:uuid:a137046a-ca56-417b-90fb-5c38d2075c12> 1
276 0 <urn:uuid:f9c49112-5f66-48fc-bcde-2d0aba00cf8a> 1
262 0 <urn:uuid:01722c07-c2d6-4421-8b00-376fff48b93e> 0
294 0 <urn:uuid:fbd13559-608c-4e0d-aeae-5edc78dfd0f0> 0
270 0 <urn:uuid:9a9515df-c5c7-4905-baac-b219ce1eb916> 0
279 0 <urn:uuid:2c859ea8-ad1d-482a-9051-45d30d1316c0> 1
282 0 <urn:uuid:c814718a-fb31-4f36-8d52-594231e50d52> 1
294 0 <urn:uuid:bd59a6e8-b80c-4d19-9c82-62fa9b826d1a> 0
264 0 <urn:uuid:e8335c7e-11fa-4284-9434-3e9ebb4805d9> 0
282 0 <urn:uuid:31608847-fd76-4e62-9496-e9f86437fc43> 1
260 0 <urn:uuid:c0971e32-c232-406a-8784-052299daded9> 1
284 0 <urn:uuid:69d2e93c-7628-4490-808c-303b5fa8a5dd> 2
298 0 <urn:uuid:03eceef7-d156-45c9-a535-951cc17dba64> 0
268 0 <urn:uuid:96097a37-5355-4e9b-acc2-19c6f2b4edcb> 0
283 0 <urn:uuid:ae5cfc56-1c79-458c-a9da-8f6b4cfd76de> 0
251 0 <urn:uuid:eb84114e-9343-47ab-8d11-2c104c4fa457> 0
300 0 <urn:uuid:28e2fb7d-2359-4ee3-9ae8-78f3cec1956a> 0
254 0 <urn:uuid:edad5c79-3715-468e-b7c0-7ba846ecc077> 0
251 0 <urn:uuid:d475ff43-e91c-4278-98f1-00493d7f8d84> 1
273 0 <urn:uuid:89113de5-35c7-4f95-8a71-3a7038d3c940> 0
260 0 <urn:uuid:d5b6b30c-631e-4c97-bbe5-151f1351cd43> 0
263 0 <urn:uuid:d4ebbf32-cea4-4bb8-9185-33e12dd58771> 2
283 0 <urn:uuid:5cae0a6d-c075-440d-85c3-c87ecdf4d804> 0
270 0 <urn:uuid:d6c1916f-8948-41d4-944e-f2413e5eb224> 0
282 0 <urn:uuid:3f21cb4f-b19d-464b-a26e-698488f457cd> 1
300 0 <urn:uuid:0015dbac-658e-49a4-977f-b23bedd11f73> 0
282 0 <urn:uuid:df3f18fe-2af4-4065-9314-4ea32a5396b2> 1
268 0 <urn:uuid:149fa473-2c11-457c-b23f-080e8d7b534d> 0
264 0 <urn:uuid:12d04846-ee0c-4a61-b3d4-e032bcb1af44> 0
264 0 <urn:uuid:c667acbb-8183-4472-b224-d4ea39210e89> 2
259 0 <urn:uuid:fd4d3da7-9391-4d5e-b432-aa66d0a432d1> 2
272 0 <urn:uuid:d6f5b788-747b-42c5-bc1f-d5afc661767e> 0
272 0 <urn:uuid:f8e5e262-f492-4fc9-8a53-97dddb8e5cbd> 3
293 0 <urn:uuid:7f71f83f-7da8-49f0-a416-54d3022a5e09> 2
251 0 <urn:uuid:05ebdc60-ba85-47f6-9208-ef65fd4568f6> 1
276 0 <urn:uuid:148967cc-3b53-4046-b60e-95179e74024b> 2
261 0 <urn:uuid:7b251060-3898-4f97-a6c4-d3298e3fcd9c> 0
275 0 <urn:uuid:3962b73f-0025-4ec8-bea8-a727a304308f> 1
269 0 <urn:uuid:778b9b7c-3554-4616-baf8-f4c2decc257e> 0
260 0 <urn:uuid:8822e71d-d118-43b3-891d-6d841ecc58e2> 0
254 0 <urn:uuid:aa3c4296-1348-471e-9173-6c3909a05a15> 0
267 0 <urn:uuid:9a0afc8c-f3bd-4ec7-a422-24b050cf19fe> -2
260 0 <urn:uuid:c0f4e3a9-bf36-4f61-845d-918b079dcca2> 0
270 0 <urn:uuid:bc4f0937-78bd-45d5-94a6-0dab41daa90f> 0
261 0 <urn:uuid:e3414544-5488-44a5-8cfe-cacacc17a225> 0
265 0 <urn:uuid:97dfe015-3702-4517-bafd-76bf979bd066> 0
251 0 <urn:uuid:c38b0d3a-449c-441e-9673-15fc412921c3> 1
294 0 <urn:uuid:da28a611-5c46-4f04-9194-9646821ba889> 1
251 0 <urn:uuid:d9dbf1c1-8165-41c5-a8e4-996755c48334> 2
260 0 <urn:uuid:f1161418-e53a-405d-beac-8ce521a8b348> 0
291 0 <urn:uuid:8893c495-bd13-4b79-92fc-eab75f79485d> 0
254 0 <urn:uuid:9fe134e9-6440-4c71-859e-b358343b5a34> 1
277 0 <urn:uuid:51f388a2-4a76-452e-afb2-6081f60570a8> 0
281 0 <urn:uuid:0418634b-05be-45fd-b07e-e8191684976b> 2
259 0 <urn:uuid:38277219-9347-49b2-b9c3-21f770926ec9> 1
261 0 <urn:uuid:077b9b4a-9fd3-4490-a156-b74e7abf28fd> 0
253 0 <urn:uuid:576303e1-b841-4ce0-9fc4-25bcbb13e455> 1
252 0 <urn:uuid:7b77d948-2bd7-493d-8ed3-ad275a4ba8f5> 1
260 0 <urn:uuid:d6cd0409-68ee-4170-89bb-da491bf01958> 0
275 0 <urn:uuid:66adabed-7d85-4611-bc9a-3c3d0a02244b> 1
300 0 <urn:uuid:8ad8d7cb-3fe4-4c31-be37-8571398f5764> 0
282 0 <urn:uuid:117d1e9e-e7e8-4e61-b68c-6de4c71c204d> 0
259 0 <urn:uuid:e56c5b74-2020-41b8-93af-edeafe5f3e11> 1
269 0 <urn:uuid:166022b2-29f7-4241-aa0f-591c11b972f1> 0
300 0 <urn:uuid:d730a744-da30-40ca-92ec-3a9a003de12a> 0
260 0 <urn:uuid:ba64a463-0249-4d0a-985f-ebe639f16e28> 0
284 0 <urn:uuid:3eeec54e-7a39-4ed5-82da-63cd3961ece0> 2
277 0 <urn:uuid:2bb72209-426a-4ff6-8c00-b703da7d6b57> 2
298 0 <urn:uuid:bc5684d0-b962-476b-81f0-517155de319f> 2
282 0 <urn:uuid:2afc32bc-09a7-470f-a7fb-6c650bfb9ea7> 0
276 0 <urn:uuid:00993c00-7716-4f13-b0ff-e7692917830d> 2
263 0 <urn:uuid:fc31cdc5-f519-4f87-a9f0-f0c12b0743cc> 1
256 0 <urn:uuid:250b19b0-bd0e-481f-bd3d-787951a2c2fa> 1
285 0 <urn:uuid:3c0c2028-5f66-417f-8751-5f2be336d0f9> 1
264 0 <urn:uuid:d2fc634d-c60f-4476-9dce-d0d17c0ff8b1> 0
283 0 <urn:uuid:11b47817-023e-4430-9e98-892b0659369c> 0
294 0 <urn:uuid:a147091c-753b-4b67-88d1-e454b2c9e410> 0
258 0 <urn:uuid:368e454d-7d3d-4763-a397-d416b455cb14> 1
259 0 <urn:uuid:ddedeaf5-484e-4cb0-a857-53a1992a6eda> 0
263 0 <urn:uuid:580908ad-c4fe-458d-8cee-6f5d015ccc82> 1
255 0 <urn:uuid:0cab35b6-7333-4b76-ab31-a30628b887a0> 0
282 0 <urn:uuid:ce7dba20-a7bc-4fdf-a912-d355abcf9e5a> 1
294 0 <urn:uuid:d1d135fa-5d74-4a06-8aef-705786a2e8ad> 1
263 0 <urn:uuid:3f0513b0-d94f-462a-a8b6-6b8cd81f50c2> 1
279 0 <urn:uuid:1b0d41a6-e36c-49b5-8946-623d76bdd97b> 0
258 0 <urn:uuid:9c74fcb6-c8c2-42d3-8ee5-d7e9bf5cb184> 1
270 0 <urn:uuid:6446cc63-e316-46df-994e-824b4790f4db> 0
277 0 <urn:uuid:8086250a-8665-490b-b324-1bde3c18ee92> 2
260 0 <urn:uuid:6a666b24-0a12-417e-948c-f7a22f70e43e> 0
294 0 <urn:uuid:83c5ef8d-b5b4-4236-aca4-83c0365676a6> 1
265 0 <urn:uuid:54904b2b-fb63-4b30-903b-6b8604a1cfa3> 0
297 0 <urn:uuid:13902465-bc34-4904-866b-26d2f4cabb9c> 1
280 0 <urn:uuid:e5ae8e7a-648d-4491-82e3-e3272569fdc7> 0
258 0 <urn:uuid:853860ea-e67e-4124-88e5-e08aa6c85e96> 0
266 0 <urn:uuid:a0b3d27a-f36b-41c8-ab28-3303b16548f9> 0
263 0 <urn:uuid:0ec55412-9013-4da1-9a14-b47c3e509526> 1
263 0 <urn:uuid:a3fa52c0-b147-487a-8e71-a869dd6c1a7f> 1
284 0 <urn:uuid:34fa5540-3fb9-49b8-9157-6a0b7b5ac3dc> 1
293 0 <urn:uuid:a9d279b8-a844-42ce-95bd-eeb93854a4f7> 3
268 0 <urn:uuid:2e578ff0-7bfd-4daf-925c-fccfd82d8ff5> 0
287 0 <urn:uuid:e3221e29-ba79-4e97-a78a-1fdc09720583> 0
251 0 <urn:uuid:bc15c851-bc6b-4169-9d20-ba15a679e6b7> 1
273 0 <urn:uuid:28c20800-3bb2-469b-8238-9da1969f9348> 0
263 0 <urn:uuid:353fcd33-35c2-4c76-95dc-e9f4af82bf8f> 1
274 0 <urn:uuid:53a325fd-291c-4443-a2e3-724b64aebbd3> 0
285 0 <urn:uuid:829a4287-2058-492e-bffe-945eccad9987> 0
265 0 <urn:uuid:9fa2c216-d6f5-4f7a-9d9b-6915afe4804e> 0
288 0 <urn:uuid:c1b5c356-d788-4b72-8f68-b6c6b7b4757a> 1
284 0 <urn:uuid:f6762ca0-08e7-43a1-a7ea-988575722fcb> 1
261 0 <urn:uuid:6e4a49d8-7a3d-4054-9950-94d1bc6b007b> 0
279 0 <urn:uuid:886a8ad1-5d46-4b9a-94da-a3b5ee448423> 0
286 0 <urn:uuid:a6540fdb-0be0-417a-8c99-639e90644f82> 0
298 0 <urn:uuid:0e19c7b0-b5f1-4a35-9f05-ebfa46eadd6f> 0
252 0 <urn:uuid:867a46f7-5d7f-486c-a839-575a15bce7ff> 1
300 0 <urn:uuid:6e1d727e-3cf7-4b7f-a555-68e192cf1af9> 1
260 0 <urn:uuid:8d703508-3258-4919-8b3f-932ec617e4b0> 0
261 0 <urn:uuid:171718e3-4559-425d-9b13-e6303826d2c0> 0
290 0 <urn:uuid:12d4ed56-eaba-4d80-bf8c-53d77bf39304> 0
263 0 <urn:uuid:b4d8eb99-78cc-415a-943d-effe6c7f004f> 0
275 0 <urn:uuid:fa1342a4-65eb-4a51-8c7f-cda38a03508a> 0
266 0 <urn:uuid:d9c890d0-2338-4c7d-b327-8c56d94421bb> 2
257 0 <urn:uuid:53fcc6e0-e333-4992-b35d-003c8ea795ae> 2
258 0 <urn:uuid:e9946fb6-c067-4f52-b82b-412c6d949062> 0
275 0 <urn:uuid:3cb1fdc9-2add-460b-bf3b-c24369c748ba> 0
251 0 <urn:uuid:32b36d1b-cd47-4641-acc3-c3d41584e5f6> 1
259 0 <urn:uuid:8b853e05-ffaf-40fb-a19b-f6387acaf5a7> 1
260 0 <urn:uuid:3f40255c-c3b7-4ee8-8eca-c5e154d92024> 0
256 0 <urn:uuid:e2feff7d-16d3-4449-bdf1-698420e45ea7> 1
254 0 <urn:uuid:0ddde915-9bf7-4a29-a324-50a4480a9099> 2
279 0 <urn:uuid:cc58b652-aad8-4956-9280-377e3cd0296a> 0
261 0 <urn:uuid:bdd00a6a-bce3-4bac-88e7-0fad2c266ed3> 0
261 0 <urn:uuid:fb608938-2673-4904-88f1-c4f8ff50cf10> 0
271 0 <urn:uuid:c729b8f5-6fc1-4798-b5b4-36150957d362> 0
281 0 <urn:uuid:70093ac1-4012-4794-b99e-537eab28db56> 0
272 0 <urn:uuid:c5a81073-981c-42b7-8871-3f6035199550> 0
284 0 <urn:uuid:db0ce5b0-d54c-4960-a1e8-b4cbe7b46f7f> 1
280 0 <urn:uuid:ecc57303-6d96-4035-a07f-3715fa2c78e5> 0
280 0 <urn:uuid:9a6a4998-ce30-43a3-a963-5080722f1679> 0
280 0 <urn:uuid:79ffb3c9-7d9d-41f2-8d05-6c4ac5f02a94> 1
253 0 <urn:uuid:d6616f7c-fd66-45e2-b39b-1108c376f414> 0
285 0 <urn:uuid:26107002-11dc-4a68-b287-1f41af332598> 2
285 0 <urn:uuid:c7309187-d537-4f28-866e-3b4cb61cd454> 1
293 0 <urn:uuid:02934b60-e23c-4816-9468-747c079ffde7> 0
253 0 <urn:uuid:a1500fdd-7f24-4648-abcf-c4bbaa70a767> 3
292 0 <urn:uuid:627b4373-27b5-42e8-8c77-88a64eafa984> 3
264 0 <urn:uuid:db4884c8-b07e-4fdb-843e-43477e9097af> -2
259 0 <urn:uuid:f150c35c-0ad8-4c4d-94e7-9007d5aaa1b7> 0
275 0 <urn:uuid:44753d06-e9b6-43ef-b99a-0f0de2a2259a> 0
264 0 <urn:uuid:9d401728-83b0-435b-84d0-56f8118e3ca7> 1
273 0 <urn:uuid:6f28df50-92fc-42f6-9eb4-cb4b2b91348c> 0
288 0 <urn:uuid:032a1238-a2b3-41d3-9fc5-0710631ea3bf> 1
288 0 <urn:uuid:2225c6b3-f058-4f57-a642-05cf098d382b> 2
278 0 <urn:uuid:fa632acb-edf9-450f-80a3-5dab9d220a7e> 0
261 0 <urn:uuid:376b43da-3d8b-4542-8a39-cb883be4d0b7> 0
284 0 <urn:uuid:21b0a0cc-c97f-4cda-a8d3-b43a8a537494> 3
260 0 <urn:uuid:12cc15f7-b52f-4801-93df-ee37746ffbc1> 1
280 0 <urn:uuid:cbb8cb73-32df-40aa-b24f-2344656bad40> 0
295 0 <urn:uuid:1372c7c0-9c2b-437e-b029-4efb0b65cf2f> 0
277 0 <urn:uuid:d7e528f8-f14f-42bc-aee2-c03a4bfdd11f> 1
251 0 <urn:uuid:fb5da513-fbf5-47fb-a5c8-aa2a81c5cee3> 0
252 0 <urn:uuid:7535cc35-b1fc-4000-bdc3-fc95b6d302ac> 0
274 0 <urn:uuid:5091ebea-e713-4176-be99-5ec97aa85944> 0
255 0 <urn:uuid:7f1363ec-84e9-4f61-a713-958823a50cdf> 0
255 0 <urn:uuid:e419a6f2-9420-412a-bfc7-613623a76553> 0
296 0 <urn:uuid:6a747eb4-95c9-4860-9a9c-dd3a0db9b833> 0
266 0 <urn:uuid:3ab6d76c-b2f9-408a-8e33-e579ca87c1f5> 2
252 0 <urn:uuid:58cdef37-5d53-46fd-8b8f-d10733a63744> 1
267 0 <urn:uuid:1e6f5f7e-b495-4b20-9919-bef52ac72611> 3
267 0 <urn:uuid:d4a5999f-2d95-4b09-8104-56ed4ad83cdf> 0
263 0 <urn:uuid:7e56d9d2-a6ae-4edd-bc67-dc44596f6122> 1
276 0 <urn:uuid:48410332-bcad-4d32-845e-860a6ff55711> 1
251 0 <urn:uuid:129c67f6-1b57-4b27-951f-e6850932117c> 1
287 0 <urn:uuid:c03c08b9-47d7-49e6-8f2c-21b8d6863fc8> 0
287 0 <urn:uuid:7bc6d2ef-b180-48c2-ba58-983d2270c387> 3
296 0 <urn:uuid:dcf424b4-3b8b-472c-87b0-3b61551f61c8> 1
287 0 <urn:uuid:f83ea410-21a7-4142-9e96-f42a8817c245> 1
256 0 <urn:uuid:edbceaaa-cfac-464f-aea6-1f9682c4eefe> 0
272 0 <urn:uuid:93064aef-2009-41eb-b674-30c23058df1e> 1
270 0 <urn:uuid:8f387738-670e-4180-9492-d75b3f96ab81> 0
253 0 <urn:uuid:3cfb7e92-85e7-406a-9b99-52c85bd3ef26> 1
279 0 <urn:uuid:ec6ebe91-8e5e-4f88-b7a3-f9324a25e2b2> 1
291 0 <urn:uuid:2b047b61-51ff-4e6a-a541-a3ec77d2df1e> 0
294 0 <urn:uuid:f2ef0793-3dfd-495a-bae7-46f5a27e131e> 2
259 0 <urn:uuid:82b01770-9561-4118-9211-546dce833646> 1
276 0 <urn:uuid:8a2fe2ac-2108-402e-b417-bc67428115c4> 2
272 0 <urn:uuid:1e498787-5c1a-488a-b6ee-71fd3fdb2701> 1
270 0 <urn:uuid:14ef8c90-7ded-456b-bac7-785525b08d2a> 0
298 0 <urn:uuid:be22c9ca-a40f-4059-84f6-756321da4ea3> 0
280 0 <urn:uuid:72c4f523-ce76-4acb-8b82-96c01238dbd9> 0
267 0 <urn:uuid:3a83dee7-1f04-4bdc-8383-bcf849af1987> 3
298 0 <urn:uuid:943604e0-bd67-4f42-ac4d-276717debbe2> 2
282 0 <urn:uuid:703921a6-d525-4099-801a-9ce96bbe5481> 1
271 0 <urn:uuid:01d025bd-a5f4-4a49-bfbe-88c3ad830315> 0
287 0 <urn:uuid:5cca4a5a-54de-46e6-b732-9fdfdd10d913> 0
292 0 <urn:uuid:1f950365-0a71-4275-ad71-9d8245596b35> 2
282 0 <urn:uuid:4d20bb07-e470-43ea-bc23-40d17b07de8f> 1
264 0 <urn:uuid:7555ffbe-069d-4d3d-8697-4f3849899ad1> 0
264 0 <urn:uuid:5288c1b7-1ddc-4bb6-a7cc-cbf25a6338cf> 0
260 0 <urn:uuid:ac6d9316-0732-4a5e-9293-a8897665c2fe> 0
263 0 <urn:uuid:fe27b924-c539-438b-801e-f709b86bd0f6> 1
259 0 <urn:uuid:32ad0d41-35cf-49b9-868d-9046f94f9bdf> 0
263 0 <urn:uuid:0754e217-8d05-41a0-baa2-77317af17166> 1
262 0 <urn:uuid:d697bf7f-dd63-465e-9a82-c5377179c0ee> 0
299 0 <urn:uuid:dd950ea7-a3d1-4a96-a395-6b07e37ed8be> 1
291 0 <urn:uuid:4038129b-3889-4dbc-9970-3718dbe3f7a1> 2
256 0 <urn:uuid:7812e7bd-445f-4399-bc0b-d78b54d39fdf> 1
259 0 <urn:uuid:d26d13d4-c18b-42eb-b430-fa6d82c8a73d> 1
265 0 <urn:uuid:c2a4d56d-9dca-47f3-935c-9604e926934a> 0
294 0 <urn:uuid:bb8eccf3-bd1b-4cd5-983c-60009ed82972> 0
285 0 <urn:uuid:584b6c9f-926b-4b36-bbfa-e3956aafa687> 0
282 0 <urn:uuid:35ec9ec8-b22f-4797-8be1-d7d8a5eddab9> 1
294 0 <urn:uuid:0f8acd93-5f5f-4c60-af88-52e69508d9ad> 2
280 0 <urn:uuid:56d55433-5755-43d9-85cf-21a737e8ad28> 0
282 0 <urn:uuid:c6be08bd-6d80-42a0-9c22-8d3be6aab526> 0
261 0 <urn:uuid:023b9a8a-a171-4e7c-988a-1bde72f86096> 0
292 0 <urn:uuid:7ea7de7b-1da0-4998-8170-ded1a2be8d86> 1
280 0 <urn:uuid:256f8f55-4dfb-474a-b1fe-ca01207c0ac2> 0
280 0 <urn:uuid:53dff9f6-f165-476d-9245-ddf9452824fe> 0
280 0 <urn:uuid:f16a23e6-a649-45d6-a806-15f720e01c9c> 0
280 0 <urn:uuid:f22bf91c-3a57-4b1f-8e69-1673ec9e8dbd> 0
280 0 <urn:uuid:76fc515b-b68d-4ac6-91c7-82e717925857> 0
280 0 <urn:uuid:dd0cb12f-3c31-4923-b7be-f05a61d3b50e> 0
280 0 <urn:uuid:91f06ab1-b558-4b9e-8918-bb54ea873e3c> 0
280 0 <urn:uuid:6e0580b5-72fb-4bd1-8267-d63c7a292eaa> 0
280 0 <urn:uuid:465edcb7-eb29-4477-abf4-ccb15ffaf029> 0
280 0 <urn:uuid:83c7afc3-557d-43dd-a715-c5e08d15db8e> 0
280 0 <urn:uuid:7a5ef935-3e8b-41a4-a427-bd93640259cc> 0
265 0 <urn:uuid:7c686835-7486-415c-91f4-a37c996c8c75> 0
253 0 <urn:uuid:98a7a41d-397b-4478-b658-c691f8e5fab8> 2
263 0 <urn:uuid:bb9d483f-e0a0-4291-abcd-a265191da9dc> 1
285 0 <urn:uuid:eaffe8ba-755a-46b0-931a-fd6def879a0e> 2
294 0 <urn:uuid:d117f5c9-a634-4708-b2b3-26dc00622202> 1
266 0 <urn:uuid:bfb5eafb-d3a9-4360-8922-718082268f88> 0
255 0 <urn:uuid:7f96de36-7991-4401-8a6c-3742f8cb68b9> 0
260 0 <urn:uuid:4e61a0d7-2620-4861-ad81-650316c4fc93> 0
286 0 <urn:uuid:3468c623-f901-4417-b090-537881823358> 2
300 0 <urn:uuid:7d8a9958-5666-45e1-a7e9-7062bd617b43> 0
260 0 <urn:uuid:9565ecf4-b291-4c0b-a22e-8e4367ef475d> 0
263 0 <urn:uuid:2f5ca1a7-617f-4ade-9519-d14c80a6f96c> 1
255 0 <urn:uuid:4bd77c4b-5201-4aa5-9b2f-ba3f591d62f4> 0
265 0 <urn:uuid:76133c90-f2d0-41b2-a9b8-4a0c9a29aeb9> 1
260 0 <urn:uuid:8820349d-88b1-41a3-ad46-a21a7ad31054> 0
252 0 <urn:uuid:e730419c-ffe1-40a2-aa5b-3a54da89beb6> 1
282 0 <urn:uuid:73fcbf29-c4f4-4b56-b55f-2df254cb96cf> 1
268 0 <urn:uuid:bafac91f-f96f-4bdd-a173-0f6d2e29c874> 0
270 0 <urn:uuid:edfb059a-991d-4c1d-92f4-c50639aec3c2> 0
256 0 <urn:uuid:33b9f889-744c-4767-be15-9d37ec7b2ded> 1
272 0 <urn:uuid:231c2b56-f194-475e-842b-684a7a5d2df2> 0
300 0 <urn:uuid:a30e9e47-6e1a-4003-b126-40859c7d0b8b> 0
260 0 <urn:uuid:9318dc0b-ca52-42df-85f0-c9500fb628b6> 0
287 0 <urn:uuid:76236c0e-0748-4512-8f55-7c38e8f2b4ab> 2
261 0 <urn:uuid:09b7a348-90a9-4c43-a353-88d61765aebb> 0
256 0 <urn:uuid:92ab0a56-35f6-4e04-a5d6-7a83fb0a4c1a> 0
282 0 <urn:uuid:f1416cf5-13cf-4314-80b2-c626004bc199> 1
269 0 <urn:uuid:2dcf93a2-b051-4d96-83c7-3f8d8049da71> 0
284 0 <urn:uuid:866a7e76-21e9-4c76-b26c-8022461fddbd> 2
271 0 <urn:uuid:73ef9bf7-f5e0-4210-9757-58c63b748c7d> 0
276 0 <urn:uuid:3c188f56-f60c-4055-a7af-84ec0b1a0284> -2
260 0 <urn:uuid:b904ddb4-c383-426c-b71c-fc95ef5895bc> 0
251 0 <urn:uuid:687bd15c-eee8-4e4d-9764-c272da65e1b0> 0
294 0 <urn:uuid:20bf75fb-73ae-429a-97a0-772e210da23d> 0
286 0 <urn:uuid:0a5c95ea-de48-4c0d-a83d-711da77f7831> 0
297 0 <urn:uuid:5cf17a3b-16f5-4452-8be2-7444b1ec87e8> 1
277 0 <urn:uuid:7a16957a-8837-4afc-bbbd-ebef23fe1da6> 0
277 0 <urn:uuid:e86d5f76-bd20-4711-b81e-e53be2957a33> 2
277 0 <urn:uuid:8dc300bb-cd12-40f7-a672-edd68a00ddd0> 2
257 0 <urn:uuid:30a68e31-56ff-4157-a920-659c611e7acf> 0
257 0 <urn:uuid:8d8ee41f-62ce-4ac4-99f8-4c14a37dd1a9> 0
260 0 <urn:uuid:a795b12b-9be2-444e-ae69-0771168cef3a> 0
261 0 <urn:uuid:e62c4ea6-0ec9-4d97-a5cb-810b734fae8a> 0
273 0 <urn:uuid:e4c3e998-8c06-4e67-98d4-cd94123bb259> 0
279 0 <urn:uuid:afec4502-7ea8-49cd-b3e6-4847f8cee428> 0
264 0 <urn:uuid:7c65ca4b-4d66-4166-86bf-f3a69535fa64> 0
283 0 <urn:uuid:0c7b989d-7fbe-4083-a20b-aff768da5535> 3
297 0 <urn:uuid:f95cce1b-7d06-47e4-809b-1279b93c0bc2> 1
297 0 <urn:uuid:22238f74-1595-4fcf-8e7d-50f721fc4100> 1
256 0 <urn:uuid:dfbcd116-a02c-4aeb-8e76-98236d760110> 0
252 0 <urn:uuid:c8018638-abc8-4207-97f5-4e8d7d96183d> 0
275 0 <urn:uuid:20dd630a-8397-46a3-a93e-861edfef8a8e> 0
294 0 <urn:uuid:27cf2afc-55f7-4d38-8075-d0c882e7e444> 1
293 0 <urn:uuid:8da36ff3-c9b5-4fef-8395-e4a997f5a59f> 1
286 0 <urn:uuid:e96605c5-6eda-4f9d-b4da-e105b258e17d> 2
280 0 <urn:uuid:dbf5bca5-502e-4c75-b388-9655946b7740> 0
277 0 <urn:uuid:746868bf-bd49-48b8-9159-231e3cb9c94c> 2
277 0 <urn:uuid:c048fdcd-6bc7-4964-9164-f0238a4eaf7c> 1
261 0 <urn:uuid:b05e8e21-661e-4b3a-9de7-126b86157795> 0
294 0 <urn:uuid:95d8ea3d-acd7-417c-a3a4-0ef56eae3cf7> 2
276 0 <urn:uuid:d268c367-825e-4ad6-8548-8fcd3ba446f0> 1
263 0 <urn:uuid:789a997e-f0f3-4a64-af3a-d069d86a10c1> 1
283 0 <urn:uuid:ac1786a7-2b26-41f9-8001-cc73a5d3fa0c> 0
277 0 <urn:uuid:f03ca1b6-155a-4cbf-9e86-0f3acf8b419b> 0
263 0 <urn:uuid:8a792080-287b-47f6-bce9-8431c8b5c13f> 1
264 0 <urn:uuid:60eb66d8-2883-4831-80a7-c15d4045f5b5> -2
260 0 <urn:uuid:0eb8a467-925d-42b3-8b22-46479f628190> 0
259 0 <urn:uuid:1f3c49d7-e6df-4e21-9ab2-ac172955db61> 1
298 0 <urn:uuid:35643f42-ab00-4fb0-a0e6-f90d67844c3b> 0
283 0 <urn:uuid:e96e2068-ce0f-411f-9211-f7e59583d15c> 0
270 0 <urn:uuid:b0ade27e-83e5-46d2-9ede-0ead6e287e06> 0
252 0 <urn:uuid:d8d1b9c5-6412-41a6-acc1-ecbbf81d143d> 1
284 0 <urn:uuid:7ad5c7c3-71a6-42d0-9ee5-cd97a5afbaef> 0
279 0 <urn:uuid:1a7a2169-efb5-4f08-9f60-824e44ab6af8> 1
286 0 <urn:uuid:f32ff7dc-832c-4634-a1b5-4b402c766250> 1
266 0 <urn:uuid:f0e6276b-a1bb-449e-a289-e83a2121de31> 1
287 0 <urn:uuid:4ec66050-8f2c-4322-9810-fb3bbeed34ab> 3
251 0 <urn:uuid:9dd557ec-c95b-4961-bd36-a9221c542551> 0
258 0 <urn:uuid:f0208305-2a0e-46e4-9add-d6e73d41da60> 0
265 0 <urn:uuid:cbe564ab-1a96-4203-bb5d-156e5f397108> 0
260 0 <urn:uuid:a007ba19-9892-45e2-81ba-51f0420ba69f> 0
261 0 <urn:uuid:09b550d2-8ac3-43ac-a8df-896dfa4133cd> 0
279 0 <urn:uuid:cde7ac53-e172-487d-9e40-15f7987d5cb7> 0
279 0 <urn:uuid:9150fa0d-f2dc-42be-99b4-a18ed87cad59> 0
267 0 <urn:uuid:56dd6e49-5fe3-4ee9-9553-c7f351b5eca3> 0
260 0 <urn:uuid:f101dce7-4685-4c36-9c04-a7146be1e5ff> 0
265 0 <urn:uuid:67c08f4c-9100-4642-83f8-7cb03c45e4cc> 0
253 0 <urn:uuid:d973da54-b16e-4243-8e70-30694af05d00> -2
291 0 <urn:uuid:024b98db-bae6-42be-a2e0-eaee33786111> 0
289 0 <urn:uuid:da0079c0-786e-4a9d-9174-f19eb84e30ba> 0
286 0 <urn:uuid:576b8eab-fcb0-4ac7-aa26-10d5556fe2f1> 2
284 0 <urn:uuid:6556fb23-eece-42b7-8efa-e5e3b1361090> 2
294 0 <urn:uuid:7f2def72-e3f1-48ad-84af-821cd3ea6767> 2
300 0 <urn:uuid:4a08d637-c568-4add-b3ad-8e6f194a12dc> 1
264 0 <urn:uuid:b408a59a-231c-453e-85ed-ccf44257d97a> 2
274 0 <urn:uuid:74573c59-516c-4e5b-a3f6-551eba047c1d> 0
251 0 <urn:uuid:bb75aef8-b500-4d50-baad-c52af43ab481> 1
292 0 <urn:uuid:118fa04e-37f3-4e9b-9c00-f157039417b1> 2
268 0 <urn:uuid:375955c1-e951-44a3-ba2a-062a6003ea97> 0
284 0 <urn:uuid:33ccb03a-fa79-42e4-b386-2a988bb8b5d3> 1
277 0 <urn:uuid:3659d19c-4af6-4327-b3b9-ed870959c828> 0
283 0 <urn:uuid:fb2484d8-c0a1-4210-9df2-09eb77ace5e7> 0
286 0 <urn:uuid:1d8d87f2-91fb-45d4-94db-e63d2de6d72e> 1
283 0 <urn:uuid:d3b8a90b-957a-4de5-be02-c6ad498f9afe> 0
284 0 <urn:uuid:28827f1d-ff2f-43e0-aa5c-fe250058b636> 1
276 0 <urn:uuid:14cdcb29-0a00-4ca6-8204-f0e5b7eecbfd> 1
294 0 <urn:uuid:afd99ac5-9f44-4678-bc1d-91c27e81942b> 0
251 0 <urn:uuid:a6a1c010-0dcc-4556-9ab0-9bf57292d651> 0
281 0 <urn:uuid:75df9138-2d14-4757-8454-37da1dd28d4a> 1
270 0 <urn:uuid:fc9c71b9-9339-4fe5-8b09-2d6520631337> 0
287 0 <urn:uuid:6a30503e-8206-4e97-8cbd-e204ca471ec9> 0
300 0 <urn:uuid:c945467e-ba9e-4e9c-ac12-10c6e8410aba> 0
265 0 <urn:uuid:263c941c-2eb9-4134-83b2-f793f8538803> 0
282 0 <urn:uuid:51f2ecfc-8ac7-4e3e-a5ec-bf91b5a1355f> 0
272 0 <urn:uuid:8649480d-e3bb-4132-b769-76bddf431afc> 0
270 0 <urn:uuid:fa51aee7-a363-4744-922c-13f45c2615e8> 0
263 0 <urn:uuid:6d6cd70f-e751-42a7-96d2-f50bcc306261> 1
263 0 <urn:uuid:d932c860-109c-474e-9c9d-03242b36af88> 0
286 0 <urn:uuid:87e44e14-9be5-489f-844c-0926f71de63d> 0
277 0 <urn:uuid:a1d1fcfe-891d-4bd3-a9c7-68dde06fdc67> 0
300 0 <urn:uuid:07deabfc-5526-4824-9cec-13a01d02bbd3> 1
296 0 <urn:uuid:d21d6896-6e9f-412d-9ffc-ff2a711f2593> 2
253 0 <urn:uuid:192c9d6e-9327-4e43-88c6-c491367a4296> 0
297 0 <urn:uuid:27b9615b-ccba-434f-aa0e-247b5f89910b> 1
279 0 <urn:uuid:1bef1186-1feb-4243-8aaf-eb1328fd699e> 3
283 0 <urn:uuid:56f2b190-1a2f-4f6d-8c18-ff7a9d8d691b> 1
253 0 <urn:uuid:67cd49df-e768-45b8-99e1-769b3c721394> 1
291 0 <urn:uuid:61820d66-5721-48f4-bc8d-e554cd51c929> 0
282 0 <urn:uuid:380ecf1b-ef7e-4370-af1e-215344b33115> 0
286 0 <urn:uuid:766799a9-837b-4aa2-8d24-9a2039b84639> 0
280 0 <urn:uuid:f162d656-f5b6-44a6-a88b-ef8d0215c602> 2
263 0 <urn:uuid:07498ce5-a02f-41fa-8815-8dab24ffc6e2> 0
296 0 <urn:uuid:719cc1e8-a1da-42e5-abc5-7455f46ab0a6> 1
254 0 <urn:uuid:6905bf67-83e1-4249-b190-6faf159ce75b> 2
300 0 <urn:uuid:4423c44c-a485-4f59-96ee-ab24fb18e2ee> 0
290 0 <urn:uuid:e96ecc89-f524-4203-b81a-ec1558861e48> 0
300 0 <urn:uuid:755df320-f819-4a17-8e14-010596abba96> 0
272 0 <urn:uuid:53c2c77b-dd2e-487a-b673-793f7eab68f9> 0
284 0 <urn:uuid:184043b2-b68b-4e87-9f41-8ddda6b5bfc6> 1
254 0 <urn:uuid:4e436a5c-aa63-4101-a88d-11c8496ead13> 0
291 0 <urn:uuid:97f4ba8b-d3c2-453b-b73f-2f59be0b9e6c> 0
263 0 <urn:uuid:f968d7fb-bb8d-4754-bc49-a9ff313b5f4d> 1
284 0 <urn:uuid:919f4bf1-c38c-412b-b821-a9d8df8238c3> 2
251 0 <urn:uuid:49866de4-75dc-48d8-a40c-d22990534b78> 1
255 0 <urn:uuid:8625a521-f4b1-4c8a-b1ff-a728060aff54> 0
265 0 <urn:uuid:8c7b4902-dbaa-499e-91b2-2c3d9e2ad317> 0
274 0 <urn:uuid:a11f9c4e-0ed4-4920-8103-25106f7bbfd1> 0
277 0 <urn:uuid:9524649e-38ed-45c5-b9d0-50e6c994d832> 0
281 0 <urn:uuid:895077b6-9281-4430-b39b-8091010abc1f> 0
251 0 <urn:uuid:6775d2b3-2581-4364-9b70-878333ca11ea> 1
279 0 <urn:uuid:66eb38ab-c3aa-43f7-bc52-2f76c867b242> 2
256 0 <urn:uuid:ed51cb23-a01e-453d-b494-615509d24787> 0
258 0 <urn:uuid:900aa0d7-58fc-4fd1-b07e-ded7f6684829> 0
257 0 <urn:uuid:6417cb2e-674d-44d2-b68e-41a5f8093f97> 1
291 0 <urn:uuid:6cebbe40-47e2-4472-a099-ae7f875e1388> 0
259 0 <urn:uuid:c399accd-cf15-48bf-83ea-e3c40fe76a5b> 1
264 0 <urn:uuid:ade920ff-54c2-4d39-98dd-489c5e525b14> 0
256 0 <urn:uuid:393c0c2e-28d9-4b8d-ae34-84cd9dbeba8d> 1
275 0 <urn:uuid:992d2851-ec9d-46dd-b24f-41b69d562db3> 0
257 0 <urn:uuid:0096621c-8208-4e16-a593-bce98e16a447> 1
263 0 <urn:uuid:b923e265-a65b-4a00-b8ef-e730e582fe2b> 1
288 0 <urn:uuid:00a406d1-f4a2-4c4a-beff-a7d43580bc89> 1
286 0 <urn:uuid:4cc16263-e120-4da2-b6e9-8a236f8934e6> 2
293 0 <urn:uuid:674852ec-f7ff-49ab-a9dd-ad47ceee4db5> 1
266 0 <urn:uuid:34d21eec-32de-4cb4-9307-12501bd9a2eb> 2
295 0 <urn:uuid:99b9ad6e-77f4-4162-ab86-7e1ac440d8e2> 2
286 0 <urn:uuid:1c6e61ce-0b98-4dc8-941e-97d0fc418043> 0
291 0 <urn:uuid:7328e9e6-702b-42f1-b515-32952854f264> 0
263 0 <urn:uuid:1073a59b-ad72-4de7-9666-ed09e198eb80> 1
288 0 <urn:uuid:75c98dca-df74-4229-8cce-fce9f42148e1> -2
288 0 <urn:uuid:dc77750b-a813-4a15-a48e-a591b4c6ecaa> 0
252 0 <urn:uuid:c2993d99-4f03-47cc-a7c0-02414ba85eba> 0
300 0 <urn:uuid:debaa41b-f108-43b1-91d1-c1d0e713253d> 0
297 0 <urn:uuid:93fab164-8723-4d28-b68d-941a548f1be5> 1
264 0 <urn:uuid:b858af39-cc35-40fb-88d7-d68730e89acb> 1
263 0 <urn:uuid:21d13848-ad6c-4166-bfc0-fe175f095040> 2
296 0 <urn:uuid:6bc92ab6-a297-4cce-acd6-e2e9683a989c> 1
253 0 <urn:uuid:b3a0c041-5ee8-4220-b6fb-38e862bd59af> 1
263 0 <urn:uuid:d381c9cc-4cd7-4410-9b37-8652c5d4fe9c> 1
254 0 <urn:uuid:381cc5fe-6766-4afc-9f04-64fa90a176cc> 1
284 0 <urn:uuid:05a5ae00-6876-4dd1-9b08-f4078084185e> 2
283 0 <urn:uuid:961c9369-e9ca-43df-8338-889c6094d1ee> 3
265 0 <urn:uuid:014dc3b1-2018-4a58-a4af-313a2ff408ea> 1
300 0 <urn:uuid:e21a6d90-a4d5-4f9f-95f1-d10e383d3155> 0
254 0 <urn:uuid:622aa84b-763e-4ee9-88b1-9fd871c80abf> 1
267 0 <urn:uuid:d2e7e47c-6151-4e3c-b369-1c383804fdf3> 0
283 0 <urn:uuid:f38489da-8e01-4428-947f-425a209d402a> 0
298 0 <urn:uuid:8ae28e89-fac2-4ed7-87fc-9feda840cb3c> 0
277 0 <urn:uuid:8034ad7b-e934-43fa-89b6-b04731492280> 1
294 0 <urn:uuid:729131f1-2535-4bd5-9b6e-4290014ddd14> 1
297 0 <urn:uuid:d9cb8134-e305-4fb0-9ae0-2f6432b11dca> 0
263 0 <urn:uuid:b98dea2b-94ce-4f81-b5cd-545f95770ad7> 1
279 0 <urn:uuid:738be6c9-1011-4937-ba68-2961378c801a> 1
274 0 <urn:uuid:9cc7179c-6818-43dd-9b6e-c98be35c861e> 1
293 0 <urn:uuid:ca4fd563-78a3-402b-8f36-f583cce6ec52> 1
300 0 <urn:uuid:95a3389e-b25e-4384-9c04-1a052bea5027> 0
259 0 <urn:uuid:326c3fbb-a30d-428e-bc78-1fe4f5a12a4c> 1
279 0 <urn:uuid:2de93632-e7fb-456b-8920-5b82a58e1fc5> 0
277 0 <urn:uuid:40bc6390-f3c8-4665-8bc9-1645ab838b1b> 2
290 0 <urn:uuid:7b3a60bb-c7ef-462e-8f6b-4340f592f326> 0
255 0 <urn:uuid:1d37ed92-ba67-4479-b893-bc43bf455ecb> 0
256 0 <urn:uuid:cd321e29-0cc4-44f4-982d-39af52c7d3a1> 0
265 0 <urn:uuid:cda3381a-5dcf-4000-b516-465082ba1b9c> 0
264 0 <urn:uuid:2adfca96-f3f6-4e9a-9750-2074cd516d85> 0
269 0 <urn:uuid:66788c4c-c069-4a9c-98d6-3ae25764f742> 0
263 0 <urn:uuid:20e02866-3a53-4704-902a-6572b89e2e58> 1
284 0 <urn:uuid:e6f97724-15ba-43eb-9fc4-8eef408e867f> 0
282 0 <urn:uuid:2afc32bc-09a7-470f-a7fb-6c650bfb9ea7> 1
264 0 <urn:uuid:b1379935-9df2-42d4-8547-637870182010> -2
288 0 <urn:uuid:45cef2aa-fb9f-43fe-9347-971c17653de0> 0
286 0 <urn:uuid:636ceb36-a63a-4237-a77c-7fb5e868d688> 0
296 0 <urn:uuid:9dd6c078-c341-4808-9c22-e7134cdafbf8> 1
263 0 <urn:uuid:60b78fb0-f2ed-463d-9ff1-4b07ce54f9fc> 0
269 0 <urn:uuid:3ca7cc62-e293-420c-8c42-ee3afc6e2de7> 0
284 0 <urn:uuid:922eac23-a653-4ca4-ad30-e5478afa7eef> 1
284 0 <urn:uuid:9cd3f21b-b881-413b-b78e-c54d0c26a553> 1
284 0 <urn:uuid:0b0d9e55-eae4-49b9-8983-9541cc94779c> 3
284 0 <urn:uuid:5ee21861-03c7-412f-811e-9d75ab834f26> 1
255 0 <urn:uuid:302870a9-031d-47f6-948d-144af689bfc6> 0
264 0 <urn:uuid:d5603d80-ab63-4801-a380-1e9f3231bec2> 1
272 0 <urn:uuid:a82ca73d-7664-4e8e-94e2-d49e1757cb2e> 1
298 0 <urn:uuid:0d32620f-9576-42ea-a4c0-2df617ef3c84> 1
297 0 <urn:uuid:e2787c06-eae3-4fde-b06f-9052199a66e8> 1
259 0 <urn:uuid:8ca31489-1ee0-4d4e-937e-7f175f89cd9e> 0
295 0 <urn:uuid:1b841776-bac5-4c4b-bf11-b6359fa5bfe4> 0
276 0 <urn:uuid:02b716f6-0351-4518-b13d-667218574800> 1
251 0 <urn:uuid:e5118dff-742a-430a-9fbb-fbc9a1ae6d43> 1
266 0 <urn:uuid:bc048580-a220-41e0-994c-8b093507af93> 1
263 0 <urn:uuid:fe55d3f8-700c-4eb8-854d-592031449d36> 1
266 0 <urn:uuid:e4bd72cb-177f-47a1-8588-c824d7db620c> 2
288 0 <urn:uuid:369dfca3-bc17-42b2-928e-d6cfa5cba1f2> 1
284 0 <urn:uuid:30668431-c818-4f05-b674-61b817cb7c49> 1
286 0 <urn:uuid:9c63366b-9f10-4f16-81c9-2a0af14e6efc> 1
259 0 <urn:uuid:723ff9ef-3955-496f-be60-19318e03b1db> 1
289 0 <urn:uuid:5e9cf400-7ad6-46e6-9beb-c1501f5cbbe7> 0
286 0 <urn:uuid:4355b768-a874-4ca4-8534-ca431b2f6839> 1
271 0 <urn:uuid:16d07fd7-7767-4ff7-947b-230e21c4ef6a> 0
290 0 <urn:uuid:32bf7d93-2e55-499e-999c-593ff0252b15> 1
259 0 <urn:uuid:fd5d7b49-88c1-4213-b078-62ac2ddae828> 0
293 0 <urn:uuid:866e6d39-858f-4c1a-bfdc-8b3e7d6e70ba> 0
282 0 <urn:uuid:71602a39-f6e5-4531-90ff-492fcf78709f> 0
282 0 <urn:uuid:7c3fac6d-3a32-4c56-8aa9-d161e7d65ef0> 1
277 0 <urn:uuid:1b2a8af0-6c4f-4d98-b0cf-a42dfea97682> 2
279 0 <urn:uuid:5d5a3541-74d3-42f3-85e2-59e3e2e5b726> 1
272 0 <urn:uuid:f43ee090-88a2-4b7e-baa1-b7c29a99c465> 1
264 0 <urn:uuid:6bec6bf5-ec64-4000-a3df-d1409f75c42c> 0
259 0 <urn:uuid:bd82ac3c-81e4-4066-9621-1a1895468a0a> 0
294 0 <urn:uuid:946e2586-759a-480c-ab54-ff692983e682> 2
300 0 <urn:uuid:c16a6475-ab01-4d50-b572-3037c73169ff> 0
290 0 <urn:uuid:e44530a3-f3b9-444c-a789-7d195d4a25fe> 0
280 0 <urn:uuid:e3c2dc3f-262a-4f7c-b190-33f88f28808c> 1
277 0 <urn:uuid:b4957659-e42f-4e58-ad78-361317e0daea> 2
251 0 <urn:uuid:385340e7-a6e2-445a-aabd-876a694e2602> 1
263 0 <urn:uuid:491750ae-e085-4f45-9568-6c55f36b586b> 2
284 0 <urn:uuid:1122e862-1dbb-443f-9adb-de6efe9e4b62> 1
263 0 <urn:uuid:ee29937a-d9d5-4aab-9524-f9c082f27786> 1
263 0 <urn:uuid:f5f8cf93-0482-4beb-8dd2-71fa8e0cad20> 1
279 0 <urn:uuid:877728ed-9276-449e-b46a-4a7e4a3e4be3> 1
251 0 <urn:uuid:5b4a77a3-18ee-4837-92da-a48d913b3e8b> 0
264 0 <urn:uuid:5761b6e6-e0f1-4d76-8764-39d4035ff57b> 0
265 0 <urn:uuid:652eeaaa-2975-439a-95be-03f8cde05848> 0
275 0 <urn:uuid:1c155cae-f8fe-4db7-ac3a-e65054200988> 0
286 0 <urn:uuid:6e48d34c-917b-4aed-9c90-02668e8eff48> 0
284 0 <urn:uuid:d54d2fb7-a7dd-46f1-9381-c8b3f3450ac5> 2
253 0 <urn:uuid:0e9860ba-8d90-46b6-a58d-46d29d97ed85> -2
286 0 <urn:uuid:6b01cba7-a221-40cc-9a42-f2dd0509140d> 0
280 0 <urn:uuid:ed8c085a-5eb7-41ce-bf56-778321d0b5d2> 0
256 0 <urn:uuid:a1798bde-1da0-4ab6-948f-2a6bd5d997c8> 0
263 0 <urn:uuid:d92d0cfa-2768-4427-b254-4f85d321524d> 0
290 0 <urn:uuid:9b932af7-acec-45fd-9503-5564786aeea8> 1
256 0 <urn:uuid:7b2a78a6-e987-49d0-b311-1b8e019ebf42> 0
270 0 <urn:uuid:29649662-4dea-4916-8b27-d0db968312d3> 2
277 0 <urn:uuid:8b89dd45-097a-4d50-94a5-110f5b3b39c2> 0
277 0 <urn:uuid:2d841eab-f9d4-4813-98c7-35912d5c619a> 2
280 0 <urn:uuid:15a1a046-aab5-4690-aa7c-ba348dd72b06> 0
254 0 <urn:uuid:593d4ae1-8193-4cfe-8f35-c8f32eefbfae> 0
279 0 <urn:uuid:b541fb2b-c9d5-4102-907b-519b9ef431fc> 0
268 0 <urn:uuid:6f076ba2-6b17-416c-aa2f-813cc401b916> 0
276 0 <urn:uuid:8f55bb1b-8ba4-4ce4-bdf4-9cd950c22223> 1
294 0 <urn:uuid:1c03f501-8ce2-47c8-85ae-84accfdae564> 2
282 0 <urn:uuid:a17bb10c-963a-48c8-92da-d196c3e33c23> 1
271 0 <urn:uuid:d7906f71-bf9d-45b3-83a6-021e8e32aa27> 0
251 0 <urn:uuid:3ccd92d8-7ffd-4401-a562-151ce93dcdaa> 0
270 0 <urn:uuid:bdbf02b6-241f-459a-b176-028124474fdc> 0
264 0 <urn:uuid:1a475225-b97f-492e-b193-3ecb5a10ee86> -2
282 0 <urn:uuid:54493eba-de2b-4a5d-b111-39261a462a66> 1
251 0 <urn:uuid:e79b3d66-566d-453f-a25e-c344683234a9> 1
260 0 <urn:uuid:dc688362-23cb-4329-9e10-0e7a1a2e6568> 0
263 0 <urn:uuid:9c405eaa-ca3b-44ed-abc0-8bb96dbb20c5> 1
287 0 <urn:uuid:418935dc-6e9e-4072-b31e-f7b880d9d991> -2
260 0 <urn:uuid:5fc770a0-ee96-4ae0-a1aa-b7fca0af5846> 0
256 0 <urn:uuid:7dbaf7c2-f16f-4cd0-a826-923d2b22201a> 0
277 0 <urn:uuid:4cffbe1d-cb78-4480-8e1f-c5451ea685f4> 2
273 0 <urn:uuid:4015cd01-ab49-4924-b69e-521f9ab72de2> 4
286 0 <urn:uuid:71d39152-8545-4b1d-9185-2808f6e4745a> 1
278 0 <urn:uuid:2de9107e-6c5d-4de3-8452-9db7b37a28d3> 0
292 0 <urn:uuid:ec63c669-3d2f-4cc3-857a-73e2efc24ae2> 1
285 0 <urn:uuid:25fbbe62-0a3a-4f21-b991-d85a6489ba8e> 2
256 0 <urn:uuid:4cfa5501-7aaf-47d1-b5ce-f3afa385a98b> 0
284 0 <urn:uuid:9667d60d-5bb6-4823-96eb-250d3a21132c> 1
262 0 <urn:uuid:462e96cd-1e5d-49c6-bc6b-8d056fbe637f> 0
294 0 <urn:uuid:4756b637-a455-42dc-a821-c525b893f72c> 1
279 0 <urn:uuid:3d627936-690e-4fc2-8968-7f1ecaa763e9> 1
298 0 <urn:uuid:1f4cb932-fa59-4e6c-9016-6d273def4155> 0
260 0 <urn:uuid:a7033386-62cd-4b26-8c80-ad9347384f0b> 0
280 0 <urn:uuid:ded1c4b1-893a-4c31-b8c4-111911d931f7> 0
254 0 <urn:uuid:e861fb35-9536-4241-8b45-92f1673083a1> 1
297 0 <urn:uuid:6dd068bf-ccd1-4b2e-932a-d1c733bb545a> 1
296 0 <urn:uuid:10f3370e-0718-4018-9b4c-b433f2eebab0> 1
252 0 <urn:uuid:86ea969a-2940-49f1-b394-e69499178c7b> 0
291 0 <urn:uuid:7b80d22e-1538-461e-ba38-c5cf9dc27928> 2
264 0 <urn:uuid:17a709b6-a148-45d5-8f68-b12b0bd2798c> 0
279 0 <urn:uuid:4e3bf384-5894-4948-8806-8b85c60c4fc6> 0
298 0 <urn:uuid:29f70fc9-5639-45c7-9f3b-77ca2bded0bf> 0
279 0 <urn:uuid:d0855641-abe0-4eef-877c-78f84e945c00> 0
263 0 <urn:uuid:ced7cb93-5b94-429c-a4dc-0f560dfcc16d> 0
294 0 <urn:uuid:8c7c5d2f-48ba-4a17-81fc-db9ac4f4720e> 1
260 0 <urn:uuid:ece0a396-3ace-4c06-b00b-8ea83bfaae3f> 0
252 0 <urn:uuid:0062b75b-4d53-441a-86f3-d1362fcce911> 1
261 0 <urn:uuid:2beac7cd-02b4-461b-9c68-7cdadf0a411f> 0
271 0 <urn:uuid:9bff62db-0599-4e87-b92f-9f7f3652b5c2> 0
251 0 <urn:uuid:91719d04-f146-4dd8-93f2-12c721bd8967> 0
265 0 <urn:uuid:ddd40502-e126-4eb6-9211-fff61ea4f555> 0
251 0 <urn:uuid:7981b669-d59f-4271-a9fe-4f81cfcc4c32> 1
284 0 <urn:uuid:df7e2a5a-924b-429d-9cac-e1074ca96c20> 1
293 0 <urn:uuid:f8af88c0-7cc3-4c15-8751-f5bb78a3ecf4> 1
263 0 <urn:uuid:f5a057a3-236c-4fbc-b7a8-74f6b5395a28> 1
256 0 <urn:uuid:06da222e-b384-428f-9065-674a3d726715> 0
278 0 <urn:uuid:97c4a7cc-f552-4f60-a6d4-0b915ac154e5> 0
266 0 <urn:uuid:5a5dd316-9ed9-4d7e-9294-715830b4f329> 0
261 0 <urn:uuid:c5bf7363-b5ec-49de-ae62-8975cd97ccb4> 0
251 0 <urn:uuid:24944a57-40af-46ca-bd57-77db29209cc6> 1
259 0 <urn:uuid:ca685c30-2249-427f-b622-a392c3ca31b7> 1
256 0 <urn:uuid:1f08f5af-bdff-440f-8bc8-04d2dd2b76ed> 0
264 0 <urn:uuid:31764794-a6b5-455f-b4ea-33df334191e7> 0
298 0 <urn:uuid:4adfa23d-0674-4d6e-95b2-4fa00a860bc6> 0
261 0 <urn:uuid:aea3a2ab-5f27-4153-acb8-30dc564cf926> 0
251 0 <urn:uuid:c9c076bc-1931-43cb-a90f-3048c64fad26> 1
285 0 <urn:uuid:0522bf9b-2f1e-4162-81ea-ef297342b3b4> 1
251 0 <urn:uuid:1c409354-1752-4010-9bed-54815df31214> 1
288 0 <urn:uuid:fc3522c9-bb4d-435f-b74b-715d097368c5> 1
300 0 <urn:uuid:4340ad72-ea04-4f72-bad3-b112de2c8efd> 2
285 0 <urn:uuid:2fc77a24-74b9-4dcb-ae96-517141b82a09> 2
264 0 <urn:uuid:4eecf0ee-40d1-4fb4-8965-e3b45be005bb> 0
291 0 <urn:uuid:9c9e2809-743b-4f3e-8d63-c14254039bee> 1
275 0 <urn:uuid:1ec8cc2b-d7db-4554-86b3-965ef89998d9> 0
251 0 <urn:uuid:65771439-80c0-400c-95aa-930e20384ec8> 1
280 0 <urn:uuid:b33ce6c1-62d1-491d-ba8d-d3409f0faa0b> 2
255 0 <urn:uuid:a654d51f-cd43-4394-8eb1-787d6605b4e3> 0
277 0 <urn:uuid:6c184917-2647-44f6-9afd-0698ac6c65d2> 0
280 0 <urn:uuid:2b2cbde6-3ad7-4cdf-8b1d-1efca177b609> 0
280 0 <urn:uuid:75623483-900b-4e9d-bcb3-5ceb36ed07cd> 0
280 0 <urn:uuid:c742bf81-30bf-43d3-86e5-88b8cc3eda36> 0
257 0 <urn:uuid:f09600b4-a3ad-47e2-a6b6-7bfdb5bb76a3> 2
265 0 <urn:uuid:e84851c8-e538-44fd-9147-b9989fa67276> 0
280 0 <urn:uuid:dd96194d-7480-4bd7-b84b-e9ada4b42b1f> 0
280 0 <urn:uuid:4ec67483-9f0e-424f-a7b7-63c6b3adf52e> 0
280 0 <urn:uuid:64809194-af41-453c-9c89-cd33537a2819> 0
280 0 <urn:uuid:c62cebdb-6a23-48bf-8b94-f2612aa08f58> 0
276 0 <urn:uuid:893155f6-cc8a-4ee0-a727-ccfda79c354d> 1
264 0 <urn:uuid:58f81090-3e4c-43ea-b88d-9ef0f58945e4> 1
263 0 <urn:uuid:8badfbce-cecb-462e-acfb-b92ae27b93b8> 1
263 0 <urn:uuid:19865163-a33c-4ec4-b1fa-4c6322909b98> 1
276 0 <urn:uuid:e023cb8f-ae81-488f-bd16-334a14f33c48> 3
263 0 <urn:uuid:acfdc1a3-b006-4611-998c-84fba1d42f2f> 1
263 0 <urn:uuid:4c798f08-81f4-4835-9f26-052c8ed29f57> 1
251 0 <urn:uuid:ccba5b0b-1185-45c6-b641-90a26914d2dc> 1
276 0 <urn:uuid:85a45a96-bde9-449b-a98c-b3ccecf94ef6> 1
291 0 <urn:uuid:a568af1b-3bc0-451f-9adf-2848b77bdecd> 0
285 0 <urn:uuid:3a69dee6-dd72-42c5-834d-f7eef0ed56ea> 0
254 0 <urn:uuid:4d8c8ec7-4b14-4f4b-8793-e8a8b22d8cab> 1
268 0 <urn:uuid:25a0eb6a-1317-4fa8-ad80-976f9e8b5b57> 2
263 0 <urn:uuid:2c6b674e-a21b-4cf4-aa31-fbd322227ef7> 1
295 0 <urn:uuid:bbfd987c-8ab6-4279-8d1e-d30350fdbf22> 0
254 0 <urn:uuid:eb88f786-3458-4d25-b41d-e737f949910c> 1
254 0 <urn:uuid:ae9e22f3-40a5-4c6e-8096-68e9031b48d4> 1
285 0 <urn:uuid:1df83485-0c6d-4e0c-be50-753b6e6dcf9b> 3
253 0 <urn:uuid:414280f4-2967-40d1-b941-87809bf7ad36> 0
286 0 <urn:uuid:1b852e74-87f8-4e34-989d-a36588daef57> 2
277 0 <urn:uuid:c06a9edf-e849-4a68-a6d6-8ae42d738799> 2
272 0 <urn:uuid:82d5fade-61ef-4d27-8574-fcb3ff092375> 2
263 0 <urn:uuid:09140511-2f03-43b7-a5bd-e51514034353> 0
272 0 <urn:uuid:9ddaac97-2df7-49b8-a3a6-2b5195ba807e> 1
272 0 <urn:uuid:6128af58-8fc8-42c3-a72c-f54ff674b04f> 1
272 0 <urn:uuid:5be890fd-5f57-42d3-ac5a-4c4f56968e14> 1
284 0 <urn:uuid:6f02f056-7e62-4340-8583-476c09df553b> 1
282 0 <urn:uuid:5ff1769e-17a0-414b-a2b3-7f81e2992839> 0
262 0 <urn:uuid:7903a28e-2d2d-43c1-b062-607b6e580bdb> 1
270 0 <urn:uuid:9ad5aecc-dda8-467d-bae4-2794f121a9ff> 1
272 0 <urn:uuid:ba2ab17d-c57b-43ec-898a-7e7e0ae47afc> 2
286 0 <urn:uuid:4eee6e88-1dfa-4d22-89eb-8e2d3c392f08> 0
253 0 <urn:uuid:9789953c-505d-467d-b977-e6b488e28fe2> -2
265 0 <urn:uuid:19c19cc0-6b15-4dbf-b5e7-c9b437454daf> 0
254 0 <urn:uuid:e331ae5d-6243-4896-964a-cfb652d9ee15> 1
287 0 <urn:uuid:833a714b-7272-493b-9d2a-9d2fdf291d9d> 0
285 0 <urn:uuid:b0267d43-3caa-4906-9675-4a6cf2f206ea> 1
284 0 <urn:uuid:8d5b1b9a-240e-4950-8036-8a8749df556a> 1
266 0 <urn:uuid:bf559e89-a2bd-4440-a067-6608d131beaa> 2
288 0 <urn:uuid:fb8953dc-da59-4e00-99a0-bc05d400d7fe> 0
256 0 <urn:uuid:86055af0-f85d-4945-8aeb-2cbf178351b7> 1
277 0 <urn:uuid:78e21bb7-f6c5-445b-9a32-79eab7278641> 2
297 0 <urn:uuid:f52ea4b1-aabd-492c-ab6d-3ea067c40b19> 1
252 0 <urn:uuid:37b9b092-c733-43ac-9ea5-cfd7320fe8f8> 1
265 0 <urn:uuid:368003fc-0b07-476b-8b85-18df4b76a22a> 0
284 0 <urn:uuid:9c760c8e-9e94-45d2-bf85-e2bfc15c75dd> 2
285 0 <urn:uuid:ed70c5fb-999a-49e0-841f-df18c3190774> 3
258 0 <urn:uuid:dca938da-3220-45af-b9c6-1a135ad5ee90> 1
286 0 <urn:uuid:3920ecf4-41ec-45ab-bb2b-b4b9641e8050> 1
252 0 <urn:uuid:c91ef3c0-1240-4bba-bdcb-c03af33ee6c0> 0
297 0 <urn:uuid:e7fb32e9-f44d-4726-a47a-4a265de41656> -2
275 0 <urn:uuid:f0765034-2aa3-4908-b71f-3d2fd255ae66> 0
263 0 <urn:uuid:ec154f02-14f5-41ec-a7ca-56e3c13616bd> 1
298 0 <urn:uuid:e0483ae2-1e29-4483-930b-df2a21b6a422> 0
286 0 <urn:uuid:63d38326-2650-4e41-bfdb-e8fa9882aa1a> 0
251 0 <urn:uuid:6b516bb9-4535-41fb-879d-cef8a3afe702> 0
272 0 <urn:uuid:106aaa1d-2e14-435f-9446-8da71c33248c> 1
261 0 <urn:uuid:2413dba6-0dbc-4843-bcd2-e4a4b7f94ec6> 0
271 0 <urn:uuid:2c0c305b-f5e4-4975-8aa2-2fe7eef64f15> 0
277 0 <urn:uuid:d32a78bb-7e2e-4630-96f1-9b107d7edf7d> 1
278 0 <urn:uuid:555f9a23-8c92-49db-8906-dbc5a066e5bf> 0
277 0 <urn:uuid:a8d009ef-4c04-420c-8a86-250dc966bf0c> 0
259 0 <urn:uuid:f9df123e-c654-45f7-b84d-6f91a41b7930> 0
251 0 <urn:uuid:37faf03d-abdd-483e-aeaf-5cb2831f9b4d> 1
282 0 <urn:uuid:3c5d1670-c437-44fc-bca2-cdb48ab8480c> 0
257 0 <urn:uuid:08f4697f-f9bb-4a89-8491-a12d414c0f15> 1
267 0 <urn:uuid:85f3c1aa-6e8d-4ebd-b6fb-fb9328c67adb> 3
261 0 <urn:uuid:c5e733d6-05f9-4cf0-a425-e6f884d57295> 0
269 0 <urn:uuid:614f0020-b50c-4b83-bf3d-23bd02da670c> 0
266 0 <urn:uuid:3ad8d62a-d556-413a-a987-15e15d0a5a86> 0
300 0 <urn:uuid:dc077c9a-74fe-4612-b7ad-30231c8f6111> 0
254 0 <urn:uuid:308d3843-6f24-44bb-9aab-712baf2ebee7> 2
300 0 <urn:uuid:4205b1cb-0f05-4fdc-8169-6c9dac7fb381> 1
266 0 <urn:uuid:28c8f08b-e7c5-46c3-a4f8-58906db2d1d9> 2
282 0 <urn:uuid:bf991556-ad53-423d-97be-b723984e4f90> 1
294 0 <urn:uuid:b08b59fa-92e1-4206-bb5a-90d281fd9de6> 0
260 0 <urn:uuid:189037ae-53d3-4cb3-a80b-9d1af757f0c6> 0
264 0 <urn:uuid:f17a7e93-ac2d-4751-a04b-3c691bfe283e> 2
286 0 <urn:uuid:790a7a95-ef84-4b19-be95-a89caa254c3b> 0
264 0 <urn:uuid:16927b05-bb53-41f0-8ef4-a4e16bd3c717> 0
265 0 <urn:uuid:08de3e9c-a2cd-4624-bc6d-ac0a763da0f8> 0
286 0 <urn:uuid:f8caa5a0-2874-43c8-af76-590b3ec21520> 0
256 0 <urn:uuid:8ab73a52-82d4-4b7b-83b9-313781f525cd> 0
260 0 <urn:uuid:540cde84-30e2-4666-9d50-91e3faebd4f0> 0
255 0 <urn:uuid:b9143ba9-4884-48f1-9c13-6ed4361f15a8> 0
261 0 <urn:uuid:39f3c99f-ebe4-4815-8c68-7d7d7e457116> 0
265 0 <urn:uuid:b742a542-bb4f-4d2c-9c90-eb8de78b5c83> 0
292 0 <urn:uuid:62fb3174-fa08-49f7-839f-26e02a1f5b15> 0
258 0 <urn:uuid:1f8b70e4-bc91-4fc7-8a1a-954609632f67> 0
279 0 <urn:uuid:94e1c29b-a506-4b06-9536-1cb0d8d50419> 0
279 0 <urn:uuid:9e086fa5-3e40-4143-9a94-04bce56f486e> 0
289 0 <urn:uuid:f1bebbe6-91f5-4120-8287-c3c3990beca6> 0
300 0 <urn:uuid:0aa5b21f-78bd-4d80-bb24-250f02534e3c> 0
263 0 <urn:uuid:38977ff5-51fd-47db-acb7-67e2bd45bbf0> 0
261 0 <urn:uuid:22ce88a3-2d9b-4bf3-bc46-c54b8a80c18c> 0
284 0 <urn:uuid:aee4756f-2f87-4c10-9e48-eb4fb9d21164> 0
284 0 <urn:uuid:22dd9e43-5f70-412b-83e4-9070579e8149> 0
276 0 <urn:uuid:867f721e-e0f3-47ca-a5c7-ff407a949c99> 0
263 0 <urn:uuid:6afb975b-1d83-425b-8504-c11336cb0f85> 1
279 0 <urn:uuid:0b89aa0b-6e63-4a51-b4be-30cdd648bb89> 0
291 0 <urn:uuid:28a6931f-7afd-4003-85d6-db4bde02cc0f> 0
272 0 <urn:uuid:34ff15b4-005c-4539-be37-890fa6e0a780> 1
285 0 <urn:uuid:e7d205fd-a7c4-480e-bd8e-9fdcbf592e98> 1
294 0 <urn:uuid:cf02fc68-b661-41dd-9493-29bfa7fa89f5> 0
294 0 <urn:uuid:59a26dec-b6e0-4004-8fe6-bdfebc805b30> 0
269 0 <urn:uuid:d08e4fa8-1aa8-459c-b379-4321ecd17271> 0
275 0 <urn:uuid:cf132667-dc5a-4e10-a3e5-29076a452b56> 0
251 0 <urn:uuid:5edff34a-2964-49cf-b1ea-acaf946258a8> 1
294 0 <urn:uuid:3ff4c7ce-a7ad-4f73-9de9-8f16acc384e2> 1
263 0 <urn:uuid:11e57522-52c8-4da4-ba29-8e78c429a834> 1
258 0 <urn:uuid:94066188-dd88-4214-884d-7abd94aeb65f> 1
265 0 <urn:uuid:da25d9f0-b8d8-4506-bb1b-3a04b0661244> 0
272 0 <urn:uuid:63e1b0bb-edc2-43a9-97d6-08ee881eeb95> 1
266 0 <urn:uuid:0a35d668-94e6-456a-86c7-fe6d8a2811ba> 1
256 0 <urn:uuid:79cfc4f6-cfe1-41a6-9e36-4ce89e22e829> 0
294 0 <urn:uuid:411bb014-d6b8-45bf-a7da-ebed66d3f411> 1
294 0 <urn:uuid:9d86cb41-91f0-4464-b4a4-d219695c2714> 1
286 0 <urn:uuid:8272ff63-2230-4b4a-a77d-bc1a9617f491> 0
286 0 <urn:uuid:54b164db-bf11-4117-9b74-0d848972e9e7> 0
274 0 <urn:uuid:e9d1d77a-397f-42e7-8f27-98aeaef5b0d6> 0
277 0 <urn:uuid:5d61a287-9577-4f69-8383-c8340af3ff98> 3
278 0 <urn:uuid:2b99cd2a-15d9-4f49-9364-61ea5d5f2b78> 0
261 0 <urn:uuid:737853fb-e609-468d-9f53-db4ddde7548b> 0
260 0 <urn:uuid:1870f1fb-1efb-44d3-8507-c9edba2c6972> 0
282 0 <urn:uuid:82ccf022-5e19-4acb-ae61-c0cbb22a26a4> 1
258 0 <urn:uuid:7139d480-2b4e-411f-b74a-203db83d22d4> 0
269 0 <urn:uuid:0e950751-25a5-4ba4-b566-a5e93fe2a71d> 0
291 0 <urn:uuid:8526403a-9642-4f5b-8bc0-9020df84592b> 1
258 0 <urn:uuid:6285d080-b9d9-48bc-ac39-574b6c4005d3> 0
279 0 <urn:uuid:e171c709-40cd-4311-9e88-48c50979bbc4> 0
279 0 <urn:uuid:c01c3b0b-ccef-4fa3-9adc-b64e71c3d367> 0
279 0 <urn:uuid:4f666994-721f-4afa-928a-17058369d475> 0
280 0 <urn:uuid:ce89519e-857d-40f5-81d3-01e0898498f8> 0
280 0 <urn:uuid:bdc7f1fb-2bb5-46de-8fcc-42ac8744971f> 0
253 0 <urn:uuid:ecc46375-32eb-43c2-a531-cf751291bdea> 2
273 0 <urn:uuid:cd690f29-e84f-4ec1-8578-820368e3f136> 0
288 0 <urn:uuid:a9c9e0d3-178b-4da7-b849-7ee05278597c> 0
275 0 <urn:uuid:7d9d9841-d484-4c52-ad73-3a470a8dac57> 0
300 0 <urn:uuid:2aab695f-47f2-429c-bda5-f1feef7c71f0> 0
264 0 <urn:uuid:cc2c1bde-147f-4afc-897e-bd0d132b0e6f> 0
275 0 <urn:uuid:4d61ee13-4a11-4dc4-8cce-767377180dc8> 0
273 0 <urn:uuid:49b0f3c3-c6b7-4a48-bb30-29cfe7c9ef90> 0
258 0 <urn:uuid:fe2017e5-48f9-4af8-8d72-470de847efc7> 1
279 0 <urn:uuid:cb757d08-03bc-4b30-bf66-d5808b5a949c> 2
297 0 <urn:uuid:cdf82206-9d1c-48c7-860b-4284b35b8796> 1
300 0 <urn:uuid:f0dd59a3-4747-4403-b0b2-5b30228e2e02> 0
263 0 <urn:uuid:24b7fd25-3253-40e1-a73e-06d8b63e7e26> 1
263 0 <urn:uuid:45444c8d-5da0-442e-88f2-2a93d5a2499a> 1
252 0 <urn:uuid:88b8a832-bc71-4699-8cca-60bdd77df4d7> 1
252 0 <urn:uuid:e5874799-76ef-46e3-aeb3-f0ca2b643d3a> 0
282 0 <urn:uuid:98ac6a79-8659-4045-b236-b2d2b384fd4b> 1
263 0 <urn:uuid:1044e86a-a2cd-42d4-9b68-08775a079698> 1
272 0 <urn:uuid:49d2c7ea-29e4-4e27-8301-1eebb73a8f2d> 1
261 0 <urn:uuid:407b9253-b128-4968-a3ed-ce89503ffef9> 0
269 0 <urn:uuid:9568134a-f261-4cc1-9983-140ba7c4f519> 0
276 0 <urn:uuid:3d66e050-d79f-4516-a722-291d6f93f1c0> 1
272 0 <urn:uuid:f73ee484-f7ac-467e-be11-339ba7adf7f2> 1
300 0 <urn:uuid:8a554bf2-bddd-464a-9e80-1a1b33f3989b> 0
291 0 <urn:uuid:627b2d50-c4fb-43a7-8bf3-3238aef91bb3> 3
282 0 <urn:uuid:c77aae7f-89da-42ca-ba2b-6c1854b9363c> 2
300 0 <urn:uuid:d22712dc-b50e-4826-a812-eddd5e0a1f4b> 1
273 0 <urn:uuid:34c637c0-7e72-4982-81cc-2956f0ab3499> 0
274 0 <urn:uuid:2b0f73d1-2640-47b9-8b92-7e78c8b8c56e> 0
258 0 <urn:uuid:d1207e47-0f3a-43d5-ada0-6d425ceee06a> 1
258 0 <urn:uuid:bf7c4cc8-122b-4220-8804-e67abca52024> 1
284 0 <urn:uuid:255b2469-1d85-4ec0-954d-88aeb18b4a44> 1
297 0 <urn:uuid:f9dae715-388c-48fd-9f0d-a31af0e6845e> 1
294 0 <urn:uuid:5c1bfc68-a8c5-4590-9d70-3ad0f10e4616> 1
294 0 <urn:uuid:3cbebd6f-fbcc-4324-94d3-ad650aa6deb5> 0
271 0 <urn:uuid:308e0c5c-bafa-4dc3-8ca2-1d6d8d46a078> 0
263 0 <urn:uuid:369d8f69-6046-4666-9402-0169ea4f9d8a> 1
282 0 <urn:uuid:2b46b17f-4f50-48bf-b87e-fe9545b1dca4> 0
298 0 <urn:uuid:5360cd5a-1701-4fe8-9f6e-0f2772411e7f> 1
265 0 <urn:uuid:cb506706-8e1f-4c4e-9fcd-2a9299668b74> 0
254 0 <urn:uuid:b008ea14-baa3-441c-9339-befe5e7dbc65> 0
263 0 <urn:uuid:2e1a3e43-45b3-44d3-b7fc-62029883bb1f> 1
266 0 <urn:uuid:f4f49238-98ea-4eee-8333-82d75df26ae0> 2
276 0 <urn:uuid:a36d000e-46a4-4b3d-ad4e-16591c8a5c97> 0
252 0 <urn:uuid:7e410107-a2d5-4b1e-9152-c48e8c5574b3> 0
283 0 <urn:uuid:9fda966d-3325-4bcb-9f69-0256e1034667> 1
273 0 <urn:uuid:fff5c123-21e6-486d-9071-de15ed1063fd> 3
260 0 <urn:uuid:e6bae8f0-4e00-4d90-a771-976babb75add> 0
276 0 <urn:uuid:782fd7d0-94f3-4029-8741-46a466a615e7> 1
275 0 <urn:uuid:5c4e2541-ea98-4cc1-8532-a9170e09fb32> 0
253 0 <urn:uuid:a8241f38-4770-40a5-ac00-81287d9d91ef> 1
265 0 <urn:uuid:3c3e28fb-7718-4047-bd3a-c2543695b87c> 1
300 0 <urn:uuid:f7d9452c-e9f3-4521-88da-06030bd9a818> 0
267 0 <urn:uuid:232e093f-b6f3-4789-a410-263a33a781d3> 0
279 0 <urn:uuid:b9fb1f63-3b4f-4501-bf18-864d74dd7e35> 0
269 0 <urn:uuid:2ad85540-ce75-4c66-a242-6e78f70730c5> 0
259 0 <urn:uuid:cdf9735a-9216-4c89-9e09-f3e04a3a30f3> 1
300 0 <urn:uuid:ffa662f6-7fa8-4ac8-a8ed-de80d11ded94> 0
297 0 <urn:uuid:c9cb96b6-13d6-4a61-81a4-b509491e8ba5> 1
263 0 <urn:uuid:aa6d5bfd-923d-4567-b443-700c19dced62> 0
284 0 <urn:uuid:4b3ea2c1-65b3-4fc2-ac6b-d5644adac326> 1
296 0 <urn:uuid:3eb9423b-a413-4d8a-b3a7-dc01a2844fc7> 1
286 0 <urn:uuid:79493ea1-23f2-4e3e-841a-a79a0443a2ab> 3
300 0 <urn:uuid:71e4570c-719c-484a-a2a4-c0c75d5d8447> 0
264 0 <urn:uuid:c2efcdde-4965-438b-8d89-1e57bc08ff5b> 0
281 0 <urn:uuid:5cefc61b-642f-42eb-b42a-dcd8e8031540> 1
251 0 <urn:uuid:c75cf325-55ea-45e6-b4e2-e9da698c7d53> 0
277 0 <urn:uuid:98f8e4ac-2a39-4c1a-a734-2be7f162b7b4> 1
300 0 <urn:uuid:5e61d639-32d7-4c57-ae58-82f03dbadbed> 0
286 0 <urn:uuid:785cec31-e504-4eeb-a57d-6b3691aa012b> 0
293 0 <urn:uuid:73e1a31b-b9ac-49c6-afe1-c54aaee08ddf> 3
264 0 <urn:uuid:4c046fff-9ea8-4a21-aecb-a7d9ae2436c8> 0
260 0 <urn:uuid:f4380dfa-2712-48f9-9d29-57421db153d3> 0
259 0 <urn:uuid:0584724f-0ad9-4c39-9259-f49d24b4a6f1> 1
293 0 <urn:uuid:0cc959d0-0aa4-4e6f-be72-6f2b714092b0> 0
298 0 <urn:uuid:18a7af46-bc1e-4e76-ac2f-612d03f0b8ff> 0
253 0 <urn:uuid:67b291ec-ffb6-47e9-827d-b8f8159d5264> 0
284 0 <urn:uuid:0081b120-ec30-4fa9-911b-b71f032eb809> 1
271 0 <urn:uuid:94cf74fe-ddd6-4b48-bedf-bc8e68feaabb> 0
281 0 <urn:uuid:c7f6d85d-885a-427e-a86d-0f23d0052088> 1
281 0 <urn:uuid:dcc0d366-76a0-4a24-83b1-9f7522c4f442> 1
280 0 <urn:uuid:41451ec0-6cc2-4e72-ab40-a09e6565d895> 0
274 0 <urn:uuid:d0f6e8aa-73cf-4806-9f1f-4df40430949b> 0
269 0 <urn:uuid:0a37fdf9-3682-4649-995a-b7c0f8a53e15> 1
259 0 <urn:uuid:0c3a1347-0b79-41c5-af33-89a1166d1af1> 0
288 0 <urn:uuid:0badc819-a47f-4589-a072-1f4f31ad0fe4> 0
282 0 <urn:uuid:f7537203-8120-4509-a4ad-6b21fbe5e850> 0
276 0 <urn:uuid:654830e1-e1c8-45c1-9fcd-d84c6c7be29b> 1
266 0 <urn:uuid:45ecad38-9dda-4954-9a53-4181bc5ec1d0> 2
259 0 <urn:uuid:819fe398-6d93-4995-b5df-e8e691fcdb8f> 1
283 0 <urn:uuid:20787e53-ae40-4f49-ac96-64f94e6d9602> 0
277 0 <urn:uuid:6e99a0b5-d151-4f10-8c45-0b2b8c72214b> 1
276 0 <urn:uuid:620a7dc6-b28d-46a7-8082-5a0def3bbce0> 0
260 0 <urn:uuid:5c5e3b93-d85a-4768-9343-5cd85b826688> 0
294 0 <urn:uuid:52a14c9d-ba80-4bc7-8396-42d1d60a9b42> 2
294 0 <urn:uuid:a47de4bd-b1ba-4e6c-b38b-0de79aa0c7a2> 2
273 0 <urn:uuid:3c6873af-8e85-47cc-afab-d98aaeb0292b> 3
294 0 <urn:uuid:5430ce89-e137-4aea-b06d-59ad899ca882> 2
294 0 <urn:uuid:5274d341-810e-45e2-950b-b2d9e425d57d> 2
263 0 <urn:uuid:89b298c7-1b27-415a-a3f2-052e3d3c9baf> 1
269 0 <urn:uuid:ebcdd5a5-54a0-4e33-9496-dcda3b824a9a> 0
297 0 <urn:uuid:58ed30a1-ac5f-4c9e-8ce2-a6d11b083402> 1
290 0 <urn:uuid:7e62958c-4f72-4f02-9e27-cac689cdeec5> 1
260 0 <urn:uuid:7d7e600a-78ca-4bde-ba16-eda4c156efd5> 0
284 0 <urn:uuid:913a7b82-1967-4964-9882-8ab58a5131c0> 2
264 0 <urn:uuid:c0325804-8e24-4c08-b5ed-081922e710be> 2
253 0 <urn:uuid:e0eae512-0a03-438d-b877-55c331538778> 1
282 0 <urn:uuid:4780095b-13f0-4121-aef0-49241890f7c5> 1
260 0 <urn:uuid:1d30fbd4-119c-4fe1-8a7e-5ba15daac565> 2
282 0 <urn:uuid:2db16b56-334b-449d-b2f3-d9ab0d0117a7> 1
296 0 <urn:uuid:f8219ce7-d711-48a1-a8a1-aef40648b67b> 0
288 0 <urn:uuid:775ae1cb-e54e-49bb-873a-f184e5d029ab> 1
260 0 <urn:uuid:d299f0e6-31ba-4451-8b54-760638d136b2> 0
277 0 <urn:uuid:de7498cf-1bbe-442c-9f20-61302dbd9c38> 2
281 0 <urn:uuid:a2fb7d3b-76e7-431e-b73e-97d71ce02895> 0
275 0 <urn:uuid:c8462021-2120-4981-b5d4-737b7e19e5ba> 2
286 0 <urn:uuid:ebf78306-9007-406e-9cb6-28102e1287bd> 0
271 0 <urn:uuid:83431fea-f795-42b9-b4b0-303c19d4d604> 0
284 0 <urn:uuid:e8f782cf-7316-49b2-8c41-d8eacdbe5662> 2
263 0 <urn:uuid:2ce3d92a-d0da-4149-a806-2a90a0691b5d> 0
277 0 <urn:uuid:6f81ebf9-dcba-4e0c-8363-307037526cbd> 2
272 0 <urn:uuid:861ff41a-170d-4d28-b867-a3f58be2cd94> 1
264 0 <urn:uuid:02eaf238-67ad-4c2a-bec7-a091ef367f1d> 1
251 0 <urn:uuid:c75d00ab-06e8-45c2-b336-617ff8214bcc> 1
258 0 <urn:uuid:e1455d12-7941-4047-917d-244d9586aa98> 0
260 0 <urn:uuid:abc8b251-5664-484b-bc75-345b63ec4b65> 0
276 0 <urn:uuid:020a495a-bcbb-44d2-b04b-101e13d12e58> 1
282 0 <urn:uuid:2f505e57-bc49-49ca-bc1b-fa718f19b1a4> 1
276 0 <urn:uuid:e0569704-4955-40ab-8647-1e815b387c48> 3
255 0 <urn:uuid:b1efece3-30df-40fa-81a9-7ebf3be88af5> 0
274 0 <urn:uuid:ad1033bf-0929-4b60-82b8-d8d1b9ad43c1> 0
270 0 <urn:uuid:93ea11f6-52e9-4af1-8c51-3616acd11895> -2
294 0 <urn:uuid:561f0e11-5702-4b54-8b6d-4818795f068d> 0
296 0 <urn:uuid:deaabe8f-8c94-4d5a-814a-483dbe13fa2f> 1
278 0 <urn:uuid:e3ef2f2b-9346-482e-9e40-a48176107b17> 0
276 0 <urn:uuid:b600f39e-3fc2-451c-b95e-95a268021c19> 1
294 0 <urn:uuid:38edc07d-55d9-4495-a106-0b574a7a42de> 1
277 0 <urn:uuid:af29776c-5bab-4000-b0a2-a7c94f3be1b3> 2
273 0 <urn:uuid:06763b4e-3d7b-405a-a73a-3c4166d41030> 3
282 0 <urn:uuid:86cccf03-3ff0-4ec9-bc99-81bd6d61e528> 1
260 0 <urn:uuid:2aba34c2-c6eb-40e2-be5b-296417dec63c> 0
285 0 <urn:uuid:4d74260d-e6ed-4fa4-9906-53d16ad1fbd3> 1
293 0 <urn:uuid:3fbe8f54-33c9-4fd3-a184-552b10003904> -2
298 0 <urn:uuid:eb7cfd37-6ec5-4183-b8cb-157e23812e39> 0
263 0 <urn:uuid:0758e669-12d2-44d4-aca1-18b903ed82f6> 1
285 0 <urn:uuid:f429cf8b-4969-4050-a80b-fc02443b15c3> 2
264 0 <urn:uuid:bba8496f-a787-4836-87d9-ef3f5f21eca5> 0
251 0 <urn:uuid:38fe3625-dc22-4a58-b87e-47e711b939b0> 0
257 0 <urn:uuid:52a733e1-5e88-4e86-b5df-e7edde9de259> 0
258 0 <urn:uuid:8cda0791-aef7-4d41-bbf9-6532981e4f13> 1
283 0 <urn:uuid:25e7d85c-5565-428f-9671-e6c8f3fdefba> 0
280 0 <urn:uuid:414ad525-bbc4-4d0d-93ac-618af476da89> 1
295 0 <urn:uuid:2dcd4ca1-89a9-4a01-a70f-67b51e131355> 2
265 0 <urn:uuid:e93a6576-df52-4a3f-890a-d4d91b628f66> 0
282 0 <urn:uuid:1dd1e815-3694-4048-b5e1-d992053fc4d1> 1
282 0 <urn:uuid:423a53aa-2c26-4b36-bc90-a10fb2768a7f> 1
300 0 <urn:uuid:7747391c-46a6-4b63-a3ac-ef0dc050949b> 0
272 0 <urn:uuid:26b4c5c7-18d5-4bdb-94bc-0b1c6056caff> 1
272 0 <urn:uuid:3894c0e2-de94-4efe-846e-022e95c0c7a5> 1
277 0 <urn:uuid:e49c6870-594f-47c1-a69f-721ee02a3c66> 1
290 0 <urn:uuid:c746eb5d-bdd7-4430-a0e6-bf86aa459923> 1
259 0 <urn:uuid:1b004288-56a4-431c-9d01-9c0610a44db6> 1
288 0 <urn:uuid:be3afb20-0f7f-46a4-82ed-75b5a7075c01> 1
278 0 <urn:uuid:1db8a89e-1bed-4da0-8c8f-033222992f7c> 0
264 0 <urn:uuid:069cc20a-13d7-406f-9d0c-0536d446dd1c> 1
281 0 <urn:uuid:f31fc8ed-ff27-4f6c-adb1-99c6c33eee55> 1
260 0 <urn:uuid:ae986ee4-e444-4343-99ef-187ebcf02127> 0
278 0 <urn:uuid:ae280fe3-460a-47b2-ab8d-e266d9e739b7> 0
300 0 <urn:uuid:11aa8905-9e11-4864-93ca-98cf4f371d47> 0
264 0 <urn:uuid:d2165b3b-e91c-4e97-bafe-32330f9fc7d7> 1
262 0 <urn:uuid:f6249b2d-626e-4434-a294-d449d4d93f29> 1
268 0 <urn:uuid:13f5fce6-6d76-4118-9ee8-b737015b4dc4> 3
285 0 <urn:uuid:61cde4d9-efe5-441f-8ac0-9bb06c811cb6> 2
280 0 <urn:uuid:90f9ee05-af38-4d93-89fb-141458d9d2e6> 0
256 0 <urn:uuid:56d2cad6-feaa-4436-a285-1bad79ab23a2> 1
272 0 <urn:uuid:63817f37-2cf2-4aea-a4e0-4aea56b5c10a> 1
286 0 <urn:uuid:a6c4f669-1d7c-4dd9-8bf9-62d541101924> 0
278 0 <urn:uuid:a7ee8e3f-0d5c-4976-a360-6370d334bb60> 0
275 0 <urn:uuid:f93c4697-2372-4c6e-a249-d22fcfbe6e4e> 0
258 0 <urn:uuid:3bbc4383-6b1c-441d-ae24-c67294e5ed8c> 1
277 0 <urn:uuid:ec64b80a-98e9-40ce-b454-678473f433d4> 1
254 0 <urn:uuid:096d4cab-c600-47a9-b387-b22d6421a9bc> 1
260 0 <urn:uuid:01ec0fd3-75de-4ace-8498-abbc1468294e> 0
263 0 <urn:uuid:5b577ec4-5e8c-4ca0-91b4-00e316ff8cc0> 0
263 0 <urn:uuid:d6a79b6f-f193-45a5-b698-a9cd88ac7a3b> 1
260 0 <urn:uuid:8689262c-d64b-49ff-89b5-68f77b2b9c4f> 2
260 0 <urn:uuid:bb304c06-2748-441b-956d-469a275c8400> 0
285 0 <urn:uuid:f14b4962-fa72-4ac2-bbfd-fc403bed99b7> 2
277 0 <urn:uuid:c3380f28-3cff-425c-bf49-f1731748e344> 2
258 0 <urn:uuid:4e3cb270-daef-4736-bfc9-c55d20868577> 0
259 0 <urn:uuid:bd981d28-ad25-4f60-9b14-7618606de2bb> 0
258 0 <urn:uuid:c1f0a821-ce5b-4bd2-9234-736b3278be1a> 0
297 0 <urn:uuid:ffab7468-963c-4c47-b41f-b3b1e50672b8> 1
263 0 <urn:uuid:809f0680-724b-424e-8ed1-5a3bc4e53095> 1
272 0 <urn:uuid:52f17f9c-243b-458d-9d3b-9781f53b3365> 1
263 0 <urn:uuid:380bec87-a720-4def-96c4-415ae63275b6> 1
255 0 <urn:uuid:835aedbd-f1c3-47e2-88e0-cc5b556cdb3f> 0
280 0 <urn:uuid:006d663b-27f3-4ce5-9a75-21f64af59599> 2
259 0 <urn:uuid:9f269344-c5b6-44ae-bfb5-b0b7dcf866aa> 0
281 0 <urn:uuid:87cee284-a118-4035-94a9-79ec471f6965> 0
268 0 <urn:uuid:89106d91-a4ed-4cac-b527-53c1d033ec2e> 2
288 0 <urn:uuid:a11966b3-45cb-4c82-be12-733b3bc20add> 2
260 0 <urn:uuid:c91c94bd-f120-4450-a233-b8e3ef53c4ca> 0
256 0 <urn:uuid:932adbd2-f055-4e79-9ef8-cf8962781184> 0
270 0 <urn:uuid:38bd9554-4bcc-4bb0-be61-1c8821a07996> 0
286 0 <urn:uuid:06fce7e8-0abc-4ba6-a632-3a0f011d61ea> 2
288 0 <urn:uuid:db709445-250a-4302-8690-f589b71ba215> 2
280 0 <urn:uuid:a2f17ab8-1f94-44ed-9677-f903f3464bbd> 0
277 0 <urn:uuid:00d37d8d-4967-43fa-a6ed-05a795b182d0> 0
282 0 <urn:uuid:fc149967-0abd-4c6b-b5cb-a562909763bb> 1
263 0 <urn:uuid:706471e8-dc69-436f-972d-68fc12526ae0> 0
267 0 <urn:uuid:12e34e02-9eba-442f-877b-cc65a9e4b5d0> 1
278 0 <urn:uuid:c13e10d7-4b01-4498-8ec8-29ed186f481c> 0
294 0 <urn:uuid:29a502e5-85a2-4c76-a022-8a0dc34857a2> 0
287 0 <urn:uuid:881e2f89-7e24-442f-88bf-cae0d37fce6b> 0
294 0 <urn:uuid:7c64260a-0429-46f9-ac36-6393bd13395d> 0
300 0 <urn:uuid:4c6fffa6-60e2-4097-a4a0-eceebd569adc> 0
277 0 <urn:uuid:a15f86d2-6a39-487c-ac3f-b2b137d569ea> 0
286 0 <urn:uuid:62fd16b3-4d32-4495-9b58-2f0ff289cad5> 0
251 0 <urn:uuid:8df1ba0b-6a07-4f14-9a2d-1d8ec1d941bd> 1
252 0 <urn:uuid:342138b6-c62c-4f12-b15e-3a4cbda87843> 0
261 0 <urn:uuid:f2bc0bb0-5ab9-49b8-8745-d0707297760f> 0
254 0 <urn:uuid:b1c1ed9e-50d5-43d1-af5a-69ee1766fa64> 1
282 0 <urn:uuid:955bc541-8b67-445e-8e4a-00e1d41bb861> 1
285 0 <urn:uuid:1701a2af-27b8-4350-96f9-15ffccdb675d> 1
279 0 <urn:uuid:ccbaa062-0acc-4f58-873c-d64d87e951b0> 0
282 0 <urn:uuid:5c37db20-218a-4819-9ad8-e0d9481de6e4> 1
279 0 <urn:uuid:d5a5ede2-96e9-42b7-9737-1c0a0549d27a> 0
281 0 <urn:uuid:68b974e7-887d-4994-af9c-e5665454e6f9> 0
284 0 <urn:uuid:c9d24a74-5685-4371-acc9-8fc5e3669c8c> 0
264 0 <urn:uuid:8633d5f7-0762-44e4-95fb-dfffbd6ce615> 1
256 0 <urn:uuid:6b7ea98e-1bc8-42a3-8451-0a083f8fc1ce> 0
273 0 <urn:uuid:fdf062e1-1cf5-4934-b242-787b9c348506> 0
275 0 <urn:uuid:5706bb3c-7156-4625-9647-c505d0237561> 1
265 0 <urn:uuid:047981a6-0f25-46fe-879d-7495c4dcac46> 0
298 0 <urn:uuid:8c516eb3-4d28-4c84-9dea-3a100878e8c3> 1
269 0 <urn:uuid:a12720d8-41b9-4076-a22e-e3bc2ee120a1> 0
286 0 <urn:uuid:55e27059-f070-40a7-95b2-52a734333b0c> 0
300 0 <urn:uuid:14dc6f32-e2ed-4ef0-b305-678373accc6b> 2
284 0 <urn:uuid:6a3e187b-fe83-4b68-a158-712814fd777e> 1
275 0 <urn:uuid:5a165dcd-03e5-445a-ab70-36c08f766575> 0
263 0 <urn:uuid:67965967-733d-431e-a292-20b7009f39df> 1
273 0 <urn:uuid:b4502cd8-3f1c-4ddf-8c2c-b21cd73ad8c5> 0
275 0 <urn:uuid:4a0361bd-f1df-4db8-8cce-e373ce4902b0> 0
266 0 <urn:uuid:4658d7ff-4ead-4d12-a161-419f4f1ae924> 2
256 0 <urn:uuid:801f4c0b-1fa6-439f-b728-5c555faaf120> 0
263 0 <urn:uuid:349b19d5-0e39-4a94-9611-8554e9d3bdb0> 1
263 0 <urn:uuid:91465e6e-dddc-44db-adb4-65ad0a8b8ce4> 1
266 0 <urn:uuid:28f85192-b9a4-4170-ad20-e98f2a1c87f5> 1
257 0 <urn:uuid:ebf01249-278f-4549-9f7e-1b7697f9efaa> 1
294 0 <urn:uuid:91053023-2e40-49a9-b9df-9c7371eef029> 0
251 0 <urn:uuid:ffab22bc-67a9-46b4-a980-eac10d0b76a5> 1
300 0 <urn:uuid:92a18919-678a-4eb4-9442-15326f92c3a3> 0
264 0 <urn:uuid:47b6684a-22ce-42e0-be8f-acca073705cd> 2
294 0 <urn:uuid:01070ca2-5d09-4d04-827f-21f415ecb848> 0
264 0 <urn:uuid:e3b54bb4-20a2-4854-b253-3dfe3d0b4b6c> 0
288 0 <urn:uuid:e92e90fa-5fd7-4b31-b850-d13999bba26e> 0
293 0 <urn:uuid:e7364e17-af37-49df-b354-3e07c3fdf2d1> 1
287 0 <urn:uuid:b000ac91-7fc4-48f1-b0cf-bbc393ace63c> 2
281 0 <urn:uuid:661e131e-c6db-474c-a802-ef79f4840c86> 0
280 0 <urn:uuid:0da6c05c-f21f-4502-838a-243ae6f38b0a> 0
274 0 <urn:uuid:05869661-ce48-4983-8eb1-e4953424cdae> 1
279 0 <urn:uuid:dbb92b74-930a-4e36-bb15-b83df0c3abf7> 1
294 0 <urn:uuid:64ff1f4a-5b5b-4b20-8b35-9e1811095ae4> 0
278 0 <urn:uuid:4ef72d81-295b-4737-9202-56258b419526> 0
276 0 <urn:uuid:e9e0d34e-8a23-4028-b3c5-4614be25c86d> 2
259 0 <urn:uuid:78027e10-5280-46da-81d5-28273b476e1d> 0
280 0 <urn:uuid:0511b640-4204-45a2-b128-ced591264b47> 2
288 0 <urn:uuid:da4bf297-de2a-4c94-b81c-b88b34d97a1b> 1
273 0 <urn:uuid:ffe283bc-fb6e-4e22-825d-a010e50fcc23> 3
271 0 <urn:uuid:ec4a605e-479f-48db-8c38-f37b5555e11b> 0
298 0 <urn:uuid:6ae7e392-4b66-46db-a320-0062a95fee57> 1
276 0 <urn:uuid:1510d2cf-338b-4cdd-a500-a078a4f1cf45> 3
256 0 <urn:uuid:2ff80698-310d-4d8c-96c0-ec7164427e50> 1
260 0 <urn:uuid:4dea1e11-b5ba-47b2-837b-84d66837f44d> 0
294 0 <urn:uuid:0664a2d2-1ea3-42fc-be1b-4f23d00d2e57> 0
252 0 <urn:uuid:645874c3-f6f2-42da-b0aa-e325dd858c29> 0
260 0 <urn:uuid:eff273cc-2e4e-43fe-92b2-77c10597633e> 0
296 0 <urn:uuid:e0afc0af-da71-40d8-9bfb-b6a7b6c3ec60> 1
294 0 <urn:uuid:4d534706-c256-4b1a-847d-7e8c78845f0b> 1
293 0 <urn:uuid:beb7d903-2c53-40a4-9954-31d61118c40e> 2
288 0 <urn:uuid:cc1e035f-008b-4e88-9c0a-187fcfff8ae2> 1
279 0 <urn:uuid:63aefc29-7235-454e-ab2e-6479b14d39af> 0
300 0 <urn:uuid:acda2a23-4ba7-475a-909c-47dcdc3b3942> 1
264 0 <urn:uuid:4c4fc225-1648-4aa6-aebd-16d9ce0ba1ef> -2
279 0 <urn:uuid:6c83d597-fbc9-44cc-95f7-68f9cd443a89> 1
300 0 <urn:uuid:96d2b225-0f83-475f-bb54-1fdbab29bf68> 2
282 0 <urn:uuid:5b631674-96c7-4a47-90b7-fe6bca974eb4> 1
284 0 <urn:uuid:4c92a4ee-a550-47e9-a790-b9a7d76b5eb5> 1
276 0 <urn:uuid:c6c297fe-ef94-41c6-91cc-27eed3ecf1d4> 2
264 0 <urn:uuid:8431120e-13c9-43b7-83ee-6024dff825cb> 0
286 0 <urn:uuid:0402d565-0199-41f7-b670-4f6a5179816f> 0
253 0 <urn:uuid:2276a53a-3f8f-4f57-b039-b43ed6554e70> 0
300 0 <urn:uuid:b96f2aa7-cfa2-470c-8571-4950ab1c6bdd> 0
256 0 <urn:uuid:edd17fc5-0f29-4bae-b2d5-dfa41e2108ab> 1
256 0 <urn:uuid:64243773-014f-4561-9948-2356573a6d63> 0
263 0 <urn:uuid:2dc34802-f1fb-40a2-8d14-5988b7166628> 0
260 0 <urn:uuid:fdb63683-166c-4e8b-9a24-27c1142b0dd7> 0
272 0 <urn:uuid:777f9cf4-7da3-46a3-a26b-5429d9e47697> 0
273 0 <urn:uuid:c5271dda-8ea6-4371-aff0-96736409519b> 3
269 0 <urn:uuid:172805a4-5782-4341-b7a3-554281574208> 0
292 0 <urn:uuid:fab4a3e3-33a7-4abc-8dc5-1ba7497a3efa> 1
282 0 <urn:uuid:d366a243-1fcd-4079-bbb8-b9dbea311948> 1
269 0 <urn:uuid:6f368659-ce12-4f70-9fe0-ac6ccae5af7a> 1
261 0 <urn:uuid:43cd058b-3493-4e01-8eeb-8751896e4ced> 0
256 0 <urn:uuid:842c5b08-82db-4589-aa4c-7f2b8ddb063a> 0
295 0 <urn:uuid:1901af08-fdf4-461b-b9e9-6bb469324015> 0
255 0 <urn:uuid:535b386f-a56c-44fd-9cf0-5a4e52697bf6> 0
263 0 <urn:uuid:97a8329f-5185-42ab-9253-028767ceaafb> 0
265 0 <urn:uuid:a0191fdd-ab29-41f3-b98e-170d21550217> 0
251 0 <urn:uuid:52d45947-8f4c-454c-9f13-849899a3706e> 1
255 0 <urn:uuid:3d2628bc-b616-46c3-a57e-e31e0aad0f12> 0
282 0 <urn:uuid:bdf574dd-38f7-4c86-8821-b6ef320682b6> 1
255 0 <urn:uuid:271255b2-a499-4ab2-9c14-71a0d550b11c> 0
293 0 <urn:uuid:69890518-746c-4c23-87ab-47f6d0b3b5ca> 0
269 0 <urn:uuid:4c67bcd3-6d23-4cfe-9956-714bdca29d20> 0
269 0 <urn:uuid:ff0d3ca9-8964-4b9a-94e9-2759f6a9fb45> 0
278 0 <urn:uuid:b07dfd85-b6ae-456e-bc60-49c9ff5dc3ee> 0
294 0 <urn:uuid:e9693813-66ac-47e6-b54a-a72620a39924> 1
269 0 <urn:uuid:dccd6d43-0f60-45a6-8580-a361ca89bd9b> 1
286 0 <urn:uuid:647508ca-c97f-4036-927b-74992b604ef2> 0
279 0 <urn:uuid:f2c271c5-2d65-45e9-a20b-eeeaa4ab6882> 0
271 0 <urn:uuid:500ff1be-fd53-40d6-996a-66caf7c9573e> 0
252 0 <urn:uuid:d247e07c-68ae-4b82-bee7-5c7adce5e558> 1
263 0 <urn:uuid:0cf90528-0934-4a1f-9a5a-1c3b0be807df> 0
264 0 <urn:uuid:9e639967-90ae-4f49-b0c8-afb0c9a827e1> 0
300 0 <urn:uuid:82b7709a-06e7-4765-9066-8bc210a4491d> 0
277 0 <urn:uuid:4f6a770c-fdae-4725-844c-d4cfb0fe4fa5> 0
282 0 <urn:uuid:ecbe7275-f488-4e06-a320-8fd18d6d9137> 1
254 0 <urn:uuid:6ce3e97b-b40e-45a7-974e-d205dfc2688f> 0
267 0 <urn:uuid:32ecdce8-b19d-4b26-be08-cd59742b80ff> 3
286 0 <urn:uuid:9531d135-8de5-49e6-863a-d5189ac8322c> 1
286 0 <urn:uuid:5622b53a-9c83-40ea-9a76-d61fcf5f6175> 0
260 0 <urn:uuid:03e0fde4-3985-4950-a766-309c16c033b9> 0