131 0 clueweb12-0108wb-19-02294 0
110 0 clueweb12-0403wb-55-25772 1
131 0 clueweb12-0110wb-61-03700 0
131 0 clueweb12-0110wb-07-13209 0
124 0 clueweb12-1613wb-96-12182 -2
136 0 clueweb12-0301wb-62-26371 0
140 0 clueweb12-0105wb-05-16381 0
131 0 clueweb12-0110wb-07-13208 0
131 0 clueweb12-0110wb-15-09351 0
131 0 clueweb12-0107wb-98-08753 0
126 0 clueweb12-0001wb-41-20386 0
131 0 clueweb12-0109wb-38-29424 0
117 0 clueweb12-1206wb-84-21994 0
126 0 clueweb12-0302wb-65-20571 0
141 0 clueweb12-0107wb-25-19822 0
135 0 clueweb12-0401wb-64-03169 0
137 0 clueweb12-0111wb-65-22360 0
131 0 clueweb12-0105wb-98-02332 0
118 0 clueweb12-1400wb-83-04068 0
148 0 clueweb12-0308wb-90-02603 0
111 0 clueweb12-0009wb-43-25887 1
111 0 clueweb12-1805wb-81-14563 1
135 0 clueweb12-0005wb-48-06245 0
134 0 clueweb12-1600wb-54-08058 0
126 0 clueweb12-1314wb-63-07846 0
133 0 clueweb12-0602wb-25-27163 0
130 0 clueweb12-0203wb-18-28742 1
131 0 clueweb12-1507wb-43-34488 0
105 0 clueweb12-0300wb-33-26506 0
149 0 clueweb12-0311wb-76-20794 0
149 0 clueweb12-0007wb-10-14771 0
108 0 clueweb12-0209wb-00-15909 0
145 0 clueweb12-0106wb-16-12475 0
145 0 clueweb12-0106wb-16-12473 0
138 0 clueweb12-0209wb-22-30946 0
109 0 clueweb12-0306wb-82-06121 0
150 0 clueweb12-0007wb-09-20709 0
133 0 clueweb12-1400wb-33-10841 0
101 0 clueweb12-0203wb-44-12625 1
138 0 clueweb12-1700wb-79-13963 0
132 0 clueweb12-1302wb-11-16813 1
130 0 clueweb12-0703wb-96-24395 3
121 0 clueweb12-0204wb-12-14213 -2
111 0 clueweb12-0202wb-36-14192 0
109 0 clueweb12-1902wb-76-13800 0
113 0 clueweb12-0404wb-22-20088 0
130 0 clueweb12-1306wb-94-22089 1
144 0 clueweb12-0606wb-70-23581 1
130 0 clueweb12-0301wb-23-05233 0
144 0 clueweb12-0207wb-12-04830 0
130 0 clueweb12-0702wb-18-23225 2
130 0 clueweb12-0703wb-09-25155 1
119 0 clueweb12-1814wb-36-10086 0
122 0 clueweb12-0200wb-39-21068 0
140 0 clueweb12-0107wb-21-02588 0
122 0 clueweb12-0201wb-85-19281 0
147 0 clueweb12-1104wb-08-12485 1
132 0 clueweb12-1204wb-76-30230 0
122 0 clueweb12-0112wb-24-09587 0
129 0 clueweb12-0501wb-43-13468 1
127 0 clueweb12-1309wb-77-18541 0
121 0 clueweb12-0101wb-29-03430 0
128 0 clueweb12-0106wb-71-35496 0
124 0 clueweb12-1613wb-84-26315 -2
133 0 clueweb12-0100wb-23-09069 1
146 0 clueweb12-0303wb-04-16162 0
111 0 clueweb12-0305wb-69-30313 1
128 0 clueweb12-0007wb-98-24935 0
110 0 clueweb12-1617wb-26-15620 0
102 0 clueweb12-0000wb-39-19615 0
134 0 clueweb12-0203wb-05-24716 0
117 0 clueweb12-1206wb-96-07995 0
117 0 clueweb12-1206wb-96-07997 2
143 0 clueweb12-0004wb-54-03701 0
111 0 clueweb12-0207wb-34-21523 0
135 0 clueweb12-0210wb-50-17638 0
117 0 clueweb12-1304wb-06-13207 1
131 0 clueweb12-0111wb-69-12553 0
132 0 clueweb12-0201wb-21-14965 0
101 0 clueweb12-0204wb-42-05352 2
132 0 clueweb12-0105wb-21-02925 0
123 0 clueweb12-0108wb-96-25758 2
139 0 clueweb12-1312wb-35-14961 0
125 0 clueweb12-0408wb-32-15715 1
107 0 clueweb12-1600wb-39-25592 0
117 0 clueweb12-0012wb-99-15109 0
104 0 clueweb12-0305wb-05-13372 0
142 0 clueweb12-0001wb-17-06549 0
125 0 clueweb12-0204wb-25-30822 0
128 0 clueweb12-0105wb-67-17902 2
104 0 clueweb12-1013wb-39-21636 0
119 0 clueweb12-1515wb-48-17306 2
132 0 clueweb12-0107wb-10-09266 2
147 0 clueweb12-0103wb-46-25742 0
131 0 clueweb12-0208wb-17-06262 0
125 0 clueweb12-0012wb-26-09870 0
114 0 clueweb12-0106wb-18-21917 0
147 0 clueweb12-1413wb-72-05278 2
144 0 clueweb12-0009wb-18-26914 0
114 0 clueweb12-0106wb-24-31103 0
132 0 clueweb12-1006wb-42-09438 0
138 0 clueweb12-1814wb-32-28327 0
138 0 clueweb12-1815wb-00-19761 0
138 0 clueweb12-1814wb-95-11563 0
138 0 clueweb12-1814wb-95-11564 0
123 0 clueweb12-0301wb-87-17918 2
138 0 clueweb12-1814wb-95-11567 0
138 0 clueweb12-1815wb-00-19764 0
138 0 clueweb12-1815wb-00-19766 0
138 0 clueweb12-1815wb-00-19768 0
138 0 clueweb12-1815wb-00-19769 0
138 0 clueweb12-1815wb-00-19770 0
102 0 clueweb12-0310wb-14-12195 0
107 0 clueweb12-0506wb-55-03805 0
101 0 clueweb12-0508wb-99-27555 0
114 0 clueweb12-0004wb-90-32799 0
126 0 clueweb12-0610wb-29-26734 0
125 0 clueweb12-0009wb-11-02714 0
139 0 clueweb12-0210wb-67-20991 0
131 0 clueweb12-0001wb-86-15880 0
115 0 clueweb12-0205wb-00-24410 0
131 0 clueweb12-0109wb-72-04618 0
133 0 clueweb12-0102wb-65-11425 1
130 0 clueweb12-0006wb-77-10014 2
116 0 clueweb12-0001wb-38-22685 0
101 0 clueweb12-0008wb-02-05473 0
144 0 clueweb12-0012wb-80-21182 0
125 0 clueweb12-1704wb-84-11495 0
148 0 clueweb12-0906wb-88-20738 0
138 0 clueweb12-1118wb-58-25904 0
128 0 clueweb12-0411wb-86-16491 0
103 0 clueweb12-0603wb-98-19136 2
111 0 clueweb12-0200wb-82-32025 1
128 0 clueweb12-1803wb-15-02068 1
128 0 clueweb12-1802wb-06-33021 0
115 0 clueweb12-1412wb-23-14185 0
121 0 clueweb12-0814wb-64-29093 0
108 0 clueweb12-1313wb-83-21539 0
114 0 clueweb12-0503wb-86-04109 2
123 0 clueweb12-0001wb-89-22203 0
145 0 clueweb12-0013wb-75-26123 1
130 0 clueweb12-0105wb-81-19582 1
136 0 clueweb12-0012wb-39-03735 0
114 0 clueweb12-0204wb-04-00810 0
107 0 clueweb12-1501wb-69-26245 0
104 0 clueweb12-0210wb-16-16555 0
114 0 clueweb12-0202wb-60-01206 0
132 0 clueweb12-0400wb-64-28851 0
134 0 clueweb12-0104wb-70-24912 0
130 0 clueweb12-1214wb-59-14921 2
137 0 clueweb12-1312wb-55-07618 0
149 0 clueweb12-0012wb-58-25373 0
104 0 clueweb12-0302wb-06-22273 0
121 0 clueweb12-0105wb-16-07644 0
138 0 clueweb12-0100wb-46-15623 0
130 0 clueweb12-0000wb-03-27242 1
131 0 clueweb12-0105wb-68-13331 0
145 0 clueweb12-0000wb-06-24057 1
107 0 clueweb12-0004wb-10-16104 0
111 0 clueweb12-0712wb-11-14996 0
103 0 clueweb12-0002wb-62-05386 0
110 0 clueweb12-0404wb-23-26674 1
104 0 clueweb12-0004wb-82-31306 0
104 0 clueweb12-1310wb-89-03082 1
121 0 clueweb12-1100wb-10-25738 0
102 0 clueweb12-0200wb-82-16880 0
141 0 clueweb12-0106wb-03-15647 0
118 0 clueweb12-1313wb-06-00948 0
149 0 clueweb12-0108wb-12-03585 0
142 0 clueweb12-0310wb-45-27794 0
125 0 clueweb12-0211wb-47-08732 0
126 0 clueweb12-0211wb-09-01202 0
105 0 clueweb12-1710wb-67-06672 0
131 0 clueweb12-0807wb-01-11942 0
131 0 clueweb12-0606wb-64-29936 0
149 0 clueweb12-0208wb-87-18517 0
131 0 clueweb12-1504wb-63-12933 0
118 0 clueweb12-0508wb-33-10951 0
111 0 clueweb12-0102wb-96-09359 0
130 0 clueweb12-0813wb-88-14015 1
117 0 clueweb12-0511wb-75-01299 3
128 0 clueweb12-0204wb-81-32932 1
117 0 clueweb12-0108wb-45-14741 0
146 0 clueweb12-1017wb-41-21361 0
108 0 clueweb12-0606wb-58-35741 0
144 0 clueweb12-0000wb-62-12295 0
130 0 clueweb12-0000wb-87-26149 0
136 0 clueweb12-0012wb-14-17749 0
130 0 clueweb12-0310wb-44-18873 1
117 0 clueweb12-0916wb-67-03445 0
135 0 clueweb12-1310wb-26-04634 0
136 0 clueweb12-0206wb-89-14639 0
119 0 clueweb12-0110wb-24-32384 0
147 0 clueweb12-0912wb-29-21809 0
110 0 clueweb12-0111wb-41-26708 2
119 0 clueweb12-0110wb-24-32382 0
132 0 clueweb12-1009wb-17-15276 2
132 0 clueweb12-1008wb-76-07156 0
136 0 clueweb12-1509wb-23-01485 0
125 0 clueweb12-0106wb-95-17703 1
133 0 clueweb12-0400wb-18-06773 0
128 0 clueweb12-0911wb-46-11117 -2
122 0 clueweb12-1600wb-66-31221 0
104 0 clueweb12-0201wb-71-31201 0
138 0 clueweb12-0713wb-99-25716 0
147 0 clueweb12-1810wb-28-10935 0
133 0 clueweb12-0602wb-57-29420 0
142 0 clueweb12-0009wb-86-14562 0
137 0 clueweb12-1006wb-58-26152 1
144 0 clueweb12-0604wb-09-13007 0
141 0 clueweb12-0408wb-61-08244 0
137 0 clueweb12-0208wb-36-04001 0
118 0 clueweb12-0301wb-05-16139 0
133 0 clueweb12-1500tw-52-02902 1
120 0 clueweb12-0212wb-08-26742 0
130 0 clueweb12-1000wb-36-21579 1
130 0 clueweb12-0303wb-45-06758 2
133 0 clueweb12-0005wb-95-39150 0
128 0 clueweb12-0000wb-52-09495 0
116 0 clueweb12-0004wb-95-26648 -2
126 0 clueweb12-1700wb-00-01788 0
122 0 clueweb12-1704wb-19-22540 0
107 0 clueweb12-0101wb-43-24621 0
146 0 clueweb12-0001wb-77-12574 0
106 0 clueweb12-0004wb-81-30944 0
125 0 clueweb12-0104wb-15-03718 0
133 0 clueweb12-0208wb-98-10198 0
114 0 clueweb12-1104wb-68-10600 0
130 0 clueweb12-1309wb-24-18416 1
133 0 clueweb12-0009wb-69-15520 1
120 0 clueweb12-1804wb-98-11490 0
145 0 clueweb12-1013wb-45-01365 0
147 0 clueweb12-0809wb-23-03188 2
117 0 clueweb12-0809wb-39-04326 1
137 0 clueweb12-0816wb-61-26786 0
125 0 clueweb12-0201wb-94-15851 1
128 0 clueweb12-1411wb-30-02334 1
124 0 clueweb12-0001wb-29-26605 0
121 0 clueweb12-0202wb-56-23055 -2
117 0 clueweb12-0207wb-04-00142 0
133 0 clueweb12-0106wb-04-12720 1
115 0 clueweb12-0004wb-59-06002 0
125 0 clueweb12-0407wb-76-17369 1
114 0 clueweb12-0103wb-21-15541 0
108 0 clueweb12-0112wb-14-27281 0
147 0 clueweb12-1504wb-73-29828 2
146 0 clueweb12-0201wb-94-17429 0
127 0 clueweb12-0112wb-21-01346 0
114 0 clueweb12-0108wb-47-06459 0
142 0 clueweb12-0212wb-08-32646 0
144 0 clueweb12-0811wb-24-18133 0
131 0 clueweb12-0105wb-52-30454 0
121 0 clueweb12-0302wb-78-07035 0
119 0 clueweb12-0012wb-20-25394 1
121 0 clueweb12-0702wb-49-32571 0
147 0 clueweb12-0203wb-34-19829 1
147 0 clueweb12-0205wb-95-04459 1
119 0 clueweb12-1018wb-57-12593 0
120 0 clueweb12-0111wb-70-21036 0
142 0 clueweb12-0300wb-00-30426 0
109 0 clueweb12-1101wb-53-07610 0
133 0 clueweb12-0210wb-76-34407 0
125 0 clueweb12-0006wb-66-18298 0
145 0 clueweb12-0012wb-43-23751 0
148 0 clueweb12-0207wb-93-10172 0
135 0 clueweb12-1402wb-43-25311 0
121 0 clueweb12-0702wb-72-18958 0
121 0 clueweb12-0702wb-72-18957 1
126 0 clueweb12-0305wb-85-15179 0
118 0 clueweb12-0109wb-46-09541 0
121 0 clueweb12-0702wb-72-18959 0
132 0 clueweb12-0203wb-18-07933 0
118 0 clueweb12-0106wb-57-02160 0
143 0 clueweb12-0307wb-69-18045 0
121 0 clueweb12-0811wb-57-12254 0
125 0 clueweb12-0211wb-01-31427 0
126 0 clueweb12-0002wb-05-10269 0
107 0 clueweb12-0210wb-99-22011 0
136 0 clueweb12-0309wb-05-17048 0
128 0 clueweb12-0301wb-34-08193 0
115 0 clueweb12-1506wb-19-38677 0
134 0 clueweb12-1307wb-36-02812 0
122 0 clueweb12-0002wb-89-19529 0
134 0 clueweb12-1308wb-29-10208 0
130 0 clueweb12-0817wb-48-26683 1
101 0 clueweb12-0111wb-95-14006 0
149 0 clueweb12-0811wb-48-31315 0
114 0 clueweb12-1010wb-36-19579 0
130 0 clueweb12-0107wb-83-16925 1
117 0 clueweb12-0111wb-42-18149 2
142 0 clueweb12-0407wb-78-07646 0
129 0 clueweb12-0203wb-37-16673 0
119 0 clueweb12-0200wb-57-12954 0
124 0 clueweb12-0103wb-80-18395 0
133 0 clueweb12-0000tw-16-08611 0
149 0 clueweb12-0100wb-92-28573 0
105 0 clueweb12-0916wb-81-24601 1
111 0 clueweb12-1606wb-92-28556 1
122 0 clueweb12-0002wb-89-19536 0
145 0 clueweb12-0602wb-42-06148 0
124 0 clueweb12-0203wb-79-00132 0
148 0 clueweb12-0307wb-08-22556 0
136 0 clueweb12-0412wb-14-27230 0
125 0 clueweb12-0918wb-42-17688 0
114 0 clueweb12-0007wb-92-18629 0
101 0 clueweb12-0913wb-82-14149 0
121 0 clueweb12-0816wb-26-12435 1
120 0 clueweb12-0107wb-06-10812 0
133 0 clueweb12-0809wb-27-22708 0
131 0 clueweb12-0106wb-02-06905 0
102 0 clueweb12-1004wb-58-24126 2
102 0 clueweb12-1004wb-68-20314 1
102 0 clueweb12-1004wb-58-24125 1
102 0 clueweb12-1004wb-58-24123 1
118 0 clueweb12-0112wb-07-34697 0
115 0 clueweb12-0209wb-76-10898 0
142 0 clueweb12-1801wb-36-10009 0
115 0 clueweb12-0112wb-10-24701 0
121 0 clueweb12-0202wb-61-06747 1
125 0 clueweb12-0106wb-69-11312 0
124 0 clueweb12-0111wb-48-09169 0
144 0 clueweb12-0004wb-97-03292 1
105 0 clueweb12-0308wb-20-00526 0
115 0 clueweb12-0705wb-07-08617 0
147 0 clueweb12-1505wb-12-09269 2
143 0 clueweb12-0101wb-35-24178 0
130 0 clueweb12-0411wb-65-01013 0
118 0 clueweb12-1812wb-23-14776 0
147 0 clueweb12-0301wb-06-35008 1
129 0 clueweb12-0013wb-16-23295 0
114 0 clueweb12-0010wb-05-13090 0
130 0 clueweb12-0002wb-11-33803 0
117 0 clueweb12-0013wb-13-05288 0
127 0 clueweb12-0107wb-32-29339 1
132 0 clueweb12-0206wb-09-26574 0
130 0 clueweb12-0110wb-74-22492 1
149 0 clueweb12-0307wb-18-05121 1
149 0 clueweb12-0307wb-10-20880 0
103 0 clueweb12-0305wb-67-06871 -2
136 0 clueweb12-1204wb-21-11330 0
147 0 clueweb12-0203wb-80-21905 2
124 0 clueweb12-0205wb-16-05331 1
137 0 clueweb12-0110wb-49-30704 0
142 0 clueweb12-0203wb-58-25193 0
145 0 clueweb12-0111wb-24-06866 0
125 0 clueweb12-0207wb-41-14650 1
142 0 clueweb12-0200wb-13-06071 0
141 0 clueweb12-0211wb-85-04507 0
137 0 clueweb12-0002wb-46-16825 -2
146 0 clueweb12-0403wb-66-03512 0
146 0 clueweb12-0606wb-44-18436 0
120 0 clueweb12-0715wb-06-05406 0
149 0 clueweb12-0100wb-60-18131 0
149 0 clueweb12-0010wb-45-28377 0
118 0 clueweb12-1812wb-23-14781 0
149 0 clueweb12-0010wb-45-28376 0
130 0 clueweb12-0004wb-90-30416 3
118 0 clueweb12-0000wb-00-22526 0
130 0 clueweb12-0110wb-42-16692 1
149 0 clueweb12-0012wb-58-25372 0
149 0 clueweb12-0100wb-68-13816 0
110 0 clueweb12-0111wb-12-02259 1
149 0 clueweb12-0011wb-43-29026 0
120 0 clueweb12-0201wb-44-00727 0
125 0 clueweb12-0100wb-19-20424 0
149 0 clueweb12-0010wb-73-16632 1
115 0 clueweb12-0208wb-71-05142 0
122 0 clueweb12-1600wb-45-05005 0
130 0 clueweb12-0103wb-27-13384 1
149 0 clueweb12-0203wb-83-25252 1
126 0 clueweb12-0007wb-43-00623 0
142 0 clueweb12-1201wb-52-04665 0
122 0 clueweb12-0906wb-33-17362 0
146 0 clueweb12-1811wb-31-15396 0
116 0 clueweb12-0008wb-82-00856 3
115 0 clueweb12-0111wb-76-33600 0
115 0 clueweb12-0005wb-06-30182 0
119 0 clueweb12-0210wb-97-25713 1
115 0 clueweb12-0004wb-93-22985 0
107 0 clueweb12-0700wb-29-13922 0
149 0 clueweb12-0703wb-75-20124 0
115 0 clueweb12-0203wb-97-31703 0
119 0 clueweb12-0110wb-24-13113 0
130 0 clueweb12-1408wb-79-04873 3
132 0 clueweb12-0201wb-29-00231 0
129 0 clueweb12-0102wb-37-06259 0
138 0 clueweb12-1716wb-55-14244 0
149 0 clueweb12-0608wb-11-07071 0
121 0 clueweb12-0009wb-76-10106 1
114 0 clueweb12-0012wb-99-00372 0
144 0 clueweb12-0209wb-87-13287 0
112 0 clueweb12-0205wb-73-14215 0
124 0 clueweb12-0107wb-22-20560 1
124 0 clueweb12-0107wb-29-30577 0
111 0 clueweb12-0303wb-33-05894 0
119 0 clueweb12-0112wb-66-18498 2
123 0 clueweb12-1514wb-70-21149 0
138 0 clueweb12-0200wb-04-04418 0
135 0 clueweb12-0918wb-42-07453 0
102 0 clueweb12-1209wb-00-29546 0
137 0 clueweb12-0506wb-28-13487 0
138 0 clueweb12-1500wb-17-09343 0
119 0 clueweb12-0208wb-17-08625 1
140 0 clueweb12-0008wb-73-02050 0
136 0 clueweb12-0002wb-45-33770 -2
102 0 clueweb12-0302wb-04-06592 0
110 0 clueweb12-0400wb-49-21950 0
143 0 clueweb12-1314wb-87-00365 0
115 0 clueweb12-0210wb-16-23554 0
114 0 clueweb12-0206wb-37-33254 0
107 0 clueweb12-0607wb-39-03513 0
107 0 clueweb12-0003wb-75-07639 0
125 0 clueweb12-0200wb-50-26932 0
149 0 clueweb12-0304wb-82-14226 0
119 0 clueweb12-0305wb-31-04586 2
148 0 clueweb12-0207wb-10-26960 0
107 0 clueweb12-0002wb-42-30086 0
148 0 clueweb12-0207wb-26-08348 2
128 0 clueweb12-0607wb-27-06292 2
119 0 clueweb12-0601wb-38-05032 1
125 0 clueweb12-1305wb-51-25847 0
125 0 clueweb12-1305wb-51-25848 0
125 0 clueweb12-0204wb-95-24632 0
133 0 clueweb12-0104wb-22-05570 0
123 0 clueweb12-0207wb-14-19034 2
120 0 clueweb12-0013wb-34-27317 0
103 0 clueweb12-0408wb-48-05331 0
131 0 clueweb12-0609wb-59-25966 0
118 0 clueweb12-1302wb-10-00777 0
122 0 clueweb12-0000wb-77-00827 0
114 0 clueweb12-0807wb-94-36450 0
138 0 clueweb12-0704wb-75-17272 0
121 0 clueweb12-0915wb-67-22624 0
143 0 clueweb12-0001wb-20-34865 0
142 0 clueweb12-0700wb-29-13922 0
135 0 clueweb12-1200wb-49-12724 0
136 0 clueweb12-0401wb-14-18159 0
119 0 clueweb12-0000wb-90-35426 0
105 0 clueweb12-0304wb-14-23279 0
114 0 clueweb12-0010wb-50-32810 1
134 0 clueweb12-0306wb-73-24585 0
146 0 clueweb12-0200wb-43-29723 0
137 0 clueweb12-0300wb-20-14283 0
120 0 clueweb12-0000wb-21-26542 0
146 0 clueweb12-0004wb-80-35225 0
137 0 clueweb12-0307wb-74-00357 0
117 0 clueweb12-0312wb-03-18477 0
133 0 clueweb12-0611wb-85-09729 0
139 0 clueweb12-1115wb-66-09765 0
136 0 clueweb12-0505wb-25-19653 0
147 0 clueweb12-0302wb-70-30130 0
119 0 clueweb12-0400wb-02-28608 2
147 0 clueweb12-0303wb-64-03943 1
126 0 clueweb12-0204wb-36-15190 0
148 0 clueweb12-0101wb-12-26808 0
137 0 clueweb12-0606wb-63-20165 0
147 0 clueweb12-0609wb-38-17911 0
121 0 clueweb12-0306wb-62-05449 0
147 0 clueweb12-0610wb-82-11462 1
121 0 clueweb12-0305wb-78-08354 1
144 0 clueweb12-0705wb-45-17597 0
121 0 clueweb12-0405wb-56-16029 0
114 0 clueweb12-0003wb-78-13243 0
121 0 clueweb12-0306wb-58-11944 1
117 0 clueweb12-0111wb-87-33966 3
121 0 clueweb12-0305wb-21-18931 0
121 0 clueweb12-0305wb-87-07752 1
121 0 clueweb12-1402wb-84-07193 1
121 0 clueweb12-0007wb-49-03698 0
130 0 clueweb12-0012wb-93-10483 0
141 0 clueweb12-0002wb-89-11671 0
140 0 clueweb12-1114wb-24-13463 0
106 0 clueweb12-0209wb-00-16705 0
111 0 clueweb12-1404wb-76-18207 1
125 0 clueweb12-0109wb-43-08044 0
125 0 clueweb12-0407wb-46-30808 1
114 0 clueweb12-0108wb-99-26756 0
110 0 clueweb12-0003wb-99-28425 0
136 0 clueweb12-0206wb-77-24902 0
140 0 clueweb12-1009wb-34-03291 0
102 0 clueweb12-0411wb-45-01035 0
126 0 clueweb12-0205wb-26-15193 0
101 0 clueweb12-0400wb-48-23680 0
133 0 clueweb12-0006wb-52-16082 -2
127 0 clueweb12-0105wb-68-28901 1
133 0 clueweb12-0003wb-08-08980 -2
133 0 clueweb12-0905wb-15-14532 0
106 0 clueweb12-0912wb-82-05316 0
103 0 clueweb12-0105wb-71-26066 0
130 0 clueweb12-0307wb-91-16073 1
125 0 clueweb12-0301wb-99-24353 0
146 0 clueweb12-0207wb-26-04123 0
103 0 clueweb12-0107wb-89-21093 0
122 0 clueweb12-0606wb-13-17053 0
150 0 clueweb12-1514wb-17-14054 0
108 0 clueweb12-0606wb-68-02534 0
144 0 clueweb12-0710wb-78-25313 0
119 0 clueweb12-0801wb-92-11292 1
119 0 clueweb12-0801wb-33-06849 0
107 0 clueweb12-0309wb-53-21738 0
103 0 clueweb12-0109wb-47-14503 0
144 0 clueweb12-1404wb-90-22087 1
124 0 clueweb12-0609wb-83-21813 1
125 0 clueweb12-0109wb-35-17909 1
108 0 clueweb12-0606wb-40-30734 0
122 0 clueweb12-0605wb-01-17834 0
121 0 clueweb12-0305wb-78-08353 0
121 0 clueweb12-0302wb-06-06244 0
110 0 clueweb12-0207wb-52-27784 0
139 0 clueweb12-0201wb-28-13645 0
129 0 clueweb12-0605wb-29-23218 0
118 0 clueweb12-1313wb-17-06590 0
132 0 clueweb12-0102wb-55-15796 0
133 0 clueweb12-0610wb-67-02817 1
119 0 clueweb12-0207wb-95-25639 1
134 0 clueweb12-0511wb-74-30557 0
121 0 clueweb12-1309wb-02-11687 0
130 0 clueweb12-0110wb-67-25423 3
141 0 clueweb12-0412wb-21-22229 0
139 0 clueweb12-1309wb-80-12286 0
127 0 clueweb12-0105wb-49-05785 2
123 0 clueweb12-1104wb-76-21707 2
130 0 clueweb12-0107wb-18-12031 1
102 0 clueweb12-0000wb-89-25018 0
149 0 clueweb12-0310wb-71-07173 0
145 0 clueweb12-0207wb-50-26965 0
119 0 clueweb12-0204wb-15-32072 0
122 0 clueweb12-1106wb-64-18708 0
111 0 clueweb12-0303wb-03-26836 0
133 0 clueweb12-1809wb-44-12591 0
144 0 clueweb12-0705wb-00-29416 0
144 0 clueweb12-0709wb-97-21507 0
141 0 clueweb12-0110wb-03-21320 0
110 0 clueweb12-0211wb-56-08403 0
116 0 clueweb12-0012wb-94-29423 0
147 0 clueweb12-1812wb-03-08996 2
119 0 clueweb12-0013wb-45-22167 0
143 0 clueweb12-0813wb-21-12984 0
149 0 clueweb12-0000wb-61-11324 0
109 0 clueweb12-0703wb-09-22634 0
132 0 clueweb12-1302wb-10-00777 0
138 0 clueweb12-1412wb-68-14522 0
119 0 clueweb12-0204wb-24-22931 0
114 0 clueweb12-1602wb-64-17725 1
119 0 clueweb12-0208wb-45-05064 1
130 0 clueweb12-0301wb-74-17672 1
119 0 clueweb12-0208wb-25-13614 1
130 0 clueweb12-0305wb-31-03631 3
130 0 clueweb12-0301wb-81-18177 2
126 0 clueweb12-0206wb-68-19084 0
130 0 clueweb12-0000wb-65-31887 2
131 0 clueweb12-0209wb-18-33623 0
107 0 clueweb12-0003wb-84-31849 0
111 0 clueweb12-0203wb-25-25647 0
101 0 clueweb12-0205wb-32-25721 0
116 0 clueweb12-0915wb-71-04769 3
127 0 clueweb12-0105wb-62-10017 0
133 0 clueweb12-0001wb-64-04063 0
146 0 clueweb12-0106wb-86-19995 0
143 0 clueweb12-0013wb-50-18366 0
126 0 clueweb12-0206wb-68-19086 0
106 0 clueweb12-0201wb-48-09541 0
138 0 clueweb12-0000wb-45-31582 0
114 0 clueweb12-0100wb-31-04646 0
101 0 clueweb12-0205wb-50-04903 0
145 0 clueweb12-0001wb-06-16441 1
139 0 clueweb12-0006wb-17-26788 0
138 0 clueweb12-0201wb-90-14034 0
143 0 clueweb12-1802wb-61-07697 0
124 0 clueweb12-1614wb-07-11725 -2
121 0 clueweb12-0008wb-70-18837 2
149 0 clueweb12-0311wb-79-15056 0
133 0 clueweb12-0200wb-24-06944 1
128 0 clueweb12-0309wb-08-26748 0
117 0 clueweb12-0102wb-50-20609 1
130 0 clueweb12-0007wb-41-29416 1
117 0 clueweb12-0112wb-34-19457 1
120 0 clueweb12-0501wb-24-05428 0
142 0 clueweb12-0000wb-06-03006 0
134 0 clueweb12-0009wb-57-14430 0
134 0 clueweb12-0009wb-57-14427 0
140 0 clueweb12-0604wb-52-28203 0
121 0 clueweb12-0304wb-22-11785 1
109 0 clueweb12-0605wb-45-22584 0
134 0 clueweb12-0010wb-67-31856 0
136 0 clueweb12-1301wb-93-21331 0
129 0 clueweb12-0409wb-64-01246 0
133 0 clueweb12-0106wb-86-00412 1
126 0 clueweb12-0711wb-72-01193 0
123 0 clueweb12-0209wb-83-08732 0
132 0 clueweb12-0201wb-85-09433 2
131 0 clueweb12-1700wb-09-21508 0
117 0 clueweb12-0207wb-13-16697 2
150 0 clueweb12-0205wb-50-33294 0
133 0 clueweb12-1802wb-91-20545 0
125 0 clueweb12-0601wb-84-27133 0
120 0 clueweb12-0005wb-98-24414 0
147 0 clueweb12-0507wb-36-34933 0
128 0 clueweb12-1415wb-04-30259 0
138 0 clueweb12-1100wb-12-28618 0
123 0 clueweb12-1212wb-69-13778 2
120 0 clueweb12-0005wb-35-24079 0
148 0 clueweb12-0301wb-91-34263 0
144 0 clueweb12-0605wb-93-05653 0
111 0 clueweb12-0202wb-59-07526 0
135 0 clueweb12-1506wb-00-12763 0
114 0 clueweb12-0106wb-77-27109 0
145 0 clueweb12-0408wb-35-00189 0
148 0 clueweb12-0012wb-43-04373 0
123 0 clueweb12-0203wb-54-23173 2
110 0 clueweb12-0512wb-46-11478 0
104 0 clueweb12-0101wb-36-24605 0
144 0 clueweb12-0201wb-68-30249 2
142 0 clueweb12-0713wb-70-21299 0
148 0 clueweb12-0004wb-75-02464 1
116 0 clueweb12-0701wb-50-30688 3
116 0 clueweb12-0301wb-58-28031 3
104 0 clueweb12-0101wb-27-18502 0
127 0 clueweb12-1115wb-12-28728 1
137 0 clueweb12-0211wb-36-25252 0
132 0 clueweb12-0612wb-65-20316 2
135 0 clueweb12-0112wb-54-22341 0
114 0 clueweb12-1206wb-26-22347 0
103 0 clueweb12-0010wb-52-16408 2
109 0 clueweb12-1410wb-28-12627 0
115 0 clueweb12-0503wb-23-03690 0
137 0 clueweb12-1114wb-26-03853 0
134 0 clueweb12-1912wb-32-00143 0
105 0 clueweb12-0006wb-46-20451 0
107 0 clueweb12-0305wb-85-21913 0
107 0 clueweb12-0302wb-39-03180 0
123 0 clueweb12-0109wb-82-18637 1
121 0 clueweb12-0202wb-82-09775 0
103 0 clueweb12-0105wb-52-07228 0
101 0 clueweb12-0207wb-70-29764 0
133 0 clueweb12-0407wb-42-12340 1
129 0 clueweb12-1504wb-63-12735 0
114 0 clueweb12-0107wb-87-09041 0
133 0 clueweb12-1313wb-79-09055 0
115 0 clueweb12-1004wb-72-00279 0
102 0 clueweb12-1004wb-68-20309 1
121 0 clueweb12-0106wb-34-25701 0
144 0 clueweb12-0305wb-77-19313 0
115 0 clueweb12-0512wb-65-05575 0
141 0 clueweb12-0203wb-52-14500 0
111 0 clueweb12-0919wb-55-29383 1
149 0 clueweb12-1102wb-43-14826 0
121 0 clueweb12-0106wb-34-25704 0
123 0 clueweb12-0108wb-29-34946 2
105 0 clueweb12-0301wb-05-27998 1
144 0 clueweb12-1709wb-71-19610 0
144 0 clueweb12-1710wb-21-00663 0
144 0 clueweb12-1709wb-96-28592 0
135 0 clueweb12-0400wb-47-10346 0
144 0 clueweb12-1710wb-37-29758 0
144 0 clueweb12-1709wb-95-04740 0
144 0 clueweb12-1709wb-73-04712 0
144 0 clueweb12-1710wb-62-22400 0
144 0 clueweb12-1710wb-42-23586 0
144 0 clueweb12-1709wb-71-19609 0
130 0 clueweb12-0008wb-13-25378 2
108 0 clueweb12-0108wb-68-19739 0
130 0 clueweb12-0007wb-02-23758 3
130 0 clueweb12-0007wb-93-03461 3
130 0 clueweb12-0008wb-13-25376 3
133 0 clueweb12-0200wb-75-04496 0
101 0 clueweb12-0200wb-09-21956 1
132 0 clueweb12-1510wb-42-13864 0
145 0 clueweb12-0507wb-29-17809 2
130 0 clueweb12-0012wb-28-29379 1
130 0 clueweb12-0004wb-74-06500 3
130 0 clueweb12-0005wb-87-01012 3
130 0 clueweb12-0004wb-37-17134 3
128 0 clueweb12-0714wb-42-17543 2
116 0 clueweb12-0103wb-46-25742 0
104 0 clueweb12-0209wb-27-12672 0
127 0 clueweb12-1807wb-48-20754 0
107 0 clueweb12-0503wb-63-17995 0
135 0 clueweb12-0204wb-10-18629 0
127 0 clueweb12-0602wb-77-04438 0
131 0 clueweb12-0606wb-55-29837 0
105 0 clueweb12-0208wb-20-08458 0
142 0 clueweb12-0001wb-14-12737 0
107 0 clueweb12-1503wb-85-10089 0
138 0 clueweb12-0310wb-64-14917 0
146 0 clueweb12-1902wb-55-14898 0
141 0 clueweb12-1716wb-63-13856 0
124 0 clueweb12-0303wb-60-14422 0
103 0 clueweb12-0009wb-91-01535 0
114 0 clueweb12-0208wb-81-19666 0
130 0 clueweb12-1316wb-30-26577 0
115 0 clueweb12-0207wb-21-22753 0
102 0 clueweb12-0002wb-12-00567 0
117 0 clueweb12-0811wb-19-22531 1
109 0 clueweb12-1412wb-35-11469 0
115 0 clueweb12-0005wb-46-07365 0
115 0 clueweb12-1005wb-28-22954 0
105 0 clueweb12-1200wb-86-13484 1
115 0 clueweb12-1004wb-72-00269 0
121 0 clueweb12-0104wb-70-16546 0
133 0 clueweb12-0111wb-87-21099 0
133 0 clueweb12-0708wb-71-21009 0
130 0 clueweb12-0004wb-90-30513 1
130 0 clueweb12-0403wb-09-17535 1
136 0 clueweb12-1207wb-31-11390 0
146 0 clueweb12-0100wb-92-28559 0
119 0 clueweb12-1805wb-67-11083 0
118 0 clueweb12-0100tw-13-01023 0
110 0 clueweb12-0310wb-71-26252 0
123 0 clueweb12-0208wb-85-01835 2
101 0 clueweb12-0005wb-89-26415 0
102 0 clueweb12-1300wb-47-11129 0
138 0 clueweb12-1709wb-00-08313 0
131 0 clueweb12-0000wb-33-36667 0
128 0 clueweb12-0006wb-27-14010 0
132 0 clueweb12-1902wb-38-04839 1
108 0 clueweb12-1204wb-03-24292 0
116 0 clueweb12-0208wb-33-30999 1
104 0 clueweb12-0102wb-35-04431 0
145 0 clueweb12-0206wb-70-33692 1
147 0 clueweb12-0300wb-45-21321 1
115 0 clueweb12-0102wb-39-28898 0
112 0 clueweb12-0104wb-34-32044 0
131 0 clueweb12-1912wb-36-07637 0
114 0 clueweb12-1205wb-71-10928 0
131 0 clueweb12-0208wb-28-16317 0
107 0 clueweb12-0109wb-15-19258 0
125 0 clueweb12-0204wb-90-12473 0
145 0 clueweb12-0108wb-27-06257 0
128 0 clueweb12-0208wb-45-21502 0
134 0 clueweb12-0303wb-21-23919 0
120 0 clueweb12-0912wb-51-27697 0
105 0 clueweb12-0603wb-98-35239 0
121 0 clueweb12-0104wb-70-16547 0
130 0 clueweb12-0011wb-02-00763 1
116 0 clueweb12-0306wb-52-14797 1
110 0 clueweb12-0304wb-07-21114 0
110 0 clueweb12-0305wb-27-27169 0
149 0 clueweb12-1804wb-66-09038 0
147 0 clueweb12-1314wb-28-22003 0
110 0 clueweb12-0002wb-32-28572 2
148 0 clueweb12-0209wb-86-17768 0
102 0 clueweb12-1401wb-29-13796 0
138 0 clueweb12-1814wb-39-07274 0
123 0 clueweb12-0200wb-36-18333 0
114 0 clueweb12-0401wb-16-19397 0
114 0 clueweb12-0200wb-26-21500 0
133 0 clueweb12-0206wb-76-25110 0
115 0 clueweb12-0407wb-18-18243 0
114 0 clueweb12-0401wb-06-17400 0
133 0 clueweb12-0400tw-91-19050 1
114 0 clueweb12-0005wb-45-18010 0
149 0 clueweb12-0105wb-51-26350 0
114 0 clueweb12-1108wb-60-13225 2
114 0 clueweb12-1108wb-71-16707 0
125 0 clueweb12-1607wb-89-25519 0
121 0 clueweb12-1805wb-10-08064 0
129 0 clueweb12-1302wb-51-13519 0
116 0 clueweb12-0108wb-93-00182 0
122 0 clueweb12-0813wb-06-30437 0
144 0 clueweb12-1600wb-39-19978 0
105 0 clueweb12-0302wb-86-34680 1
135 0 clueweb12-0305wb-73-00618 0
147 0 clueweb12-0102wb-66-07106 1
145 0 clueweb12-0013wb-47-25184 0
117 0 clueweb12-0103wb-24-16298 0
109 0 clueweb12-0304wb-47-13016 0
133 0 clueweb12-0402wb-67-13123 0
122 0 clueweb12-0109wb-37-21941 0
144 0 clueweb12-0105wb-68-19019 0
125 0 clueweb12-1802wb-64-05830 1
126 0 clueweb12-0206wb-27-06302 0
118 0 clueweb12-0308wb-03-11147 0
101 0 clueweb12-0111wb-60-15971 0
119 0 clueweb12-0012wb-86-06165 0
120 0 clueweb12-0106wb-02-16419 0
122 0 clueweb12-0210wb-96-11546 0
122 0 clueweb12-0209wb-67-18986 0
148 0 clueweb12-1512wb-62-35888 2
122 0 clueweb12-0210wb-96-11545 0
129 0 clueweb12-0106wb-23-01013 0
148 0 clueweb12-1012wb-24-10050 0
142 0 clueweb12-0106wb-31-21234 0
126 0 clueweb12-0002wb-41-18584 0
114 0 clueweb12-0203wb-36-17269 0
143 0 clueweb12-0012wb-04-25829 0
117 0 clueweb12-0103wb-45-29109 0
132 0 clueweb12-0606wb-29-31568 0
117 0 clueweb12-0103wb-26-09333 1
107 0 clueweb12-0302wb-71-09150 0
147 0 clueweb12-0404wb-50-26571 0
125 0 clueweb12-0112wb-00-28850 0
111 0 clueweb12-0509wb-94-02764 1
130 0 clueweb12-0003wb-77-23664 3
115 0 clueweb12-0601wb-74-26672 0
137 0 clueweb12-0200wb-47-07640 0
132 0 clueweb12-0107wb-49-24572 0
131 0 clueweb12-0003wb-56-35477 0
145 0 clueweb12-0108wb-27-06264 0
145 0 clueweb12-0108wb-27-06265 0
134 0 clueweb12-0206wb-75-15964 0
119 0 clueweb12-0206wb-04-08343 2
133 0 clueweb12-0110wb-70-27906 0
111 0 clueweb12-0304wb-61-06721 1
146 0 clueweb12-0006wb-35-24554 0
142 0 clueweb12-0211wb-25-26488 0
145 0 clueweb12-0108wb-27-06258 0
131 0 clueweb12-0106wb-08-29060 -2
116 0 clueweb12-0309wb-06-08397 3
125 0 clueweb12-0916wb-03-06105 0
116 0 clueweb12-0002wb-48-14554 1
138 0 clueweb12-1814wb-78-16522 0
138 0 clueweb12-1814wb-32-28328 0
108 0 clueweb12-0101wb-56-31489 0
138 0 clueweb12-1814wb-39-07273 0
129 0 clueweb12-0818wb-30-04673 0
129 0 clueweb12-0818wb-30-04677 0
131 0 clueweb12-0200wb-15-13568 0
129 0 clueweb12-0108wb-26-17275 0
142 0 clueweb12-1512wb-86-31328 0
121 0 clueweb12-0009wb-59-32747 0
121 0 clueweb12-0009wb-74-19436 0
104 0 clueweb12-0109wb-71-28563 0
102 0 clueweb12-0304wb-25-16545 0
109 0 clueweb12-0203wb-34-13737 0
103 0 clueweb12-0010wb-89-27554 0
116 0 clueweb12-0209wb-28-03690 1
121 0 clueweb12-0306wb-45-05734 1
141 0 clueweb12-0206wb-66-20710 0
128 0 clueweb12-0001wb-67-30681 0
143 0 clueweb12-0309wb-55-01531 0
105 0 clueweb12-1300wb-15-10140 0
105 0 clueweb12-1301wb-09-28306 0
115 0 clueweb12-0209wb-48-15503 0
110 0 clueweb12-0013wb-78-05393 1
117 0 clueweb12-0501wb-86-00697 1
103 0 clueweb12-0005wb-36-23888 1
107 0 clueweb12-0000wb-57-30605 0
138 0 clueweb12-1616wb-72-01177 0
139 0 clueweb12-0210wb-86-29456 0
129 0 clueweb12-0818wb-30-04703 0
129 0 clueweb12-0818wb-51-19095 0
148 0 clueweb12-0300wb-75-25912 1
129 0 clueweb12-0818wb-57-12356 0
129 0 clueweb12-0818wb-51-19099 0
133 0 clueweb12-0000wb-08-03193 0
121 0 clueweb12-0013wb-74-08180 0
121 0 clueweb12-0013wb-65-17434 0
115 0 clueweb12-0301wb-12-10897 0
117 0 clueweb12-0204wb-97-07221 0
131 0 clueweb12-0903wb-82-19663 0
134 0 clueweb12-0305wb-80-09222 0
102 0 clueweb12-1004wb-09-07901 1
112 0 clueweb12-0209wb-80-25835 0
139 0 clueweb12-0202wb-40-27775 0
114 0 clueweb12-0211wb-08-11342 0
121 0 clueweb12-1114wb-86-17915 0
122 0 clueweb12-0606wb-13-17051 2
116 0 clueweb12-0107wb-54-06566 0
114 0 clueweb12-0203wb-63-33662 0
142 0 clueweb12-1809wb-33-29861 0
121 0 clueweb12-0008wb-08-03142 0
114 0 clueweb12-0204wb-10-30970 0
114 0 clueweb12-0204wb-86-05022 0
121 0 clueweb12-0310wb-93-11998 2
125 0 clueweb12-1600wb-64-21326 0
147 0 clueweb12-0301wb-70-15325 0
126 0 clueweb12-1313wb-76-06226 0
104 0 clueweb12-0000wb-97-31605 0
141 0 clueweb12-1603wb-42-03826 0
107 0 clueweb12-0002wb-25-03166 0
142 0 clueweb12-0306wb-62-24723 1
130 0 clueweb12-1303wb-59-08725 -2
114 0 clueweb12-1505wb-01-08901 0
130 0 clueweb12-0002wb-40-33062 0
128 0 clueweb12-0307wb-60-16519 0
129 0 clueweb12-0818wb-30-04687 0
129 0 clueweb12-0818wb-23-29902 0
133 0 clueweb12-1502wb-88-00303 0
119 0 clueweb12-0302wb-48-11223 2
116 0 clueweb12-0301wb-98-21388 0
133 0 clueweb12-0207wb-21-30018 0
139 0 clueweb12-0107wb-00-12861 0
128 0 clueweb12-1615wb-56-04425 0
133 0 clueweb12-1216wb-49-16177 0
137 0 clueweb12-1804wb-39-04503 1
133 0 clueweb12-0101wb-88-26602 0
119 0 clueweb12-1011wb-32-05296 2
116 0 clueweb12-1312wb-54-14310 2
146 0 clueweb12-0200wb-10-14605 0
141 0 clueweb12-1312wb-10-02291 1
133 0 clueweb12-1404wb-56-00419 0
140 0 clueweb12-0108wb-31-12044 0
141 0 clueweb12-0501wb-51-00998 2
132 0 clueweb12-0205wb-55-28654 0
114 0 clueweb12-0111wb-30-20872 0
114 0 clueweb12-0111wb-22-08561 0
147 0 clueweb12-0101wb-62-30408 2
148 0 clueweb12-0207wb-60-15081 1
148 0 clueweb12-0207wb-30-25641 2
148 0 clueweb12-0207wb-93-10171 0
104 0 clueweb12-0102wb-12-21849 0
143 0 clueweb12-0311wb-12-13217 0
148 0 clueweb12-0104wb-08-28506 2
104 0 clueweb12-0101wb-89-17673 0
133 0 clueweb12-0400wb-47-25539 1
136 0 clueweb12-0200wb-94-30074 0
132 0 clueweb12-0304wb-35-10961 0
101 0 clueweb12-0304wb-60-03644 1
125 0 clueweb12-0705wb-00-26228 1
110 0 clueweb12-0200wb-29-21820 0
145 0 clueweb12-0311wb-96-01647 0
140 0 clueweb12-0011wb-23-27257 0
135 0 clueweb12-0111wb-50-01570 0
132 0 clueweb12-0008wb-88-17241 0
144 0 clueweb12-1403wb-84-29968 0
144 0 clueweb12-1404wb-77-07300 1
105 0 clueweb12-0112wb-13-25916 0
135 0 clueweb12-1516wb-77-18712 0
137 0 clueweb12-0201wb-10-27469 0
114 0 clueweb12-0202wb-02-09550 0
111 0 clueweb12-0212wb-16-27267 2
136 0 clueweb12-0002wb-77-23985 0
122 0 clueweb12-0606wb-20-26282 0
146 0 clueweb12-0004wb-73-24757 0
105 0 clueweb12-0012wb-69-21015 1
121 0 clueweb12-0706wb-31-25303 2
103 0 clueweb12-0407wb-91-23581 2
121 0 clueweb12-0306wb-45-05730 0
121 0 clueweb12-0306wb-45-05729 1
150 0 clueweb12-0402wb-95-22691 0
120 0 clueweb12-1813wb-00-19514 0
130 0 clueweb12-0704wb-38-31722 0
114 0 clueweb12-0210wb-39-23388 0
136 0 clueweb12-0203wb-15-16288 0
133 0 clueweb12-0705wb-60-06332 0
117 0 clueweb12-0112wb-32-14591 2
123 0 clueweb12-0106wb-48-21673 0
114 0 clueweb12-0011wb-40-28325 0
120 0 clueweb12-0005wb-76-13666 0
128 0 clueweb12-0205wb-42-26926 0
124 0 clueweb12-0012wb-84-07815 0
119 0 clueweb12-0209wb-09-14856 0
144 0 clueweb12-0104wb-04-12324 0
118 0 clueweb12-0209wb-11-15468 2
121 0 clueweb12-1716wb-47-12252 0
133 0 clueweb12-0804wb-40-09043 0
134 0 clueweb12-0603wb-97-33242 1
126 0 clueweb12-0002wb-58-13537 0
135 0 clueweb12-0110wb-78-08184 0
105 0 clueweb12-0816wb-23-22946 0
119 0 clueweb12-0409wb-39-19803 2
134 0 clueweb12-0208wb-87-25290 0
125 0 clueweb12-0610wb-00-27703 1
105 0 clueweb12-0603wb-63-35069 1
114 0 clueweb12-0909wb-13-02918 0
105 0 clueweb12-0816wb-23-22940 0
103 0 clueweb12-0108wb-03-05673 0
145 0 clueweb12-0212wb-26-24912 0
103 0 clueweb12-0108wb-13-01642 0
103 0 clueweb12-0108wb-13-01640 0
120 0 clueweb12-0004wb-65-05616 0
137 0 clueweb12-0001wb-37-06169 1
131 0 clueweb12-0206wb-08-20353 0
126 0 clueweb12-0209wb-89-04043 0
133 0 clueweb12-0210wb-34-31408 1
141 0 clueweb12-0111wb-80-33908 0
147 0 clueweb12-0400wb-55-19176 2
141 0 clueweb12-0110wb-03-21334 0
141 0 clueweb12-0111wb-80-33910 0
141 0 clueweb12-0111wb-74-31531 0
141 0 clueweb12-0111wb-80-33909 0
103 0 clueweb12-0106wb-81-13506 0
146 0 clueweb12-0107wb-40-26749 0
142 0 clueweb12-0010wb-01-27380 0
103 0 clueweb12-0200wb-33-18602 2
133 0 clueweb12-0403wb-33-22711 0
133 0 clueweb12-0009wb-45-32884 1
104 0 clueweb12-0002wb-63-01099 0
104 0 clueweb12-0000wb-30-37221 0
146 0 clueweb12-0501wb-89-14971 0
149 0 clueweb12-1103wb-36-01459 0
123 0 clueweb12-1415wb-42-03293 2
146 0 clueweb12-0307wb-75-28518 0
103 0 clueweb12-0106wb-07-30857 0
144 0 clueweb12-0706wb-02-05839 0
144 0 clueweb12-0304wb-16-09017 0
144 0 clueweb12-0710wb-03-24588 0
144 0 clueweb12-0305wb-30-32545 0
144 0 clueweb12-0708wb-74-14115 0
144 0 clueweb12-1404wb-15-12934 0
144 0 clueweb12-0711wb-75-11763 0
144 0 clueweb12-0006wb-00-08474 0
125 0 clueweb12-1609wb-90-26625 0
133 0 clueweb12-0002wb-05-02878 0
118 0 clueweb12-1308wb-86-13931 0
118 0 clueweb12-0111wb-11-30375 0
150 0 clueweb12-0211wb-67-05528 0
116 0 clueweb12-1314wb-22-00216 0
144 0 clueweb12-1404wb-77-07298 0
125 0 clueweb12-0206wb-19-28868 1
127 0 clueweb12-0815wb-43-21292 0
144 0 clueweb12-1404wb-65-14638 1
108 0 clueweb12-0103wb-01-15340 0
103 0 clueweb12-1007wb-38-32057 1
121 0 clueweb12-0404wb-84-22954 1
111 0 clueweb12-0001wb-79-35935 1
118 0 clueweb12-1909wb-26-20969 0
132 0 clueweb12-0109wb-31-12042 0
123 0 clueweb12-0305wb-20-26309 2
120 0 clueweb12-0410wb-10-12733 0
117 0 clueweb12-1903wb-84-17742 0
134 0 clueweb12-1203wb-96-02738 0
131 0 clueweb12-0407wb-74-31822 0
103 0 clueweb12-0200wb-54-02298 -2
134 0 clueweb12-0208wb-68-07263 0
149 0 clueweb12-0208wb-80-33073 0
101 0 clueweb12-0311wb-99-22050 0
130 0 clueweb12-0801wb-93-26438 1
103 0 clueweb12-1110wb-65-17858 2
145 0 clueweb12-0009wb-72-01228 1
132 0 clueweb12-1712wb-56-19370 0
132 0 clueweb12-1712wb-87-25758 0
148 0 clueweb12-0007wb-20-21970 0
118 0 clueweb12-1008wb-22-02402 0
119 0 clueweb12-0104wb-17-17484 1
145 0 clueweb12-1615wb-58-32468 0
139 0 clueweb12-0205wb-94-28750 0
102 0 clueweb12-0203wb-45-12421 0
147 0 clueweb12-0309wb-25-32399 1
133 0 clueweb12-0308wb-62-16156 1
120 0 clueweb12-0918wb-46-11278 0
126 0 clueweb12-1602wb-81-15223 0
149 0 clueweb12-0202wb-31-28744 0
132 0 clueweb12-1712wb-69-10822 0
132 0 clueweb12-1712wb-75-26093 0
149 0 clueweb12-0211wb-09-10104 0
105 0 clueweb12-0200wb-32-26325 0
134 0 clueweb12-1813wb-02-14867 0
132 0 clueweb12-1712wb-79-02489 0
132 0 clueweb12-1712wb-98-22552 2
130 0 clueweb12-1602wb-10-15181 0
132 0 clueweb12-1712wb-69-10819 0
132 0 clueweb12-1712wb-63-03776 0
132 0 clueweb12-1712wb-98-22550 2
132 0 clueweb12-1712wb-98-22551 2
132 0 clueweb12-1712wb-63-03777 2
132 0 clueweb12-1712wb-56-19377 0
132 0 clueweb12-1700tw-19-15392 0
132 0 clueweb12-1712wb-87-25762 0
117 0 clueweb12-0210wb-48-14228 0
126 0 clueweb12-1009wb-83-27153 0
136 0 clueweb12-1208wb-98-12033 0
123 0 clueweb12-0600wb-49-16397 2
132 0 clueweb12-1712wb-53-01849 0
107 0 clueweb12-1713wb-96-26868 0
133 0 clueweb12-0101wb-95-12661 0
132 0 clueweb12-1712wb-79-02484 0
132 0 clueweb12-1712wb-53-01848 0
145 0 clueweb12-1615wb-31-14447 0
133 0 clueweb12-1413wb-93-14690 1
128 0 clueweb12-0011wb-53-31680 0
123 0 clueweb12-0001wb-36-17513 2
121 0 clueweb12-0306wb-58-14207 2
133 0 clueweb12-0212wb-11-24317 1
106 0 clueweb12-0301wb-00-20538 0
147 0 clueweb12-1900wb-79-08798 1
116 0 clueweb12-0003wb-71-16574 1
143 0 clueweb12-0400wb-19-09359 0
114 0 clueweb12-1808wb-49-08501 0
114 0 clueweb12-0104wb-01-03980 0
126 0 clueweb12-1211wb-43-21456 0
137 0 clueweb12-0009wb-36-05283 1
117 0 clueweb12-0302wb-14-33953 1
132 0 clueweb12-0608wb-93-24507 2
144 0 clueweb12-0608wb-09-15429 0
120 0 clueweb12-0905wb-15-15816 0
106 0 clueweb12-0105wb-22-11707 0
104 0 clueweb12-0211wb-09-19399 0
127 0 clueweb12-0204wb-13-27317 0
128 0 clueweb12-0404wb-86-28311 0
146 0 clueweb12-0210wb-09-32879 0
133 0 clueweb12-1411wb-58-04770 0
117 0 clueweb12-0109wb-13-32935 0
135 0 clueweb12-0710wb-43-15214 0
109 0 clueweb12-0012wb-67-09784 0
145 0 clueweb12-1615wb-31-14446 0
136 0 clueweb12-0110wb-25-29747 0
139 0 clueweb12-0210wb-82-10176 0
140 0 clueweb12-0105wb-15-07752 0
122 0 clueweb12-0706wb-04-09147 0
136 0 clueweb12-0107wb-53-14077 0
144 0 clueweb12-0105wb-78-15422 0
130 0 clueweb12-0807wb-86-07171 1
121 0 clueweb12-0404wb-84-22951 1
149 0 clueweb12-0300tw-28-07553 0
102 0 clueweb12-0000wb-15-19789 0
104 0 clueweb12-0002wb-92-28376 0
105 0 clueweb12-0006wb-79-30340 0
121 0 clueweb12-0112wb-53-22968 0
138 0 clueweb12-0307wb-40-26372 1
102 0 clueweb12-0000wb-34-01391 0
118 0 clueweb12-0209wb-50-01665 0
125 0 clueweb12-0411wb-42-16672 0
106 0 clueweb12-0203wb-24-23791 0
149 0 clueweb12-0110wb-31-30682 0
111 0 clueweb12-0202wb-36-13318 0
116 0 clueweb12-1508wb-56-24999 1
104 0 clueweb12-0405wb-53-29960 0
121 0 clueweb12-0407wb-18-00307 1
114 0 clueweb12-0602wb-64-22974 0
124 0 clueweb12-0903wb-92-06099 0
132 0 clueweb12-0004wb-24-16671 0
135 0 clueweb12-0002wb-30-35032 0
138 0 clueweb12-0103wb-44-15526 0
132 0 clueweb12-1712wb-98-22536 0
103 0 clueweb12-0105wb-87-13697 0
129 0 clueweb12-0000wb-14-29792 0
149 0 clueweb12-0310wb-71-07157 0
128 0 clueweb12-1713wb-26-24308 0
122 0 clueweb12-1614wb-96-11010 0
114 0 clueweb12-0810wb-42-10951 0
119 0 clueweb12-0210wb-52-10873 0
114 0 clueweb12-0206wb-02-29696 0
116 0 clueweb12-0200wb-22-29568 3
147 0 clueweb12-0000wb-00-25873 0
105 0 clueweb12-0409wb-18-27322 1
144 0 clueweb12-0608wb-87-08781 1
126 0 clueweb12-0411wb-00-00671 0
144 0 clueweb12-0607wb-15-09606 0
131 0 clueweb12-0206wb-21-06162 0
135 0 clueweb12-0209wb-16-12719 0
130 0 clueweb12-0411wb-40-11481 0
132 0 clueweb12-0110wb-33-17475 0
140 0 clueweb12-0003wb-12-30703 0
133 0 clueweb12-0701wb-53-20858 0
129 0 clueweb12-0207wb-55-12896 0
104 0 clueweb12-0005wb-36-01758 -2
131 0 clueweb12-0713wb-97-00950 0
126 0 clueweb12-0604wb-30-04887 0
117 0 clueweb12-0109wb-63-21325 0
124 0 clueweb12-1114wb-08-21184 0
116 0 clueweb12-0301wb-89-08000 1
107 0 clueweb12-0404wb-15-08840 0
128 0 clueweb12-0201wb-14-32875 2
114 0 clueweb12-0205wb-04-06694 0
107 0 clueweb12-0105wb-71-27365 0
138 0 clueweb12-1503wb-79-15610 0
128 0 clueweb12-0208wb-18-34251 0
126 0 clueweb12-0701wb-58-09828 0
121 0 clueweb12-1009wb-82-26438 0
110 0 clueweb12-0100wb-63-34301 0
136 0 clueweb12-0206wb-42-23326 0
126 0 clueweb12-0604wb-30-04891 1
126 0 clueweb12-0603wb-91-10053 0
131 0 clueweb12-0105wb-70-26252 0
131 0 clueweb12-0104wb-93-00156 0
145 0 clueweb12-0509wb-09-31695 1
111 0 clueweb12-0302wb-80-24698 1
123 0 clueweb12-0408wb-57-25135 2
105 0 clueweb12-0000wb-73-22841 0
147 0 clueweb12-1107wb-70-01162 2
147 0 clueweb12-0205wb-38-19271 0
110 0 clueweb12-0101wb-13-09538 1
147 0 clueweb12-0212wb-20-32958 2
106 0 clueweb12-1209wb-11-04124 0
133 0 clueweb12-0007wb-24-19359 0
101 0 clueweb12-0501wb-89-30260 0
110 0 clueweb12-0013wb-79-05248 0
107 0 clueweb12-0402wb-70-06030 1
146 0 clueweb12-0107wb-32-21827 0
132 0 clueweb12-0902wb-91-00320 0
146 0 clueweb12-0208wb-81-22737 0
142 0 clueweb12-0300wb-36-27914 1
131 0 clueweb12-0208wb-15-12133 0
130 0 clueweb12-0011wb-86-31217 0
124 0 clueweb12-1114wb-08-21181 0
135 0 clueweb12-1208wb-11-26963 0
135 0 clueweb12-0111wb-43-21005 2
133 0 clueweb12-0010wb-11-20216 0
137 0 clueweb12-0908wb-10-17145 2
145 0 clueweb12-0302wb-87-11448 1
139 0 clueweb12-0108wb-65-23482 0
130 0 clueweb12-0100wb-51-23914 1
108 0 clueweb12-0908wb-19-24728 0
129 0 clueweb12-0000wb-88-27292 0
147 0 clueweb12-0600wb-83-02624 1
144 0 clueweb12-0007wb-34-03091 0
129 0 clueweb12-0001wb-91-23196 0
135 0 clueweb12-0710wb-43-15208 0
122 0 clueweb12-0010wb-15-28789 0
122 0 clueweb12-1714wb-05-24119 0
148 0 clueweb12-1616wb-63-05686 1
110 0 clueweb12-0918wb-01-15871 0
122 0 clueweb12-0007wb-82-03159 0
125 0 clueweb12-1104wb-60-01751 0
133 0 clueweb12-0606wb-64-29936 0
125 0 clueweb12-0210wb-44-15928 0
101 0 clueweb12-0701wb-34-26155 0
129 0 clueweb12-1309wb-34-29293 0
130 0 clueweb12-0002wb-10-27672 3
138 0 clueweb12-1607wb-86-10803 0
132 0 clueweb12-0110wb-32-25368 0
114 0 clueweb12-1215wb-46-07356 0
142 0 clueweb12-1513wb-58-03306 0
101 0 clueweb12-0300wb-81-20111 0
110 0 clueweb12-0107wb-58-16101 1
127 0 clueweb12-0110wb-09-15813 0
127 0 clueweb12-0109wb-92-14401 0
127 0 clueweb12-0205wb-12-17192 0
148 0 clueweb12-1101wb-28-08675 0
142 0 clueweb12-0207wb-56-01330 0
148 0 clueweb12-0207wb-68-03862 0
121 0 clueweb12-0311wb-08-00007 2
148 0 clueweb12-0207wb-82-17357 0
119 0 clueweb12-0202wb-12-03923 2
120 0 clueweb12-0715wb-47-11021 0
116 0 clueweb12-0506wb-49-26415 0
130 0 clueweb12-0103wb-90-02171 0
114 0 clueweb12-0209wb-89-02308 1
136 0 clueweb12-0103wb-27-01954 0
131 0 clueweb12-0310wb-16-05864 0
118 0 clueweb12-0012wb-66-02189 0
118 0 clueweb12-0012wb-66-02191 0
134 0 clueweb12-0105wb-63-32063 0
121 0 clueweb12-0306wb-16-17051 0
111 0 clueweb12-0205wb-11-29642 0
128 0 clueweb12-0905wb-18-04526 0
116 0 clueweb12-0610wb-71-27799 2
134 0 clueweb12-0902wb-66-02674 0
114 0 clueweb12-1210wb-71-09585 0
132 0 clueweb12-0605wb-26-25155 0
150 0 clueweb12-0710wb-73-05749 0
141 0 clueweb12-0004wb-25-30941 0
149 0 clueweb12-0004wb-16-02539 0
139 0 clueweb12-0107wb-78-06591 0
124 0 clueweb12-0012wb-15-08110 0
123 0 clueweb12-0607wb-27-10636 2
120 0 clueweb12-0207wb-59-17457 0
136 0 clueweb12-0002wb-42-05497 0
120 0 clueweb12-1508wb-36-05518 0
104 0 clueweb12-0010wb-60-12524 0
126 0 clueweb12-0009wb-42-07096 0
129 0 clueweb12-0101wb-68-27581 0
138 0 clueweb12-0303wb-20-09780 0
135 0 clueweb12-1504wb-57-22256 0
131 0 clueweb12-1503wb-85-29099 0
131 0 clueweb12-1504wb-35-30448 0
121 0 clueweb12-0200wb-30-06037 1
131 0 clueweb12-0310wb-31-22043 0
114 0 clueweb12-1602wb-61-15770 1
118 0 clueweb12-0200wb-15-11404 0
139 0 clueweb12-1407wb-69-13189 0
102 0 clueweb12-0112wb-13-00604 0
126 0 clueweb12-0300wb-82-16294 0
118 0 clueweb12-0102wb-24-15110 0
102 0 clueweb12-0111wb-29-13534 0
103 0 clueweb12-0311wb-66-22057 2
132 0 clueweb12-0202wb-77-17142 0
130 0 clueweb12-0702wb-57-05081 2
142 0 clueweb12-1500wb-02-07391 1
114 0 clueweb12-1402wb-42-14806 0
132 0 clueweb12-0203wb-11-00689 0
130 0 clueweb12-1511wb-72-18886 0
130 0 clueweb12-0301wb-51-07224 3
120 0 clueweb12-0208wb-22-23016 0
120 0 clueweb12-0301wb-58-10885 0
120 0 clueweb12-0301wb-58-10890 0
118 0 clueweb12-0302wb-55-27458 0
139 0 clueweb12-1610wb-87-08755 0
125 0 clueweb12-0204wb-91-10132 1
132 0 clueweb12-0201wb-29-18095 0
118 0 clueweb12-0205wb-76-26448 0
122 0 clueweb12-0302wb-71-09150 0
150 0 clueweb12-0012wb-24-28039 0
133 0 clueweb12-0608wb-51-00538 0
127 0 clueweb12-0110wb-09-15817 1
116 0 clueweb12-0200wb-95-31624 2
127 0 clueweb12-0109wb-86-02970 0
117 0 clueweb12-0005wb-85-34768 0
117 0 clueweb12-0110wb-49-19839 0
137 0 clueweb12-0013wb-66-00430 1
131 0 clueweb12-0105wb-91-13431 0
120 0 clueweb12-0107wb-15-30967 0
121 0 clueweb12-1503wb-78-23841 0
141 0 clueweb12-0000wb-03-22620 0
103 0 clueweb12-0916wb-70-01090 2
141 0 clueweb12-0310wb-47-19866 0
111 0 clueweb12-1405wb-14-32713 1
126 0 clueweb12-0603wb-38-03122 0
116 0 clueweb12-0301wb-81-00838 1
118 0 clueweb12-0208wb-62-09665 0
128 0 clueweb12-0605wb-40-21813 0
145 0 clueweb12-0007wb-11-01150 0
133 0 clueweb12-1109wb-04-25246 0
116 0 clueweb12-0702wb-05-28729 1
114 0 clueweb12-0300wb-39-17638 0
101 0 clueweb12-0501wb-89-30242 0
131 0 clueweb12-1504wb-71-29123 0
125 0 clueweb12-1000wb-82-24363 0
111 0 clueweb12-0610wb-09-07983 0
101 0 clueweb12-1802wb-75-29247 0
137 0 clueweb12-1313wb-52-14655 2
127 0 clueweb12-0109wb-18-22041 0
128 0 clueweb12-0001wb-68-24026 0
143 0 clueweb12-0100wb-53-03170 0
120 0 clueweb12-0702wb-26-22895 0
119 0 clueweb12-0708wb-74-31211 0
145 0 clueweb12-0209wb-19-09777 0
110 0 clueweb12-0000wb-91-26986 2
139 0 clueweb12-0203wb-78-25248 0
139 0 clueweb12-0816wb-29-19899 0
118 0 clueweb12-0600wb-39-25746 0
136 0 clueweb12-1515wb-89-17585 0
118 0 clueweb12-0300wb-63-23946 0
104 0 clueweb12-0305wb-32-11303 0
147 0 clueweb12-0915wb-40-17730 0
127 0 clueweb12-0105wb-33-03926 1
131 0 clueweb12-1504wb-32-00960 0
114 0 clueweb12-0110wb-44-06213 0
116 0 clueweb12-0607wb-60-17486 2
116 0 clueweb12-0607wb-60-17487 2
134 0 clueweb12-0110wb-51-33185 0
119 0 clueweb12-0211wb-05-31002 1
131 0 clueweb12-0108wb-04-27318 0
122 0 clueweb12-0103wb-72-28352 0
136 0 clueweb12-0105wb-98-17303 0
123 0 clueweb12-0007wb-82-31497 0
104 0 clueweb12-0211wb-93-04784 0
107 0 clueweb12-0505wb-19-26180 0
142 0 clueweb12-0110wb-26-21819 0
147 0 clueweb12-0407wb-53-07093 1
128 0 clueweb12-0909wb-13-08595 2
136 0 clueweb12-0408wb-08-05766 0
114 0 clueweb12-0002wb-82-03285 0
124 0 clueweb12-0703wb-30-06386 1
147 0 clueweb12-1504wb-73-29833 2
121 0 clueweb12-0916wb-12-18048 0
149 0 clueweb12-0004wb-38-06705 0
121 0 clueweb12-0913wb-80-28819 0
121 0 clueweb12-0914wb-03-21305 0
136 0 clueweb12-0103wb-53-26319 -2
149 0 clueweb12-1713wb-95-14340 0
122 0 clueweb12-0103wb-64-03081 0
124 0 clueweb12-0703wb-26-32150 0
147 0 clueweb12-0000wb-17-37097 0
132 0 clueweb12-0206wb-58-11281 2
131 0 clueweb12-1504wb-33-10925 0
106 0 clueweb12-0202wb-33-14989 0
106 0 clueweb12-0202wb-33-14988 0
131 0 clueweb12-0000wb-92-20944 0
123 0 clueweb12-1811wb-81-10824 1
133 0 clueweb12-0004wb-34-09986 0
145 0 clueweb12-0912wb-43-14159 2
122 0 clueweb12-0201wb-54-05658 0
142 0 clueweb12-1113wb-56-23297 0
126 0 clueweb12-0410wb-66-04316 0
123 0 clueweb12-1909wb-38-22003 0
126 0 clueweb12-0305wb-42-33531 0
140 0 clueweb12-1215wb-40-11863 0
133 0 clueweb12-0303wb-17-30914 0
109 0 clueweb12-0112wb-15-22001 0
120 0 clueweb12-0209wb-60-05972 0
133 0 clueweb12-1615wb-09-12073 0
133 0 clueweb12-0311wb-90-02968 1
114 0 clueweb12-0201wb-61-16479 0
130 0 clueweb12-0009wb-17-13519 1
122 0 clueweb12-0101wb-61-06781 0
135 0 clueweb12-0005wb-74-10311 0
135 0 clueweb12-0005wb-50-21227 0
130 0 clueweb12-0304wb-30-00961 0
135 0 clueweb12-0007wb-12-31702 0
104 0 clueweb12-1009wb-59-11165 0
145 0 clueweb12-0407wb-26-30947 0
104 0 clueweb12-1009wb-59-11163 0
109 0 clueweb12-1118wb-67-00486 0
144 0 clueweb12-0107wb-04-11527 0
114 0 clueweb12-0917wb-86-02342 0
106 0 clueweb12-0306wb-12-26643 -2
135 0 clueweb12-0110wb-10-28568 0
126 0 clueweb12-0112wb-56-02766 0
148 0 clueweb12-0402wb-23-20625 0
126 0 clueweb12-0011wb-98-30418 1
144 0 clueweb12-1009wb-57-07009 0
145 0 clueweb12-1211wb-47-12981 0
126 0 clueweb12-0704wb-63-20476 0
121 0 clueweb12-0000wb-86-37087 1
126 0 clueweb12-0304wb-45-28216 0
133 0 clueweb12-0001wb-31-21451 1
139 0 clueweb12-0006wb-77-00211 0
106 0 clueweb12-0302wb-93-02203 0
128 0 clueweb12-0401wb-59-12599 0
121 0 clueweb12-0914wb-03-21307 0
135 0 clueweb12-0307wb-85-18249 0
105 0 clueweb12-1406wb-56-12982 0
137 0 clueweb12-0110wb-87-11497 0
123 0 clueweb12-0604wb-20-23612 2
133 0 clueweb12-0208wb-98-02729 0
102 0 clueweb12-1004wb-68-20311 1
102 0 clueweb12-1004wb-57-08574 1
149 0 clueweb12-1103wb-26-10085 0
111 0 clueweb12-0608wb-29-31210 1
111 0 clueweb12-0201wb-63-08377 1
115 0 clueweb12-0204wb-83-17726 0
115 0 clueweb12-0100wb-68-28584 0
132 0 clueweb12-0000wb-42-34991 0
144 0 clueweb12-0210wb-49-29580 0
102 0 clueweb12-0704wb-42-02714 0
104 0 clueweb12-0111wb-87-23224 0
116 0 clueweb12-0211wb-37-06922 1
123 0 clueweb12-0008wb-08-27954 1
115 0 clueweb12-0816wb-56-21346 0
147 0 clueweb12-0410wb-25-28169 1
139 0 clueweb12-0000wb-50-34297 0
131 0 clueweb12-0002wb-99-06038 0
111 0 clueweb12-1008wb-61-11115 2
111 0 clueweb12-0002wb-96-02235 2
111 0 clueweb12-0010wb-63-34074 -2
104 0 clueweb12-0107wb-85-34418 0
106 0 clueweb12-0212wb-30-22942 0
133 0 clueweb12-0400wb-04-02670 1
132 0 clueweb12-0000wb-36-13254 0
110 0 clueweb12-0013wb-00-24025 0
146 0 clueweb12-0504wb-65-28598 0
132 0 clueweb12-0302wb-13-02974 0
111 0 clueweb12-0604wb-66-06868 3
123 0 clueweb12-1308wb-47-00539 2
144 0 clueweb12-0106wb-89-31667 0
118 0 clueweb12-0011wb-31-24249 0
135 0 clueweb12-0000wb-89-01331 0
149 0 clueweb12-0004wb-00-01622 0
111 0 clueweb12-1909wb-35-08632 1
121 0 clueweb12-0208wb-92-25561 0
119 0 clueweb12-1411wb-73-28136 1
119 0 clueweb12-1411wb-72-08758 2
105 0 clueweb12-0006wb-34-15845 0
137 0 clueweb12-0110wb-93-31962 0
131 0 clueweb12-1502wb-99-28091 0
126 0 clueweb12-0100wb-80-12053 0
143 0 clueweb12-0109wb-49-12886 0
104 0 clueweb12-0107wb-09-29307 0
124 0 clueweb12-0106wb-40-16169 0
143 0 clueweb12-0109wb-49-12887 0
125 0 clueweb12-1405wb-04-11686 0
141 0 clueweb12-0105wb-16-32891 0
135 0 clueweb12-0101wb-90-29050 0
135 0 clueweb12-1509wb-48-27459 0
146 0 clueweb12-0110wb-89-03691 0
132 0 clueweb12-0103wb-17-10242 0
133 0 clueweb12-0306wb-98-03518 1
116 0 clueweb12-0611wb-34-25337 2
129 0 clueweb12-1716wb-49-08363 0
141 0 clueweb12-0105wb-08-01290 0
129 0 clueweb12-0611wb-48-03893 0
126 0 clueweb12-1909wb-83-06062 0
137 0 clueweb12-0106wb-61-28758 0
103 0 clueweb12-0304wb-65-10881 0
101 0 clueweb12-0702wb-17-20552 1
130 0 clueweb12-1402wb-13-02234 1
119 0 clueweb12-0201wb-47-31778 0
146 0 clueweb12-0106wb-73-29527 0
104 0 clueweb12-1307wb-69-13343 2
105 0 clueweb12-0108wb-14-29032 1
137 0 clueweb12-0006wb-80-25571 0
144 0 clueweb12-0603wb-68-13802 0
120 0 clueweb12-0207wb-10-11985 0
125 0 clueweb12-0411wb-45-12817 0
125 0 clueweb12-0211wb-54-20809 0
105 0 clueweb12-1908wb-07-22774 0
111 0 clueweb12-0200wb-18-22114 3
142 0 clueweb12-1302wb-77-08547 0
131 0 clueweb12-0204wb-64-18323 0
129 0 clueweb12-0203wb-96-31835 0
147 0 clueweb12-0112wb-41-09499 0
119 0 clueweb12-0000wb-10-31302 0
146 0 clueweb12-0106wb-41-18279 0
146 0 clueweb12-0106wb-93-05145 0
116 0 clueweb12-0602wb-00-26183 3
145 0 clueweb12-0203wb-01-10306 0
124 0 clueweb12-0106wb-40-16153 0
104 0 clueweb12-0208wb-92-11883 0
134 0 clueweb12-0112wb-45-03379 0
147 0 clueweb12-0008wb-20-17412 0
147 0 clueweb12-0808wb-05-14173 2
138 0 clueweb12-0705wb-72-14240 0
104 0 clueweb12-0107wb-22-31370 0