29 0 clueweb12-0000wb-70-08228 0
14 0 <urn:uuid:dc34dcee-14ff-4d43-a2a7-fb610f287470> 0
23 0 clueweb12-1310wb-04-20329 1
23 0 clueweb12-1308wb-87-17434 1
36 0 clueweb12-0408wb-59-12843 0
14 0 clueweb12-1514wb-30-21406 0
24 0 clueweb12-0106wb-26-29702 1
4 0 clueweb12-0603wb-54-02529 0
18 0 clueweb12-1813wb-95-14363 0
23 0 clueweb12-1312wb-59-27264 1
39 0 clueweb12-0008wb-62-09078 0
3 0 <urn:uuid:58e96e49-87f2-4d25-8aef-aac3b6df0305> 0
23 0 clueweb12-1309wb-61-12704 1
4 0 clueweb12-0603wb-98-21947 2
7 0 <urn:uuid:73badb7e-3f47-4b2f-9402-f92148df32f0> 0
25 0 clueweb12-1413wb-32-14964 0
25 0 clueweb12-0307wb-73-13841 0
24 0 <urn:uuid:1446dd20-ec9b-4c91-9f03-63f88fed38f2> 2
23 0 clueweb12-1308wb-64-04910 1
23 0 clueweb12-1308wb-44-00101 1
23 0 clueweb12-1311wb-85-04860 1
45 0 clueweb12-1207wb-98-31352 0
23 0 clueweb12-1308wb-44-00100 1
23 0 <urn:uuid:2a03eb22-44eb-4458-9cbf-d8e01309c9da> 1
42 0 clueweb12-0209wb-91-21217 1
27 0 clueweb12-0208wb-07-01727 1
49 0 <urn:uuid:027c580b-be1a-468b-b4cd-4fe12c1ef358> 0
29 0 clueweb12-0107wb-87-20787 0
13 0 <urn:uuid:b8fc5969-14bc-44db-82e1-6a7c235e5f8a> 0
8 0 <urn:uuid:05b2531f-0e2b-48b5-bbf3-0d2ee66d832a> 0
19 0 <urn:uuid:829d269b-0aff-432d-93e3-aa65203cd39f> 0
24 0 clueweb12-0904wb-84-10519 1
38 0 <urn:uuid:7e5b8b0d-b11f-48fc-a14b-d79074eb7f47> 1
3 0 clueweb12-1716wb-84-22158 0
4 0 clueweb12-0108wb-63-13274 0
24 0 <urn:uuid:4023c41e-7081-48e5-ace1-7ca0980a8ae7> 0
8 0 clueweb12-1201wb-40-10502 0
30 0 clueweb12-1314wb-40-15654 0
37 0 clueweb12-0103wb-39-18393 0
37 0 clueweb12-0105wb-99-26100 0
24 0 clueweb12-0904wb-47-25089 0
47 0 clueweb12-0107wb-33-00022 1
17 0 clueweb12-0208wb-71-08140 0
39 0 clueweb12-0008wb-21-12615 1
5 0 clueweb12-0301wb-68-15404 0
19 0 <urn:uuid:8c65adc2-2289-48aa-86ed-c79590dd874e> 0
28 0 <urn:uuid:2b452b3e-797f-4219-9808-4c2fbb26c2b3> 0
46 0 clueweb12-0601wb-88-27669 0
28 0 <urn:uuid:bf2cfb97-9500-4414-b7d6-b64b11958be8> 0
12 0 <urn:uuid:a11ffdc0-b56d-47ed-b9f9-028ce06b86c3> 0
49 0 clueweb12-0503wb-57-26411 0
42 0 <urn:uuid:1eb698b2-832a-4ac8-b8c6-59377076bb3a> 0
26 0 clueweb12-1010wb-43-25026 0
47 0 <urn:uuid:95c84c62-aa0c-4f7c-b9a1-f3a811804535> 0
22 0 clueweb12-1202wb-39-06664 0
47 0 clueweb12-0200wb-58-30326 0
49 0 clueweb12-1311wb-43-32666 0
9 0 clueweb12-0007wb-16-00728 0
42 0 <urn:uuid:9d1dd07a-0b54-489e-a2ba-8b5e22b5a992> 0
17 0 <urn:uuid:4def4660-4f03-42e9-8778-ed59a3c25c73> 0
50 0 clueweb12-0208wb-93-25611 0
50 0 clueweb12-0208wb-75-12672 0
49 0 clueweb12-1311wb-31-10680 1
50 0 clueweb12-0209wb-14-17161 0
49 0 clueweb12-1311wb-53-19529 1
49 0 clueweb12-1310wb-05-36962 0
18 0 <urn:uuid:ccc33656-0601-4371-9f7d-82034fd05a61> 0
50 0 clueweb12-0209wb-81-13269 0
50 0 clueweb12-0209wb-24-12248 0
26 0 clueweb12-0910wb-37-08019 0
9 0 clueweb12-1504wb-63-02378 1
32 0 clueweb12-0100tw-45-04579 1
31 0 <urn:uuid:cde0d60b-b76e-4b0a-a89f-88d5dba90845> 2
49 0 clueweb12-1311wb-45-19547 1
26 0 clueweb12-0302wb-83-24199 0
18 0 <urn:uuid:df5e1e07-3b17-4ef2-a46a-366fbb86785c> 2
49 0 clueweb12-1311wb-26-14176 0
49 0 clueweb12-1310wb-05-36964 1
31 0 clueweb12-0903wb-61-08850 1
50 0 clueweb12-0013wb-54-10424 1
7 0 <urn:uuid:fe07141b-a0a3-4d48-98bf-86998dee0f13> 2
1 0 clueweb12-0509wb-18-03400 0
29 0 clueweb12-0105wb-02-08245 0
39 0 clueweb12-1800wb-84-01152 1
38 0 clueweb12-1802wb-12-11363 1
7 0 clueweb12-0205wb-73-25957 0
28 0 clueweb12-0109wb-76-04174 0
17 0 clueweb12-0305wb-92-23748 0
30 0 <urn:uuid:697a2818-b2d1-415f-9737-380d01c42468> 0
31 0 clueweb12-1002wb-75-22457 1
17 0 clueweb12-0305wb-96-16017 0
17 0 clueweb12-0305wb-92-23739 0
28 0 clueweb12-1302wb-42-11078 0
24 0 clueweb12-0209wb-48-29377 1
30 0 clueweb12-0001wb-49-32902 1
13 0 <urn:uuid:e0c59540-5b5e-41c4-9372-41edc588414d> 0
30 0 clueweb12-0001wb-37-36252 1
13 0 clueweb12-0911wb-57-32281 0
30 0 clueweb12-0000wb-32-21468 0
15 0 clueweb12-0607wb-83-27416 0
19 0 clueweb12-0210wb-72-33565 0
38 0 <urn:uuid:01560890-2b20-4a23-b850-e934b1655fb7> 1
34 0 <urn:uuid:c4b841a8-e220-4913-a49a-d79e66714c8f> 0
24 0 clueweb12-0208wb-67-06618 0
49 0 clueweb12-0504wb-16-21137 0
6 0 clueweb12-0905wb-95-10028 0
47 0 clueweb12-0008wb-53-18129 1
24 0 clueweb12-0206wb-08-06665 2
5 0 clueweb12-0411wb-98-30649 0
19 0 clueweb12-0103wb-76-31904 0
4 0 clueweb12-0508wb-33-13171 0
23 0 clueweb12-0717wb-12-20105 1
37 0 <urn:uuid:c5d6b720-2e8d-489c-83b6-870f148832a0> 2
44 0 <urn:uuid:425386b8-b025-4794-9f3e-749a1eb81c19> 1
25 0 <urn:uuid:1736c411-d292-435e-91e6-111368424c79> 0
25 0 <urn:uuid:15d7828b-18ce-405b-88a0-0a908543c1f0> 0
7 0 <urn:uuid:a5309982-6c17-4d9f-be72-75aeb076ff48> 0
18 0 <urn:uuid:276642c3-86d0-400d-ba1e-72838f7c5c96> 1
26 0 clueweb12-1502wb-48-02610 0
26 0 clueweb12-1502wb-59-00978 0
30 0 clueweb12-0003wb-98-18145 0
42 0 clueweb12-1800wb-44-06826 0
50 0 clueweb12-0108wb-96-23486 0
32 0 clueweb12-0013wb-51-32018 1
16 0 <urn:uuid:9575075f-2fa0-4661-8906-da600df3eb1d> 2
26 0 clueweb12-0301wb-45-00070 0
7 0 <urn:uuid:1b046e81-0be4-47d9-9898-1ff02032aaa3> 0
30 0 clueweb12-0001wb-49-32901 1
30 0 clueweb12-0001wb-49-32896 1
27 0 clueweb12-0105wb-82-13065 1
30 0 clueweb12-0001wb-37-36245 1
30 0 clueweb12-0001wb-37-36242 1
30 0 clueweb12-0001wb-37-36241 1
30 0 clueweb12-0001wb-37-36243 1
30 0 clueweb12-0001wb-49-32891 1
30 0 clueweb12-0001wb-28-16790 1
47 0 clueweb12-0008wb-85-14758 0
30 0 clueweb12-0001wb-37-36238 1
14 0 <urn:uuid:5b610138-b192-4568-8126-501c9609deb1> 0
30 0 clueweb12-0001wb-60-28973 0
30 0 clueweb12-0001wb-49-32889 1
31 0 <urn:uuid:f0e572d3-76f2-4bbf-8136-519b929d6a1e> 0
24 0 <urn:uuid:62c5debb-6351-41f5-9526-799666df0507> 0
24 0 clueweb12-0405wb-36-25666 0
30 0 clueweb12-0001wb-49-32885 2
30 0 clueweb12-0001wb-37-36233 1
30 0 clueweb12-0001wb-37-36232 1
30 0 clueweb12-0001wb-49-32883 1
30 0 clueweb12-0001wb-37-36229 1
26 0 clueweb12-1209wb-11-09281 1
40 0 clueweb12-0203wb-77-11385 2
18 0 <urn:uuid:f530016b-f274-4a54-9239-966723a2890e> 2
32 0 clueweb12-0011wb-33-03858 1
29 0 clueweb12-0006wb-73-19619 0
18 0 clueweb12-1607wb-18-25471 2
18 0 clueweb12-1607wb-29-14238 2
18 0 clueweb12-1607wb-06-20092 2
3 0 clueweb12-1905wb-15-14001 0
23 0 <urn:uuid:2de3d3c3-96ee-40fd-ac3f-3cdb0df8d16a> 1
47 0 clueweb12-0009wb-73-20339 0
24 0 clueweb12-0103wb-62-18077 0
34 0 <urn:uuid:e445c8f6-bcd4-4f27-b134-d553c3c6803a> 0
3 0 clueweb12-0200wb-20-06379 2
27 0 clueweb12-0205wb-64-17806 2
22 0 <urn:uuid:b55c57bc-34f9-4f19-a2f8-a24619a0a552> 1
18 0 clueweb12-0207wb-16-23785 1
42 0 clueweb12-0405wb-02-12242 0
48 0 clueweb12-0103wb-00-17371 0
3 0 <urn:uuid:493dfe8b-9fd6-4b3b-9c24-5f7248a1f03d> 2
49 0 <urn:uuid:031b7615-c51c-4714-aa20-8dabffaad7b2> 0
8 0 clueweb12-0210wb-13-32392 0
37 0 clueweb12-0203wb-66-30200 0
24 0 clueweb12-0818wb-22-12208 2
38 0 <urn:uuid:9ef59dcd-0ff5-4f63-a994-d64495bb52fb> 1
17 0 clueweb12-0002wb-18-15025 0
47 0 clueweb12-0105wb-77-27181 0
47 0 clueweb12-0105wb-93-10743 0
26 0 clueweb12-0201wb-04-33011 0
10 0 <urn:uuid:23e447df-80f5-4a76-ba31-f5092f8c14d7> 0
47 0 clueweb12-0105wb-96-16884 0
26 0 clueweb12-0001wb-17-13576 0
47 0 clueweb12-0105wb-85-23750 0
30 0 clueweb12-0000wb-05-18336 2
20 0 <urn:uuid:fa2d1157-5b71-42fb-a588-ad9d36864b52> 0
13 0 <urn:uuid:53e08747-1be8-463a-86d3-1bcc76606607> 0
26 0 clueweb12-0301wb-26-26035 0
13 0 clueweb12-0405wb-66-05506 0
27 0 clueweb12-0206wb-63-16536 1
31 0 clueweb12-1514wb-15-22603 0
36 0 <urn:uuid:b848de04-19ba-461c-b6b2-11a338fe0293> 1
27 0 clueweb12-0208wb-38-05749 2
26 0 clueweb12-0409wb-28-24498 0
27 0 clueweb12-0208wb-07-01720 1
27 0 clueweb12-0208wb-43-05584 2
23 0 <urn:uuid:143712af-4905-4883-8d34-3f8920f01a58> 1
3 0 clueweb12-0911wb-04-00744 0
30 0 clueweb12-0000wb-21-12638 0
23 0 <urn:uuid:f02ca93f-c440-4fa6-a3d7-956fd69e75cf> 1
19 0 clueweb12-0212wb-27-17884 0
22 0 <urn:uuid:cf4cbd08-7a4f-4b58-9dd8-84e56610a037> 0
9 0 <urn:uuid:86234191-616a-43fb-b81e-ad2c7c2899d9> 0
8 0 clueweb12-0109wb-99-31232 0
7 0 clueweb12-0105wb-66-29493 0
9 0 <urn:uuid:8c05c96d-2189-445d-83a0-c8b48a8d8c74> 0
24 0 clueweb12-0105wb-85-29231 0
19 0 clueweb12-0300wb-39-21061 0
16 0 clueweb12-0005wb-73-24515 0
37 0 clueweb12-0206wb-38-26496 0
27 0 clueweb12-0206wb-55-17216 0
21 0 clueweb12-1000wb-16-08575 1
21 0 <urn:uuid:70bb8876-d35c-44b4-b0de-b28f2eac6acb> 2
21 0 clueweb12-1000wb-82-05714 1
18 0 clueweb12-0210wb-42-28969 2
21 0 clueweb12-1000wb-66-11094 2
21 0 clueweb12-1000wb-66-11095 2
21 0 clueweb12-1000wb-66-11092 1
34 0 <urn:uuid:f6799c88-18e8-47a7-9016-5d15e702362f> 0
21 0 clueweb12-1000wb-66-11098 1
1 0 <urn:uuid:34a01cdd-7f19-4b5b-a4fb-c3120683c758> 0
13 0 clueweb12-0210wb-72-33571 0
21 0 clueweb12-1000wb-66-11103 1
17 0 clueweb12-0013wb-69-22321 0
21 0 clueweb12-1000wb-66-11105 1
21 0 clueweb12-1000wb-16-08577 1
21 0 clueweb12-1000wb-26-10777 1
21 0 clueweb12-1000wb-66-11107 1
21 0 clueweb12-1000wb-26-10776 1
21 0 clueweb12-1000wb-66-11109 1
21 0 clueweb12-1000wb-26-10779 1
21 0 clueweb12-1000wb-82-05731 1
21 0 clueweb12-1000wb-82-05732 1
21 0 clueweb12-1001wb-21-11108 1
21 0 clueweb12-1000wb-26-10781 1
21 0 clueweb12-1000wb-26-10782 1
8 0 clueweb12-0109wb-10-32934 0
21 0 clueweb12-1000wb-82-05742 1
21 0 clueweb12-1000wb-82-05739 1
21 0 clueweb12-1000wb-66-11117 1
21 0 clueweb12-1001wb-21-11120 2
24 0 <urn:uuid:eb62f595-6667-40ac-90f9-41026553a63a> 0
21 0 clueweb12-1000wb-82-05747 1
21 0 clueweb12-1000wb-66-11119 1
21 0 clueweb12-1000wb-82-05746 1
41 0 <urn:uuid:84820aea-60b2-4bc8-ac30-068c54a7af9c> 0
44 0 clueweb12-0012wb-25-13619 0
32 0 clueweb12-1505wb-17-30120 1
32 0 <urn:uuid:daddf708-103a-4c9f-9485-1f6bce4be76b> 0
8 0 clueweb12-0007wb-77-33820 2
31 0 clueweb12-1113wb-19-01253 1
27 0 clueweb12-0510wb-93-33993 1
32 0 <urn:uuid:3e8d44a0-2ea1-40cc-857c-fcc5b1fd46a0> 1
9 0 <urn:uuid:956e1bf4-bad8-4f0a-bf8a-4c0738698831> 0
13 0 clueweb12-0503wb-25-01928 0
9 0 <urn:uuid:ce0eaa60-7913-478d-9bf4-1ee080266e25> 0
9 0 <urn:uuid:4652b071-de31-462d-b274-a5611ccec669> 0
9 0 <urn:uuid:2b27e403-8cde-4c15-8038-a3cc66708e08> 0
20 0 clueweb12-0211wb-64-30459 0
9 0 <urn:uuid:fe606cea-6fdd-46de-8dcf-cc36889271d3> 1
47 0 <urn:uuid:860dc958-8591-4802-9c06-3b61ac629ff9> 0
31 0 clueweb12-0001wb-42-16557 0
45 0 clueweb12-0304wb-14-25352 1
26 0 clueweb12-0202wb-42-23848 0
13 0 clueweb12-0009wb-19-19540 0
26 0 clueweb12-0202wb-72-17036 1
26 0 clueweb12-0204wb-08-26463 0
42 0 clueweb12-1415wb-20-27203 0
50 0 clueweb12-0202wb-96-08212 0
12 0 clueweb12-0309wb-79-02805 0
11 0 <urn:uuid:6f6de588-a49a-461a-8f7a-7574935691cc> 0
24 0 <urn:uuid:19eaf530-3b3a-482b-b140-8aa25e085247> 0
26 0 <urn:uuid:f3363c40-d6cd-400f-959a-ae5045aa7b3c> 0
46 0 clueweb12-0201wb-76-22250 0
37 0 clueweb12-0206wb-28-23550 0
4 0 clueweb12-0307wb-81-07555 2
12 0 <urn:uuid:80d5f176-643f-4ef9-976e-e6d4796650bb> 0
34 0 clueweb12-1010wb-32-21391 1
9 0 clueweb12-0309wb-84-13974 0
6 0 <urn:uuid:d9e9721a-4c5e-411c-be45-41970d89dff6> 0
28 0 clueweb12-0300wb-54-24285 0
24 0 clueweb12-1114wb-63-07216 0
48 0 clueweb12-0207wb-46-01454 0
48 0 clueweb12-0207wb-67-27462 0
9 0 clueweb12-0503wb-70-06918 0
39 0 clueweb12-0112wb-20-28217 0
39 0 clueweb12-0200wb-44-07054 0
23 0 clueweb12-0000wb-55-02756 1
17 0 clueweb12-0406wb-09-22552 1
17 0 clueweb12-0405wb-88-02131 1
17 0 clueweb12-0405wb-88-02132 1
26 0 <urn:uuid:7a78e014-0de4-4b92-8822-3529a88c32d1> 0
8 0 clueweb12-0100wb-51-00280 0
17 0 clueweb12-0406wb-29-12947 1
17 0 clueweb12-0405wb-88-02130 1
17 0 clueweb12-0406wb-29-12946 1
17 0 clueweb12-0406wb-29-12941 1
42 0 <urn:uuid:d170f2df-9095-4c9c-8615-0bdaabbc4445> 0
8 0 clueweb12-0106wb-12-20105 0
26 0 <urn:uuid:a27f7b61-9ce0-4b02-91e8-5fe7a5821e2a> 1
33 0 <urn:uuid:f73e016d-1ddb-4121-858f-db6e5fe4fc3e> 1
48 0 clueweb12-0206wb-88-25251 0
48 0 clueweb12-0206wb-88-25250 0
26 0 clueweb12-0010wb-53-16838 0
26 0 clueweb12-0008wb-21-26597 1
26 0 clueweb12-0008wb-33-15327 0
26 0 clueweb12-0008wb-21-26599 0
26 0 clueweb12-0008wb-16-17231 0
17 0 clueweb12-0405wb-45-26063 2
17 0 clueweb12-0405wb-63-31255 2
3 0 <urn:uuid:7efa7030-ded6-4767-b202-447dede70c6d> 0
17 0 clueweb12-0407wb-01-24422 0
17 0 clueweb12-0405wb-88-02122 1
17 0 clueweb12-0407wb-01-24421 1
3 0 <urn:uuid:c1a8ac1e-1416-4644-8e56-b26db769f8f7> 0
26 0 clueweb12-0712wb-97-16652 1
49 0 clueweb12-0611wb-48-03273 0
32 0 clueweb12-1907wb-87-14437 0
44 0 <urn:uuid:df98c30e-67cb-4478-b62c-e29a391dd508> 0
4 0 clueweb12-0204wb-63-27677 0
16 0 clueweb12-0108wb-48-33485 1
25 0 <urn:uuid:344932dc-bfbe-43b0-a31a-d2fd6f355eb4> 2
26 0 <urn:uuid:7b3f79bc-db98-4baa-84f7-0dbd5d76fb3b> 0
45 0 <urn:uuid:35f1328c-4f3e-423f-bc6d-68a1aa7b7dfa> 0
25 0 <urn:uuid:735fde29-86ea-4f4f-9ba7-cce1156f8fd4> 1
27 0 clueweb12-1020wb-20-11096 0
25 0 <urn:uuid:877a032d-e1ea-4674-ac2b-c2619206035b> 0
47 0 clueweb12-0210wb-01-29615 1
13 0 clueweb12-0206wb-71-00047 0
10 0 clueweb12-0108wb-56-30133 0
26 0 <urn:uuid:f5518da7-e5fb-4911-9bc1-824fe2955d75> 0
32 0 clueweb12-0305wb-25-22753 0
10 0 clueweb12-0204wb-75-02870 0
24 0 clueweb12-0000wb-16-12726 0
47 0 clueweb12-0209wb-85-09267 0
8 0 <urn:uuid:e822c05b-aa71-457b-87f9-6827eb4dd045> 0
25 0 <urn:uuid:d3f5e3f6-c070-43b4-b63c-c56ddb8b3538> 0
25 0 <urn:uuid:b16a0e6d-2001-45ee-8e4c-51597aecec8b> 0
25 0 <urn:uuid:0839393b-2349-47b5-b4a2-3353e00c6f10> 0
34 0 <urn:uuid:f48f6293-03d9-4404-833c-a1b12e0b46ba> 0
44 0 <urn:uuid:c81282a5-91e3-4061-89be-235e82c81f2a> 0
28 0 <urn:uuid:db326f1e-e338-49fe-8a41-6329d0e6031e> 0
36 0 <urn:uuid:91873120-68b2-4ce0-8e0e-96ef969f675a> 0
19 0 <urn:uuid:30e357fd-f94d-465b-8283-a8e59196f974> 0
20 0 <urn:uuid:7372a206-f67f-4dae-ac36-aeae1a317114> 0
4 0 clueweb12-0205wb-37-14815 0
28 0 clueweb12-1309wb-23-14287 0
17 0 clueweb12-0202wb-19-20569 0
34 0 clueweb12-0107wb-36-28996 2
13 0 clueweb12-0011wb-12-18198 0
31 0 clueweb12-0210wb-30-13426 0
38 0 clueweb12-1706wb-27-06447 1
32 0 clueweb12-0103wb-09-32736 1
19 0 clueweb12-0000wb-17-14106 0
20 0 clueweb12-0111wb-26-01925 0
29 0 <urn:uuid:f1a32cfa-e381-4b23-a5b8-2553a6e7afca> 0
5 0 clueweb12-0109wb-72-16814 0
7 0 <urn:uuid:8ecb7fef-09db-43e8-af11-817757ff9b1f> 0
25 0 clueweb12-1516wb-49-19126 0
41 0 <urn:uuid:ff301fc9-5749-48ec-8d4c-2473c1c2af41> 1
47 0 clueweb12-0207wb-36-23862 0
17 0 clueweb12-0406wb-09-22537 1
17 0 clueweb12-0406wb-09-22535 1
17 0 clueweb12-0405wb-88-02118 2
36 0 clueweb12-0300wb-50-26325 0
47 0 clueweb12-0209wb-93-17824 1
10 0 clueweb12-0108wb-19-10125 0
10 0 clueweb12-0108wb-29-08847 0
29 0 clueweb12-0807wb-88-12173 0
17 0 clueweb12-0406wb-29-12935 0
17 0 clueweb12-0406wb-29-12933 0
17 0 clueweb12-0406wb-29-12924 1
17 0 clueweb12-0405wb-88-02113 1
32 0 clueweb12-0107wb-92-30006 0
10 0 clueweb12-0108wb-10-32213 2
10 0 clueweb12-0108wb-19-10116 0
32 0 clueweb12-1008wb-44-24341 2
44 0 clueweb12-0109wb-58-01963 0
24 0 <urn:uuid:b8c363d6-6205-48d9-838c-584cc6ec6f8f> 1
7 0 <urn:uuid:afefe5f2-8dc6-4971-8ab7-ffb625ba2f96> 0
17 0 clueweb12-0406wb-29-12922 1
17 0 clueweb12-0405wb-88-02112 1
17 0 clueweb12-0406wb-29-12920 2
17 0 clueweb12-0406wb-29-12923 1
28 0 <urn:uuid:3b950188-9285-4e44-a074-290bc2c92618> 0
17 0 clueweb12-0405wb-88-02111 1
17 0 clueweb12-0405wb-57-23968 0
32 0 clueweb12-1107wb-19-27049 0
34 0 clueweb12-0003wb-28-23475 0
5 0 clueweb12-0104wb-82-21482 0
18 0 <urn:uuid:766f2ebf-d14a-46a5-b048-35467728c186> 0
18 0 <urn:uuid:2bb21192-605a-4f8e-8ee8-c4c2f69c6fa6> 0
6 0 clueweb12-0005wb-87-18756 0
44 0 clueweb12-1213wb-66-28486 0
31 0 <urn:uuid:5e2420f8-c91f-43e6-a107-df56fe8b6549> 1
19 0 <urn:uuid:e5338731-77f6-40bc-a6b9-cdbd98c8af82> 0
13 0 <urn:uuid:451633d5-b86b-4453-8c62-699f3a41c19e> 0
18 0 <urn:uuid:e2bda340-4af0-437b-87c8-46c873872d9f> 0
18 0 <urn:uuid:12b44b3c-98b8-4dff-a2c9-c3d36607bc03> 0
18 0 <urn:uuid:2ccddb40-4532-4c3b-a461-f4e59725321f> 0
48 0 clueweb12-0103wb-20-19774 0
10 0 <urn:uuid:64404d82-35b0-4984-bcfa-985499c79d1b> 2
18 0 <urn:uuid:8e4a1512-355c-4389-a8dd-5fedcc1eb22d> 0
24 0 clueweb12-1903wb-43-03143 0
10 0 <urn:uuid:9097e579-ff44-48f1-bf13-499f71610327> 2
10 0 <urn:uuid:79478b62-9e74-4ac2-8c13-2caab25cca85> 2
18 0 <urn:uuid:869085a9-eb1e-4c18-a2d6-889021c92722> 0
23 0 clueweb12-1114wb-65-24520 0
47 0 clueweb12-0301wb-34-20799 0
25 0 clueweb12-0807wb-02-27960 0
16 0 clueweb12-0109wb-50-17636 1
37 0 <urn:uuid:c843dd21-df2b-40cb-9190-a360cc6fcd82> 0
19 0 <urn:uuid:4dbc0549-52e0-4205-98a4-9805ec93f20c> 0
25 0 <urn:uuid:475ac45d-7133-4aae-88d1-2f3fd2c86c6b> 0
37 0 <urn:uuid:061e616c-1574-47e1-9396-4e68efbb7d57> 0
16 0 clueweb12-0005wb-02-16144 0
38 0 clueweb12-1313wb-89-02241 0
38 0 clueweb12-1313wb-89-02242 0
30 0 <urn:uuid:d2870408-2499-4aaa-b7f0-66803b6f26b5> 0
18 0 clueweb12-0208wb-96-29432 0
17 0 clueweb12-0100wb-17-31349 1
17 0 clueweb12-0100wb-29-12729 1
37 0 clueweb12-0000wb-13-14721 0
8 0 clueweb12-0205wb-72-08707 0
34 0 <urn:uuid:6ff8a0ba-fb1e-46f8-9293-67103f523647> 1
48 0 <urn:uuid:b8bfc638-8feb-41c6-8673-c0f0c47eccb2> 0
46 0 <urn:uuid:d8dbc371-4da1-4255-9d80-086d87d247d1> 0
22 0 clueweb12-0916wb-61-02443 0
28 0 clueweb12-0000wb-33-05039 0
34 0 <urn:uuid:3ff13b29-af17-430b-9ebf-ea2c1b9486f2> 0
17 0 clueweb12-0300wb-11-11778 1
17 0 clueweb12-0211wb-45-17854 1
26 0 clueweb12-0205wb-92-20971 0
4 0 <urn:uuid:26c87032-80f9-498d-a1e1-e29e5f4aee1c> 0
8 0 clueweb12-0203wb-00-06612 0
32 0 <urn:uuid:12ffac3c-0ff9-402d-a577-de61900b8105> 0
32 0 <urn:uuid:c6fe5c65-b62e-4fb3-a857-6316848af634> 2
32 0 <urn:uuid:676bbbb7-7991-4430-8c7c-e4b85a8bc350> 1
32 0 <urn:uuid:f43d7787-bce2-4519-93c6-af117d2ec60d> 2
32 0 <urn:uuid:5a88821c-4427-4550-8968-5fb7e79b3e0c> 1
45 0 <urn:uuid:f8edf8b3-4b1a-4b9c-bbcc-f26584aee964> 1
32 0 <urn:uuid:4f2b8f5d-65bc-4225-bd7b-1a9c2365124a> 2
19 0 clueweb12-0104wb-28-11944 0
29 0 clueweb12-0001wb-56-32474 0
13 0 clueweb12-0502wb-20-30078 0
27 0 <urn:uuid:86ce6479-bcd1-4e1f-a438-5cd3d0ac5218> 2
43 0 <urn:uuid:935e7aa0-e7a4-42ce-bbb6-9c3af5019e5d> 0
3 0 <urn:uuid:63754154-3a9e-4fd8-b3c6-5a1e7312b4db> 0
43 0 clueweb12-1102wb-82-13188 1
41 0 clueweb12-0209wb-85-27417 1
26 0 clueweb12-1314wb-45-30197 0
23 0 <urn:uuid:b0f1d130-ca55-4744-a49d-dfb7d7836581> 0
8 0 <urn:uuid:c89a6459-5291-4dd9-bc04-45b380b801a1> 0
12 0 clueweb12-0003wb-29-01777 1
24 0 clueweb12-0512wb-52-22011 2
13 0 clueweb12-0002wb-32-15047 0
17 0 clueweb12-0200wb-46-23147 1
45 0 clueweb12-0304wb-70-09374 0
22 0 <urn:uuid:b2652f72-6bf2-4bef-a756-23d3b424915b> 1
47 0 <urn:uuid:6a7e2d28-58e9-496e-a342-ce27e13b3701> 0
14 0 <urn:uuid:f1c0f1b4-a0c0-4c2c-bd81-232d8882df56> 1
47 0 <urn:uuid:134046b3-c505-4dee-bf20-b244f07e55fb> 0
47 0 <urn:uuid:45b882b3-3416-4198-bcbc-e57871e5c461> 0
47 0 <urn:uuid:ea7abb30-6527-41db-8421-ff465ed8a3d9> 0
13 0 clueweb12-0608wb-67-22606 0
47 0 clueweb12-0506wb-12-06730 0
8 0 <urn:uuid:0e655adc-b4ed-4926-b410-18aea484dc21> 0
28 0 <urn:uuid:0bed0ad6-a6c2-447e-b7bf-ad31565de696> 0
32 0 clueweb12-1201wb-32-15973 1
27 0 <urn:uuid:45b67ec3-f1ed-47af-9040-00bd3e2f23d0> 0
23 0 clueweb12-0105wb-54-30360 0
32 0 clueweb12-0807wb-12-24188 0
42 0 clueweb12-0303wb-79-26173 0
19 0 <urn:uuid:d1061199-e9c6-49ff-9710-9842e184eae4> 0
35 0 <urn:uuid:26d5e314-e0c8-4bf0-9b7a-8f00a06cb65e> 1
7 0 <urn:uuid:ec8ed106-ea7e-4c88-b3ba-e0d035dcf609> 0
31 0 clueweb12-0106wb-59-24636 1
41 0 clueweb12-0203wb-42-28987 0
13 0 clueweb12-0008wb-20-30201 0
23 0 clueweb12-0001wb-14-11508 1
13 0 clueweb12-1508wb-36-14549 0
9 0 clueweb12-0009wb-95-15430 0
18 0 clueweb12-0107wb-40-23301 2
18 0 clueweb12-0107wb-40-23303 2
48 0 clueweb12-0302wb-23-06916 0
23 0 <urn:uuid:d910361c-4f9c-4432-b6a6-9b568ef7d67b> 0
13 0 clueweb12-0004wb-11-33090 0
27 0 clueweb12-0309wb-10-28455 2
34 0 clueweb12-0806wb-16-09495 0
48 0 clueweb12-0304wb-52-02696 0
5 0 clueweb12-0006wb-75-03055 0
22 0 clueweb12-0010wb-86-33093 1
29 0 clueweb12-0007wb-77-13898 0
9 0 clueweb12-0403wb-03-16393 0
9 0 clueweb12-0100wb-80-13544 2
17 0 <urn:uuid:546b957e-fee1-4f66-971e-0d9f0b036b4d> 0
17 0 <urn:uuid:5bb3adb6-8e8d-493f-ab43-f6f8e951daa0> 0
17 0 <urn:uuid:4d04ae4f-8475-48fb-8db1-3042fa02b9b1> 0
26 0 <urn:uuid:e51c8f7f-a5ab-4cca-a8bd-3e815bb70af6> 0
41 0 clueweb12-0004wb-82-01729 0
43 0 clueweb12-0204wb-89-05908 0
25 0 clueweb12-1115wb-31-18164 0
36 0 clueweb12-0307wb-76-27196 1
49 0 clueweb12-0003wb-33-36352 1
49 0 clueweb12-0001wb-83-30974 0
6 0 clueweb12-0204wb-35-10486 0
37 0 <urn:uuid:fefbd436-3dbb-4234-b732-4eace3ca0cee> 0
37 0 <urn:uuid:a6484eb4-7d42-4f8a-a3f3-96f35df61bc0> 0
37 0 <urn:uuid:551cc36c-cb15-46d7-aad0-89add8ffa428> 0
37 0 <urn:uuid:ed879eb5-9246-4942-b088-fc04a8134966> 0
49 0 clueweb12-0002wb-77-13232 0
16 0 clueweb12-0805wb-59-09409 1
38 0 <urn:uuid:385e38db-324d-43f3-bbec-279523a4154b> 1
49 0 clueweb12-0001wb-67-27637 0
49 0 clueweb12-1311wb-26-14178 0
19 0 clueweb12-0106wb-31-09947 0
49 0 clueweb12-0104wb-95-23753 1
49 0 clueweb12-1311wb-31-10683 1
49 0 clueweb12-0105wb-27-17070 0
49 0 clueweb12-0002wb-50-16644 0
49 0 clueweb12-0000wb-45-16869 0
49 0 clueweb12-0503wb-45-23271 2
16 0 <urn:uuid:ad994a6d-143e-4f2b-8d5a-dec2e031e79c> 1
13 0 clueweb12-1709wb-69-08398 0
49 0 clueweb12-0003wb-46-19287 1
49 0 clueweb12-0503wb-64-15312 1
49 0 clueweb12-0003wb-21-14339 1
40 0 <urn:uuid:8be18e79-5801-4fb0-98b2-33c96526b239> 1
49 0 clueweb12-1311wb-26-14177 0
37 0 <urn:uuid:a8aecc94-ac6b-421b-9306-6e34dcdbc66b> 0
37 0 <urn:uuid:40a3da1a-80da-4231-8170-8dd35bd7ba96> 0
49 0 clueweb12-0000wb-07-03504 1
49 0 clueweb12-1310wb-05-36966 0
49 0 clueweb12-0006wb-22-25209 0
9 0 clueweb12-0000wb-03-12987 0
3 0 clueweb12-0006wb-68-02938 0
24 0 <urn:uuid:a6e917f2-3f81-4446-87c7-140b6b2a2db2> 0
16 0 <urn:uuid:f40f704a-1585-4142-88c1-52a94698f195> 0
38 0 <urn:uuid:c8c16b85-cfca-40ed-ac87-742a9ac734b2> 2
11 0 clueweb12-0104wb-19-09536 0
36 0 clueweb12-0307wb-62-24117 1
16 0 clueweb12-0412wb-01-21519 1
16 0 clueweb12-0412wb-00-07050 1
16 0 clueweb12-0412wb-01-21522 0
16 0 clueweb12-0412wb-00-07051 0
11 0 clueweb12-0102wb-27-26933 0
16 0 clueweb12-0412wb-01-21514 1
16 0 clueweb12-0412wb-01-21516 0
16 0 clueweb12-0101wb-19-11428 0
11 0 clueweb12-0410wb-22-16486 0
4 0 clueweb12-0210wb-70-09297 2
3 0 <urn:uuid:937574a4-835b-48ba-b08d-1c5f5a9b25b5> 0
13 0 clueweb12-0008wb-61-23206 0
16 0 clueweb12-0410wb-35-32598 1
25 0 <urn:uuid:73a2dbe4-12ca-4d7f-a125-b3321a84f2f0> 2
13 0 clueweb12-0805wb-41-24498 0
27 0 clueweb12-0002wb-90-05357 0
23 0 clueweb12-0001wb-48-15187 1
19 0 clueweb12-0307wb-13-07978 0
19 0 clueweb12-0307wb-13-07979 0
20 0 <urn:uuid:bbbaae78-781f-4b65-bd9c-082f6dd6ff46> 0
26 0 clueweb12-0005wb-63-05555 2
13 0 <urn:uuid:5fe7171f-364b-41cb-9c29-ba2e656ee67b> 0
13 0 clueweb12-0710wb-40-02841 0
46 0 <urn:uuid:e7260ef5-bbd6-4909-a32c-a5f4a2850444> 0
13 0 clueweb12-0710wb-90-15573 0
23 0 clueweb12-0001wb-24-00292 1
44 0 clueweb12-1812wb-65-17740 0
2 0 clueweb12-1516wb-74-14905 0
13 0 clueweb12-1500wb-64-19786 0
24 0 <urn:uuid:175bb01a-b938-473c-afaf-448c06bfedda> 1
19 0 <urn:uuid:31ef674c-ec94-4b33-85fd-2cc987374944> 0
22 0 clueweb12-0200wb-04-00098 0
9 0 clueweb12-0102wb-29-07057 1
48 0 <urn:uuid:161c7fe3-51f3-42d9-bc76-01b0f5779c44> 0
48 0 <urn:uuid:48d119e4-d0bc-4ae2-958b-d5efd92734b4> 0
49 0 clueweb12-1501wb-76-04796 0
30 0 clueweb12-0202wb-37-29970 1
34 0 <urn:uuid:23e5d296-42ae-4318-b2f8-d71f1e7decb0> 0
9 0 <urn:uuid:3326ce2e-fced-460b-8337-8efc0a9b31c7> 1
37 0 <urn:uuid:8c0f7a58-a771-4a25-af9a-612412250002> 0
7 0 clueweb12-0012wb-68-09062 0
27 0 <urn:uuid:b1bd1451-030f-4299-9049-d2096a1f26dd> 0
33 0 <urn:uuid:375ff8fd-283e-4987-8dbb-f0aecf4ac532> 1
9 0 clueweb12-0205wb-90-16629 1
9 0 <urn:uuid:748a80ea-c2b4-4c7b-830c-71ff488bcfeb> 0
33 0 clueweb12-0107wb-22-20564 1
11 0 <urn:uuid:a4d95b3d-813b-42e2-9198-d77dcd97c380> 0
11 0 <urn:uuid:910b68a7-1d72-45d8-9149-bf25a60f10a8> 0
9 0 clueweb12-0205wb-67-32297 2
11 0 <urn:uuid:9d2f778c-2a1d-4612-8147-912427c3fc50> 2
9 0 <urn:uuid:83273e30-4eb4-43e6-8b26-255c684716f6> 0
9 0 clueweb12-0205wb-67-32298 2
46 0 <urn:uuid:9e4bea51-d4e5-45da-b04b-58a4b1ad0e18> 0
9 0 <urn:uuid:a9173b01-043d-47a1-97f0-364066319d9f> 1
11 0 <urn:uuid:3fa55160-c4ea-4f6a-bc25-a1f0f3b7293e> 0
29 0 clueweb12-0407wb-44-05155 0
11 0 <urn:uuid:07a6b44e-3f31-4ad9-87ba-2a81dcb1d7b9> 0
11 0 <urn:uuid:155f8f64-e70f-4649-8fd7-06102b1dd897> 0
11 0 <urn:uuid:092aa2ec-b264-485a-82ca-ca582f4f0f0f> 0
26 0 <urn:uuid:36f9375f-9a72-4708-ae44-5ed5ad81fcf7> 1
39 0 clueweb12-0000wb-94-16380 0
28 0 <urn:uuid:76378460-d631-415a-94da-c825c7833e10> 0
11 0 <urn:uuid:c4cad89c-fbc8-485c-826e-5c6c4b6f9ab3> 0
11 0 <urn:uuid:aa434b50-b3c1-4089-8c47-967f4008103d> 0
15 0 clueweb12-0212wb-07-23957 1
8 0 <urn:uuid:5d6381e4-b5c9-4a1c-ae05-fc39a6a89b13> 0
7 0 clueweb12-0109wb-49-29387 0
7 0 clueweb12-0108wb-67-33816 2
2 0 clueweb12-0013wb-84-25444 0
7 0 <urn:uuid:cd219bf1-0b96-433c-b69a-d271b3fb0513> 1
41 0 clueweb12-0511wb-21-04930 1
7 0 clueweb12-0108wb-67-33812 0
7 0 clueweb12-0108wb-95-29933 0
26 0 clueweb12-1100tw-73-09685 0
41 0 clueweb12-0512wb-04-03231 1
6 0 clueweb12-0305wb-85-13322 0
39 0 clueweb12-0109wb-16-10344 0
18 0 <urn:uuid:09e9b6e9-0183-4505-81d1-17c423c30e56> 0
19 0 clueweb12-0003wb-11-17655 0
47 0 <urn:uuid:dbadde8b-d0e5-4115-9691-904736cef92c> 1
3 0 clueweb12-0207wb-58-28360 0
32 0 clueweb12-0101wb-10-01461 1
3 0 clueweb12-0207wb-58-28352 0
47 0 clueweb12-0909wb-58-25376 0
47 0 clueweb12-0301wb-91-09732 0
31 0 <urn:uuid:14ffd146-5c83-477c-a8ac-4c81c1e07f44> 2
46 0 <urn:uuid:8b40f209-ef0a-4578-a14d-7e290aa4af35> 0
44 0 clueweb12-0608wb-12-09581 0
33 0 <urn:uuid:87df5daf-efde-4837-8498-8dcdcaeb264a> 0
7 0 clueweb12-0112wb-65-05458 2
10 0 <urn:uuid:ef340e56-bd86-4e39-b5fd-2b603c28fad2> 0
39 0 clueweb12-0211wb-82-14309 1
39 0 clueweb12-0208wb-92-00679 0
26 0 <urn:uuid:85ed1d19-0181-4622-b0f3-d957d91e158d> 0
8 0 <urn:uuid:29d70a1e-0ad4-4f7f-bd46-61f9b048501f> 0
29 0 <urn:uuid:00bd30d8-14fc-44e2-aee0-361b1a6bd393> 0
49 0 clueweb12-0208wb-81-22730 0
23 0 <urn:uuid:fbde0cae-e136-4e57-9add-c00f7ba8bae0> 0
5 0 <urn:uuid:91883373-c68d-4059-a22e-aab30e082dbb> 0
25 0 clueweb12-0111wb-08-29422 0
18 0 <urn:uuid:91c7ce70-e2e1-48a2-8ed1-d5ead021cd38> 1
49 0 <urn:uuid:6f3309b6-1877-44a9-b59d-dec8304d9f84> 0
19 0 <urn:uuid:7398919d-326a-48c9-a61c-03e4a7eba4e3> 0
38 0 clueweb12-0402wb-92-13228 2
17 0 <urn:uuid:05a3d2b7-de60-4067-95f0-0374be3663bb> 0
25 0 clueweb12-1000wb-99-10021 0
20 0 clueweb12-0807wb-81-08200 0
14 0 clueweb12-0700wb-03-21515 0
18 0 clueweb12-0204wb-95-04013 0
41 0 <urn:uuid:e2ee3b48-884d-4af0-8c91-39f3a877dc6e> 0
3 0 clueweb12-0112wb-12-23822 0
35 0 <urn:uuid:3dfa64e9-edb7-4ffe-980d-e5135566fed2> 0
10 0 clueweb12-0603wb-68-18375 0
10 0 clueweb12-0106wb-26-22658 1
42 0 clueweb12-0112wb-51-26486 0
48 0 <urn:uuid:7699abb9-db65-4d83-b27c-b1608e86f251> 0
34 0 clueweb12-0003wb-98-18157 0
23 0 <urn:uuid:d39a53d3-2e74-4cee-aab6-fbf5a851a1dc> 0
14 0 clueweb12-0111wb-89-29398 0
17 0 clueweb12-0207wb-09-15774 0
17 0 clueweb12-0400wb-32-26060 0
23 0 <urn:uuid:e445c8f6-bcd4-4f27-b134-d553c3c6803a> 0
34 0 <urn:uuid:7c477b76-92c2-4fdc-8e30-60035c703dab> 0
32 0 clueweb12-0212wb-31-17619 1
3 0 <urn:uuid:d809b678-babb-42e3-93df-2a6a600f5e31> 0
17 0 <urn:uuid:e0b55ce3-a22e-4da4-9d49-c579a06705b4> 0
49 0 clueweb12-0110wb-30-32142 0
45 0 <urn:uuid:0f6aa6e3-9b52-46a7-a185-eb672eac372c> 0
13 0 clueweb12-1803wb-94-22313 0
16 0 clueweb12-0011wb-27-23037 0
26 0 clueweb12-0009wb-01-12355 1
11 0 clueweb12-0107wb-50-09538 0
25 0 <urn:uuid:b5a32422-a773-4ed3-bb39-c9c14a4f561b> 1
25 0 clueweb12-1215wb-26-14147 0
8 0 clueweb12-1511wb-73-12266 0
3 0 clueweb12-1512wb-64-01124 0
21 0 clueweb12-1000wb-82-05750 1
21 0 clueweb12-1000wb-66-11122 1
21 0 clueweb12-1001wb-37-09466 1
21 0 clueweb12-1000wb-26-10788 1
21 0 clueweb12-1000wb-16-08582 1
40 0 clueweb12-0111wb-66-25387 0
21 0 clueweb12-1001wb-21-11126 2
8 0 clueweb12-1512wb-00-12860 0
21 0 clueweb12-1000wb-16-08583 1
21 0 clueweb12-1000wb-66-11131 1
21 0 clueweb12-1000wb-66-11134 1
22 0 clueweb12-0507wb-78-33089 1
16 0 clueweb12-0307wb-91-16933 0
13 0 clueweb12-1807wb-34-24798 0
19 0 clueweb12-0000wb-07-17491 0
30 0 clueweb12-0104wb-33-12825 0
26 0 clueweb12-0006wb-12-20592 0
5 0 <urn:uuid:5d45d20e-b4b6-4ee0-991a-4a372ca27991> 0
50 0 clueweb12-0409wb-51-02335 2
43 0 <urn:uuid:a8a907e6-0b09-41b8-b261-a32316dbfae6> 0
25 0 clueweb12-0001wb-61-25560 1
26 0 clueweb12-0202wb-22-21575 1
25 0 clueweb12-0208wb-94-08355 1
32 0 clueweb12-0204wb-92-12618 0
39 0 clueweb12-1215wb-14-18642 1
11 0 <urn:uuid:af1eda5b-50d3-4cac-ab4f-7b5afe2adf2b> 0
11 0 <urn:uuid:82bdfddf-cbcd-473a-8a51-d522ec4fe555> 0
47 0 clueweb12-0300wb-86-13739 0
11 0 <urn:uuid:a4089b38-f087-483d-ac49-74b3ed564c36> 0
10 0 <urn:uuid:ddb17f84-b8b9-470a-a53b-271707fff123> 0
48 0 clueweb12-0303wb-95-17092 2
27 0 clueweb12-0002wb-07-22770 2
11 0 <urn:uuid:c036ec8e-f526-40cb-bfe9-b7a8bd52b82d> 0
11 0 <urn:uuid:4e54cdb4-bf33-4138-8485-6379bfca690a> 0
45 0 <urn:uuid:114c3587-9022-4715-bd0e-61969bccce4a> 1
14 0 clueweb12-1804wb-08-26328 0
13 0 clueweb12-0210wb-17-02603 0
36 0 clueweb12-0206wb-24-00024 0
7 0 <urn:uuid:2e7d6d8a-b65d-41c2-bbb8-f2ca2efa330c> 1
26 0 clueweb12-1402wb-49-23499 1
44 0 clueweb12-0307wb-82-33760 0
11 0 <urn:uuid:1ed0e7f5-a423-4bf7-948e-df00a5ebc828> 0
44 0 <urn:uuid:d366b73a-a307-44ba-bc2c-48e740ec60d0> 2
9 0 clueweb12-0112wb-47-00086 0
25 0 <urn:uuid:2793365f-d5e9-4845-9586-e65baff9df15> 1
47 0 clueweb12-0205wb-68-30509 1
50 0 clueweb12-0111wb-41-14002 0
1 0 <urn:uuid:a6534d13-1afa-4503-a14f-68d1a9ad1ab4> 0
31 0 clueweb12-0207wb-70-00434 2
31 0 clueweb12-1400wb-91-09295 1
24 0 clueweb12-0000wb-14-36660 0
50 0 clueweb12-0111wb-94-19792 0
50 0 clueweb12-0109wb-42-01559 0
27 0 clueweb12-1614wb-18-30416 1
13 0 <urn:uuid:b703a5da-134c-4cc1-91ca-ec8ebd3f654e> 0
16 0 clueweb12-0002wb-33-07165 2
50 0 clueweb12-0109wb-93-13114 0
32 0 <urn:uuid:be28fe88-b9f2-4023-9d0e-54c7d0d83f4a> 2
25 0 clueweb12-0112wb-40-31164 1
13 0 clueweb12-0012wb-71-00819 0
24 0 clueweb12-0106wb-65-02153 1
24 0 clueweb12-0105wb-69-09821 0
50 0 clueweb12-0109wb-29-15598 0
50 0 clueweb12-0109wb-81-20458 0
50 0 clueweb12-0109wb-22-03960 0
50 0 clueweb12-0111wb-58-20462 0
50 0 clueweb12-0109wb-14-17091 0
6 0 clueweb12-1020wb-76-22499 0
24 0 clueweb12-0105wb-33-19563 1
50 0 clueweb12-0111wb-49-31877 0
50 0 clueweb12-0109wb-93-13117 0
13 0 clueweb12-1806wb-20-09606 0
32 0 clueweb12-0812wb-62-18986 0
50 0 clueweb12-0111wb-17-19176 0
16 0 clueweb12-0000wb-18-32771 0
34 0 clueweb12-0207wb-56-02707 0
21 0 clueweb12-0201wb-30-06329 2
21 0 clueweb12-0201wb-21-20096 1
21 0 clueweb12-0201wb-21-20093 2
21 0 clueweb12-0201wb-30-06326 2
27 0 clueweb12-1000tw-68-01198 1
1 0 <urn:uuid:03a73643-c59b-4a0a-b779-bfe611c8c1db> 0
3 0 <urn:uuid:01c7b90c-d789-466c-b751-037fc611bddd> 0
39 0 clueweb12-0000wb-81-20300 0
26 0 clueweb12-0103wb-64-22180 0
48 0 <urn:uuid:e05da296-737b-4f9f-bd4d-c0cb987e9156> 0
3 0 <urn:uuid:6849d073-9539-458e-b771-41ebaedd1598> 0
3 0 <urn:uuid:cc2cf0d2-3ebe-4b3e-aafb-d73dd1cb4bcf> 0
3 0 <urn:uuid:ce063e21-f756-4cb3-9a70-0b20bff22193> 0
7 0 clueweb12-0005wb-85-19359 1
32 0 clueweb12-0209wb-57-14538 0
13 0 clueweb12-0208wb-81-22740 0
33 0 clueweb12-0204wb-94-29914 1
29 0 clueweb12-0110wb-32-18280 0
45 0 <urn:uuid:abab0791-b52f-47fe-abc4-932635430eef> 0
33 0 clueweb12-0205wb-37-12552 1
19 0 clueweb12-0604wb-08-16658 0
39 0 clueweb12-0209wb-24-21048 0
31 0 <urn:uuid:28a325a4-4f48-4833-a0f1-375f5458caef> 1
45 0 <urn:uuid:dabbaa94-9ff2-4542-8f8e-68b94c4bacc8> 2
24 0 clueweb12-0001wb-13-17838 0
7 0 <urn:uuid:8b874565-48a0-42f9-a0f7-9c33b5d0a2ae> 0
38 0 clueweb12-1301wb-58-10624 1
7 0 <urn:uuid:4fd4d2d7-9fe5-46bd-a314-78bc2af7f5b4> 0
38 0 clueweb12-0202wb-72-00096 1
8 0 <urn:uuid:f1de2e17-6f79-4585-b251-29fd4cfcb4f3> 1
46 0 clueweb12-0001wb-89-27260 2
19 0 <urn:uuid:2e7edf96-e86b-4bec-82ca-7797f01cff9a> 0
10 0 <urn:uuid:21e4cecd-ea9e-4459-872a-747f199f84f4> 1
27 0 clueweb12-0202wb-16-26555 1
16 0 clueweb12-0007wb-07-22072 0
50 0 clueweb12-0107wb-56-18244 0
13 0 <urn:uuid:eaa0e7d7-173d-4ea2-8f45-24b0210464ac> 0
49 0 clueweb12-0012wb-01-00927 0
49 0 clueweb12-0100wb-22-20028 0
3 0 clueweb12-0101wb-28-19675 0
3 0 clueweb12-0100wb-30-00218 0
44 0 clueweb12-0205wb-52-13757 0
43 0 clueweb12-0100wb-26-27234 1
31 0 clueweb12-1400wb-16-16052 0
18 0 clueweb12-1209wb-91-04101 0
32 0 <urn:uuid:faa898be-1cc6-40e4-ac01-7b6c5ade0ead> 0
34 0 clueweb12-0205wb-37-21353 1
2 0 clueweb12-1111wb-99-28041 0
41 0 clueweb12-0000wb-51-28371 0
8 0 clueweb12-0300wb-05-26629 0
17 0 clueweb12-0111wb-44-28751 1
5 0 clueweb12-0304wb-22-08695 0
31 0 clueweb12-0000wb-22-17802 0
19 0 <urn:uuid:149af936-22a3-4f51-9e40-b7f4cc774612> 0
39 0 <urn:uuid:daa71673-ddbf-4431-b4e3-4087625297f2> 0
34 0 <urn:uuid:2556818a-c27a-41bf-bf5b-b2e4dafb1717> 0
11 0 clueweb12-0203wb-06-30781 2
13 0 clueweb12-1003wb-44-19420 0
13 0 clueweb12-1002wb-64-04826 0
17 0 clueweb12-0207wb-22-25976 0
32 0 clueweb12-0106wb-61-25205 0
16 0 <urn:uuid:0cf0a5f1-b3b7-44f0-a3f9-72fdeaca1b2f> 0
19 0 <urn:uuid:ab439fa7-35ad-4f5f-9d8f-b493f7d80226> 0
5 0 <urn:uuid:7541f8ff-17a7-429f-a70a-8dff87870174> 0
25 0 <urn:uuid:3368ae83-61d1-441e-a66a-203ab5326d66> 1
44 0 clueweb12-0210wb-83-07556 2
16 0 clueweb12-0103wb-90-19873 0
17 0 <urn:uuid:556febbc-4cc1-4f97-8a4e-ff2389cf108d> 2
11 0 <urn:uuid:4f8d438c-f33b-4943-8090-a8c88378c0b6> 0
3 0 clueweb12-0204wb-93-20350 0
11 0 <urn:uuid:449209d9-80f5-4b42-8e3c-0a8083188c2b> 0
11 0 <urn:uuid:8ab24496-da1e-4693-be81-4c7aa0e06510> 0
25 0 clueweb12-0000wb-22-15149 1
16 0 clueweb12-0104wb-08-13578 0
11 0 <urn:uuid:6eb73908-3f18-4146-9548-a25cbddfb3d9> 2
16 0 clueweb12-0109wb-08-30047 0
16 0 clueweb12-0012wb-70-10193 0
25 0 clueweb12-0000wb-22-15167 1
16 0 clueweb12-0101wb-52-02866 0
16 0 <urn:uuid:c90eac16-4996-4312-9957-8105886a7ac8> 0
16 0 <urn:uuid:5161d2f2-1800-40cb-8715-52d937a4e723> 0
11 0 <urn:uuid:009660bd-64c8-48f6-9191-7f5b1f9e0511> 0
16 0 clueweb12-0912wb-05-10122 1
16 0 clueweb12-0910wb-27-07256 0
16 0 clueweb12-0911wb-75-12080 0
16 0 clueweb12-0911wb-75-12082 0
16 0 clueweb12-0912wb-05-10125 0
16 0 clueweb12-0208wb-04-04311 0
34 0 clueweb12-0112wb-34-28754 0
14 0 <urn:uuid:30bad189-3ad9-45ce-9fde-d10b8b2f1bc7> 0
50 0 clueweb12-0006wb-77-23287 0
13 0 clueweb12-0208wb-35-08608 1
49 0 clueweb12-0111wb-77-20714 0
16 0 clueweb12-0012wb-92-19119 0
43 0 <urn:uuid:a4739625-69ff-4d0b-88df-1675155b0ca6> 0
43 0 <urn:uuid:d9db699d-2c54-407a-a6a0-ebf98737e17f> 0
43 0 <urn:uuid:47ee7d2a-6531-4add-89ec-b9e287ecb255> 0
19 0 clueweb12-1202wb-56-24327 0
43 0 <urn:uuid:27643e2d-a2d3-42d9-a8eb-071080566941> 0
7 0 <urn:uuid:ad52a224-70f5-48d9-8904-c9f4b3271f4e> 0
13 0 clueweb12-0000wb-16-35220 0
48 0 <urn:uuid:94d92712-97d5-469d-8e5f-b094d0f1af10> 0
27 0 clueweb12-0309wb-00-12896 2
9 0 clueweb12-0303wb-30-30927 2
50 0 <urn:uuid:0cfc99ce-cf21-4c6e-8a0b-88e59df6226c> 0
24 0 <urn:uuid:6920d483-4471-4e4d-be5d-a6900ab42183> 0
18 0 <urn:uuid:deeb1cad-bc5c-4036-ae14-4b166f832ebf> 0
31 0 clueweb12-0906wb-30-10371 2
31 0 clueweb12-0210wb-03-04875 1
20 0 clueweb12-0000wb-85-25396 0
18 0 <urn:uuid:1535222b-cc94-40cb-b9fb-706524c00724> 1
6 0 <urn:uuid:6be3ec8e-c2fe-4be3-979d-a992ee190d46> 1
17 0 clueweb12-0208wb-85-27165 0
37 0 clueweb12-1001wb-90-06116 0
33 0 clueweb12-0204wb-94-29916 1
30 0 clueweb12-0111wb-00-21771 1
30 0 clueweb12-0110wb-51-08812 1
30 0 clueweb12-0110wb-90-18331 1
30 0 clueweb12-0110wb-34-09620 1
30 0 clueweb12-0111wb-49-03534 1
17 0 clueweb12-0209wb-34-30133 1
17 0 clueweb12-0209wb-34-30134 1
30 0 clueweb12-0110wb-90-18330 1
37 0 clueweb12-1001wb-90-06113 0
23 0 clueweb12-0716wb-29-14144 0
39 0 clueweb12-0205wb-56-24248 0
10 0 clueweb12-0109wb-99-23898 1
7 0 clueweb12-0400wb-57-30148 0
36 0 clueweb12-0904wb-72-22700 0
31 0 <urn:uuid:f6903fd3-fe29-4e76-b765-68c3ff98b3ac> 1
23 0 clueweb12-0803wb-64-20959 0
30 0 clueweb12-0501wb-75-07475 0
38 0 clueweb12-0512wb-44-32703 0
1 0 clueweb12-0302wb-40-22172 0
3 0 <urn:uuid:877d0e23-8ef4-487e-b5ab-43d49199f6bc> 0
11 0 clueweb12-1009wb-10-09945 1
31 0 clueweb12-0002wb-50-01610 0
25 0 clueweb12-0000wb-39-18113 1
38 0 <urn:uuid:4805651e-f015-426f-a7f6-0e068b65c79e> 2
38 0 <urn:uuid:a1dcd9ac-166e-457c-a73b-3a527ecc30aa> 1
41 0 clueweb12-0210wb-06-28642 0
9 0 clueweb12-0008wb-85-22471 0
24 0 clueweb12-0200wb-42-00550 0
49 0 clueweb12-0306wb-74-06574 0
34 0 clueweb12-0013wb-12-01907 0
16 0 clueweb12-0103wb-55-05378 0
6 0 clueweb12-0106wb-63-33145 0
36 0 clueweb12-0108wb-71-06271 1
16 0 clueweb12-0109wb-61-28531 0
16 0 clueweb12-0012wb-70-10191 0
12 0 <urn:uuid:8dcac5cb-e8a0-4c6e-a6de-912b1983d9de> 1
12 0 <urn:uuid:bf218a4e-150d-409f-b723-5c46f8c2e869> 0
33 0 clueweb12-0109wb-21-34226 1
16 0 clueweb12-0013wb-66-05095 0
17 0 clueweb12-0002wb-91-19509 0
14 0 clueweb12-0003wb-90-29633 0
32 0 <urn:uuid:2d6a4ca9-c123-4fe8-b2c6-bd91c7e94599> 0
15 0 <urn:uuid:a0a8b5ed-ee5b-4fbf-8142-9fcb66fface9> 0
9 0 clueweb12-0010wb-69-12947 0
38 0 clueweb12-0812wb-09-13257 1
32 0 <urn:uuid:71a576ed-de66-4613-9a14-3f33e2972198> 0
27 0 <urn:uuid:382451e9-4058-4799-93bf-a473a95c6f2b> 1
3 0 clueweb12-0906wb-65-10877 1
32 0 <urn:uuid:974fbabf-bb3e-4d35-86af-f4254090ce6d> 2
33 0 <urn:uuid:69ce4f1b-6885-4062-97d2-5f474a57aa58> 2
11 0 <urn:uuid:a0908c5f-718f-4690-a963-520d763ecd7c> 1
42 0 clueweb12-0111wb-04-13998 0
32 0 clueweb12-0100wb-32-04263 1
39 0 clueweb12-0205wb-26-21222 0
14 0 <urn:uuid:d010fd1b-c84d-4cd8-aa66-a2096575316a> 1
50 0 clueweb12-0006wb-44-12970 0
25 0 <urn:uuid:491e373a-ed58-405b-a1bc-d73c1eb96443> 0
15 0 clueweb12-1906wb-84-16611 0
14 0 clueweb12-0607wb-47-02221 1
25 0 <urn:uuid:7ef9e1e0-5e66-4136-994a-bd71c71a210f> 1
28 0 <urn:uuid:27b12e2a-6d59-4a79-837d-b9362ad2a3de> 0
28 0 clueweb12-1210wb-73-24531 0
4 0 clueweb12-1113wb-04-27289 0
35 0 clueweb12-0110wb-65-28762 0
39 0 clueweb12-0202wb-35-08915 0
35 0 clueweb12-0111wb-87-24410 2
35 0 clueweb12-1511wb-63-14199 0
45 0 clueweb12-0410wb-89-24552 0
38 0 clueweb12-1600wb-72-25245 2
41 0 <urn:uuid:1ba6eaf8-4e54-4a2b-ac72-ef03585601a9> 0
29 0 clueweb12-0308wb-07-31336 0
39 0 <urn:uuid:a720b558-58a3-4535-870d-eff3c4c69b99> 0
32 0 <urn:uuid:1a2c6fff-4f7e-4ba2-a4bb-ce030099917e> 0
19 0 <urn:uuid:c8ffedca-6a1e-459f-92c1-b1c0b689df7a> 0
30 0 clueweb12-0012wb-58-19909 0
28 0 clueweb12-1400wb-64-10563 0
31 0 clueweb12-1404wb-89-13033 0
31 0 clueweb12-1405wb-26-14174 0
27 0 clueweb12-1117wb-62-24206 2
26 0 <urn:uuid:23f6f8a6-099c-4bef-8f88-2699293ff430> 0
44 0 clueweb12-0311wb-47-16205 0
22 0 clueweb12-0211wb-24-10033 1
28 0 clueweb12-0300wb-66-10117 0
4 0 clueweb12-0207wb-28-02780 0
31 0 clueweb12-0011wb-42-17918 0
31 0 clueweb12-0011wb-42-17917 2
39 0 clueweb12-0104wb-28-30485 2
31 0 clueweb12-0011wb-42-17916 1
10 0 <urn:uuid:79af2aeb-70c5-4d09-a8e5-0636f4d5a539> 0
31 0 clueweb12-0011wb-42-17914 2
10 0 <urn:uuid:fbbd207c-dc02-4dcd-b39b-2abf2d1b4c6f> 2
39 0 clueweb12-0105wb-95-24925 2
10 0 <urn:uuid:1b19a1e5-bbed-45e3-af62-a808ca220f53> 1
5 0 clueweb12-0000wb-20-01490 0
25 0 clueweb12-0307wb-37-32757 1
26 0 <urn:uuid:529b1ce0-6fee-4c32-a487-caa702c877c6> 2
24 0 <urn:uuid:e8fe0013-24cf-4f6f-98d9-1fac6b5c3c0c> 1
24 0 clueweb12-0205wb-27-08454 1
24 0 <urn:uuid:791bdf58-3a63-4221-9959-72488e3592a5> 1
14 0 clueweb12-0000wb-74-11513 1
14 0 clueweb12-0012wb-24-24495 0
31 0 clueweb12-0005wb-40-17741 1
33 0 <urn:uuid:e55d7d0a-73fd-4ab8-bf43-0dad87a0dd5c> 1
35 0 <urn:uuid:fa11c9eb-562e-4f55-8637-4fd2d363daba> 0
11 0 clueweb12-0205wb-22-25485 0
11 0 clueweb12-0204wb-38-32408 1
9 0 clueweb12-0002wb-19-28947 0
38 0 <urn:uuid:e1de9679-a8f7-4156-be81-b87699e5f030> 0
26 0 clueweb12-0504wb-23-19568 0
8 0 clueweb12-0208wb-06-34273 0
14 0 clueweb12-0612wb-06-04950 1
26 0 clueweb12-0112wb-10-28472 1
8 0 clueweb12-0909wb-24-09146 0
27 0 <urn:uuid:83e3afe9-b8ae-4369-a1a2-65f58a2c13f0> 1
36 0 clueweb12-0008wb-01-16982 0
41 0 <urn:uuid:d09825f9-dfaa-4d4e-9051-a12f6cf36b6a> 0
5 0 clueweb12-1203wb-65-24684 0
42 0 <urn:uuid:16527adf-cdbe-4a83-bf02-182c07092a79> 0
18 0 clueweb12-0501wb-74-20449 0
26 0 clueweb12-0105wb-95-20878 1
47 0 clueweb12-1504wb-64-11808 0
47 0 clueweb12-1504wb-64-11789 0
47 0 clueweb12-1504wb-32-28087 0
4 0 <urn:uuid:228339ce-7921-4be0-9c1e-4b0d403e0211> 0
50 0 clueweb12-0000wb-71-34940 0
34 0 clueweb12-0201wb-02-14014 2
18 0 clueweb12-0200wb-56-22080 1
45 0 <urn:uuid:69aa73f1-06cc-491f-a595-c1e6177916d0> 0
45 0 <urn:uuid:7c8cb0b2-ce87-4d9d-b2ae-e88d20f58148> 0
45 0 <urn:uuid:f32574da-8b62-4f3e-9bfd-d4ab609535d6> 0
25 0 clueweb12-0200wb-54-19975 0
25 0 <urn:uuid:c073a729-49c8-4d67-bedb-0f3de022557b> 2
9 0 clueweb12-0608wb-12-30030 0
17 0 clueweb12-0208wb-68-13075 1
49 0 <urn:uuid:cf74784a-df5b-433b-992e-9de37763317a> 0
19 0 clueweb12-0816wb-93-23786 0
50 0 clueweb12-0205wb-84-08260 0
25 0 clueweb12-0200wb-79-21573 1
25 0 clueweb12-0105wb-96-26175 0
41 0 clueweb12-1612wb-73-20803 2
25 0 clueweb12-0106wb-03-02650 0
48 0 clueweb12-0202wb-45-33864 0
41 0 <urn:uuid:c4811d8f-b5af-4d74-af5a-ac23dce43a56> 0
31 0 <urn:uuid:78328e51-fad4-4b55-be5f-a2bd602f0cc5> 1
17 0 <urn:uuid:c592e9f2-d948-4ea9-9658-7632387d0c9f> 1
30 0 <urn:uuid:cecbf390-4d95-4e91-a317-80060eefe0f6> 2
11 0 <urn:uuid:59adf40d-16f5-4995-965e-3aea0c8376de> 0
16 0 clueweb12-0009wb-01-19324 0
28 0 clueweb12-0108wb-00-25776 0
28 0 clueweb12-0107wb-85-25560 0
22 0 <urn:uuid:3903043f-61a7-4733-b715-fc6fddbe337f> 2
47 0 <urn:uuid:e1931a26-a017-45ce-937d-279ae8872f07> 0
49 0 clueweb12-0206wb-26-23179 0
31 0 clueweb12-0012wb-29-20392 0
31 0 clueweb12-0010wb-72-08288 0
31 0 clueweb12-0011wb-97-10343 0
31 0 clueweb12-0012wb-99-16352 0
3 0 <urn:uuid:72131535-f997-4b7e-8961-3a3050b17604> 2
24 0 <urn:uuid:65a4ef79-be8c-47b3-9d16-4aaf60be8b10> 1
31 0 <urn:uuid:e91c3e7f-cd00-44dc-874c-5e2e33d9c894> 0
31 0 clueweb12-0013wb-07-30822 0
32 0 clueweb12-0209wb-29-09725 0
24 0 <urn:uuid:6abf067b-dd8c-404e-8ed0-b4ab9c2a4693> 1
10 0 clueweb12-0000wb-45-38920 1
26 0 clueweb12-0202wb-89-18686 0
23 0 <urn:uuid:fc51c23e-a14f-4fb2-a0c7-7b97229f366e> 1
14 0 <urn:uuid:3bd1064b-69d1-405d-8a35-c0f0d2bd2766> 0
8 0 clueweb12-1512wb-02-04698 0
17 0 clueweb12-1010wb-14-08374 1
18 0 <urn:uuid:8d38a3eb-12c1-4b7d-8320-f0134a851eca> 2
17 0 clueweb12-0011wb-80-28715 1
1 0 clueweb12-0510wb-25-32727 0
31 0 clueweb12-0100wb-24-19192 1
50 0 clueweb12-0102wb-81-16328 1
1 0 clueweb12-0000wb-99-27790 0
31 0 <urn:uuid:ed993d1b-7651-4706-b318-25037d9e6b4e> 0
24 0 clueweb12-1020wb-54-14782 0
28 0 <urn:uuid:33176e2d-4424-40a8-94cc-0c238f8a84d5> 0
45 0 clueweb12-0000wb-96-05803 0
45 0 clueweb12-0000wb-96-05797 1
48 0 clueweb12-1014wb-96-07213 0
6 0 clueweb12-1608wb-40-02703 0
49 0 <urn:uuid:11372250-878b-428f-aa04-0aa18864b367> 0
6 0 clueweb12-1608wb-51-03170 0
6 0 clueweb12-1608wb-51-03171 0
48 0 clueweb12-1015wb-51-01574 0
6 0 clueweb12-1608wb-55-14774 0
6 0 clueweb12-1608wb-55-14778 0
6 0 clueweb12-1608wb-51-03173 2
6 0 clueweb12-1608wb-40-02706 2
6 0 clueweb12-1608wb-74-18450 0
32 0 clueweb12-0010wb-29-06924 0
10 0 <urn:uuid:f05560b9-4672-4185-8d4c-be594b9c2df4> 0
26 0 <urn:uuid:d4336ec1-39c3-4c7f-97f3-c1957c085027> 0
35 0 clueweb12-0110wb-92-21224 0
31 0 clueweb12-0307wb-00-05414 0
13 0 clueweb12-0003wb-19-04627 0
31 0 clueweb12-0307wb-00-05425 0
25 0 clueweb12-0001wb-61-25559 1
31 0 clueweb12-0003wb-15-23519 2
27 0 clueweb12-0714wb-10-25200 0
5 0 clueweb12-1400wb-66-20654 1
38 0 clueweb12-0008wb-45-28221 0
39 0 clueweb12-1004wb-55-21188 0
44 0 clueweb12-1600wb-70-26012 0
9 0 <urn:uuid:e516bfa1-5f32-45a3-9604-47a27f5239cd> 2
28 0 <urn:uuid:f578ae50-7b2a-4247-89d6-7ac089fc61e2> 2
26 0 clueweb12-0311wb-22-04975 2
3 0 <urn:uuid:c9fd794d-5ea2-4e9b-ac3c-bdea6b23e880> 0
13 0 clueweb12-0307wb-20-08073 0
24 0 clueweb12-0107wb-86-01169 0
16 0 <urn:uuid:4d890112-783c-45dd-abbc-a5d1bdbd9977> 0
12 0 <urn:uuid:35624da2-c4f3-48b6-8dc9-f30d4ef0b2ce> 2
37 0 <urn:uuid:786ffa6f-c2af-452f-942e-4e38da751757> 0
38 0 <urn:uuid:aa999e4b-2943-43d6-a6db-ec2b1fa9c597> 0
18 0 <urn:uuid:09eb08e6-f448-4cf9-bfd4-ef4a55ce8ffb> 0
18 0 <urn:uuid:5fd815b1-62aa-4d86-b6c7-8e9a6e2ef86b> 0
20 0 <urn:uuid:4899bb99-4831-40c8-b625-5419e07d73af> 0
42 0 clueweb12-0701wb-81-04180 0
12 0 clueweb12-0111wb-10-10924 0
42 0 clueweb12-0003wb-35-00692 0
31 0 clueweb12-0013wb-36-28451 1
31 0 clueweb12-0012wb-29-20394 2
31 0 clueweb12-0403wb-22-23861 1
32 0 <urn:uuid:28837703-fc64-408b-9bf5-7413e62c0e65> 0
10 0 <urn:uuid:9ef7e344-5175-44d9-9d2c-2cc92ed37ac7> 1
4 0 clueweb12-0805wb-91-11732 0
39 0 <urn:uuid:18051c00-7623-4b82-9157-54a2ebb7994e> 0
31 0 clueweb12-0011wb-52-10544 0
31 0 clueweb12-0100wb-24-19195 1
26 0 clueweb12-0205wb-39-24351 0
31 0 clueweb12-0012wb-94-24733 0
31 0 clueweb12-0205wb-19-03290 0
31 0 clueweb12-0100wb-09-05098 2
10 0 clueweb12-0110wb-23-13517 1
41 0 <urn:uuid:b4c93316-e4aa-4166-8cbc-32b3ce54453c> 0
11 0 clueweb12-0011wb-02-16508 0
47 0 clueweb12-0100wb-08-12800 0
36 0 <urn:uuid:936f462d-fe9a-4e0b-8f5d-12fcee92fcc6> 0
8 0 clueweb12-0308wb-64-08797 0
26 0 <urn:uuid:e8b3f8bd-7c97-4b9f-8c32-cb8bdc9b6eb8> 0
11 0 clueweb12-0010wb-90-20535 0
36 0 clueweb12-0011wb-86-12446 1
16 0 <urn:uuid:05e8bd43-1c50-4c7a-86de-60f748da013a> 0
6 0 <urn:uuid:4020c921-d6cb-4e3b-ada5-04629cdafd05> 0
21 0 clueweb12-0712wb-39-03514 0
13 0 <urn:uuid:0e869049-fe82-46eb-9b7a-bcf9d064770d> 0
18 0 <urn:uuid:5e1d7731-6701-4c7f-b5ab-3efda0ed090c> 2
42 0 clueweb12-0813wb-43-23082 0
11 0 clueweb12-0207wb-71-35400 0
5 0 clueweb12-1300wb-87-26630 0
15 0 clueweb12-0001wb-42-33563 2
26 0 <urn:uuid:04fdcf75-0711-43d7-a90d-78514ba06a99> 1
44 0 clueweb12-0204wb-27-19776 0
45 0 <urn:uuid:75ffb5cb-ca3d-4fae-9afc-abc5494e491c> 1
39 0 clueweb12-0111wb-86-20280 2
13 0 <urn:uuid:3757d843-d3cd-41a1-bbd2-49fa7c29512a> 0
32 0 clueweb12-0205wb-15-04956 1
19 0 clueweb12-0811wb-96-21715 0
25 0 <urn:uuid:fb7d75ad-e85a-4afe-8cd9-966a43eab65e> 0
19 0 clueweb12-0812wb-62-08719 0
25 0 clueweb12-0001wb-61-25550 1
4 0 <urn:uuid:49468473-7acb-4f69-94e2-40263985f60d> 0
29 0 clueweb12-1203wb-03-12605 0
34 0 <urn:uuid:3387515e-1bb6-4e6a-b896-330a93b77a0f> 0
5 0 clueweb12-0110wb-83-13853 1
25 0 clueweb12-0002wb-02-23570 1
16 0 <urn:uuid:d497626e-a77d-45f4-a864-515b7cfe4297> 1
25 0 clueweb12-0001wb-74-00746 1
8 0 clueweb12-0000wb-00-20818 0
16 0 <urn:uuid:664a8b08-91e0-4ff2-840a-76f637602a02> 0
16 0 <urn:uuid:1cbc67b1-0f85-486d-bab2-12756eced331> 0
33 0 clueweb12-0000wb-19-24673 1
25 0 clueweb12-0001wb-74-00751 1
25 0 clueweb12-0307wb-33-20578 1
35 0 <urn:uuid:65d1363c-0f36-4dc6-b768-e0f1e6cfe4be> 1
34 0 <urn:uuid:44fa77a3-00a9-4c4c-9ada-6c3d0ea98bc1> 0
19 0 clueweb12-0404wb-60-11337 0
13 0 <urn:uuid:b72be4c9-ce85-4325-b7fb-2c933c5d89bb> 0
24 0 <urn:uuid:4ed00cde-3802-465b-a434-f4199b584686> 2
43 0 clueweb12-1907wb-89-16856 0
13 0 clueweb12-0500wb-00-02895 0
31 0 clueweb12-0005wb-51-22364 1
26 0 clueweb12-0511wb-81-13763 0
36 0 clueweb12-0606wb-63-20172 0
16 0 <urn:uuid:0ce0837b-e2a2-415f-ba63-5902a310d2e8> 0
44 0 <urn:uuid:ae79ab63-33ff-4fe6-9cdb-58ff7d8e45f7> 0
19 0 <urn:uuid:73c562d7-e32e-490d-86eb-baadea02421a> 0
44 0 clueweb12-0205wb-86-27410 0
32 0 <urn:uuid:b2dd8a20-516d-44c7-8bd4-96b9499d99d0> 1
37 0 clueweb12-0205wb-98-07545 0
42 0 clueweb12-1802wb-13-21154 0
45 0 clueweb12-0211wb-86-32456 0
45 0 clueweb12-0211wb-79-07526 2
13 0 <urn:uuid:2da0d39a-e608-4225-925d-f725d2867c08> 0
4 0 clueweb12-0805wb-71-18403 0
48 0 clueweb12-0007wb-10-34099 0
45 0 clueweb12-0211wb-79-07522 0
14 0 <urn:uuid:806ecc63-ba9b-44eb-ba8a-d205be8a2bc6> 0
12 0 <urn:uuid:656fc214-6e96-4877-90fe-a1f603ed2e8f> 0
44 0 <urn:uuid:80f8d278-d9c1-479a-a7f0-c2ca95663d2f> 0
41 0 <urn:uuid:54b349bb-f017-46d0-a4b0-ea207234abb2> 0
19 0 <urn:uuid:f0fb3aa2-5cc2-4d79-9d61-5ae00e0d8d9b> 0
27 0 clueweb12-1615wb-63-17574 1
24 0 clueweb12-1903wb-80-06716 1
19 0 clueweb12-0108wb-75-21486 0
19 0 clueweb12-0107wb-58-22947 0
25 0 clueweb12-0005wb-50-06683 1
25 0 clueweb12-0307wb-43-08625 0
36 0 <urn:uuid:3e891a8a-1bb8-47e3-9e19-705fe2787420> 0
25 0 clueweb12-0112wb-40-31174 0
2 0 clueweb12-0701wb-60-09968 0
42 0 <urn:uuid:6615d902-8f22-4829-91c1-573dbe1d531c> 0
2 0 clueweb12-0701wb-34-26146 2
36 0 <urn:uuid:5a9f3bed-1a43-4577-9f47-941ac6a3449a> 0
2 0 clueweb12-0701wb-34-26145 0
2 0 clueweb12-0701wb-60-09952 2
36 0 <urn:uuid:399d703f-c8b1-44d8-8788-c9e528aca139> 0
2 0 clueweb12-0701wb-91-01476 0
36 0 <urn:uuid:6c95cd2f-5e3d-49cf-ac49-edff97a3f0a8> 0
23 0 <urn:uuid:9b8b4dee-24c8-4a84-b13a-e9a892d95ffc> 0
18 0 clueweb12-0207wb-34-09538 0
36 0 <urn:uuid:d9e1adbd-6257-4e6f-97e7-7dfce82c9feb> 0
39 0 clueweb12-0000wb-20-26967 0
39 0 clueweb12-0000wb-46-18923 2
14 0 <urn:uuid:7483d3a9-cf53-43d5-a196-2d8a91d203bc> 1
16 0 clueweb12-0307wb-91-16920 0
16 0 clueweb12-0306wb-91-09111 0
16 0 clueweb12-0308wb-06-26667 0
14 0 clueweb12-0101wb-24-01554 0
14 0 <urn:uuid:fec0737b-d2ee-49d0-8650-e29e5c94e2e9> 0
1 0 clueweb12-0104wb-36-00047 0
26 0 clueweb12-0503wb-39-07360 0
44 0 <urn:uuid:67d3bb6b-725c-442b-9675-33c5638f6a30> 0
45 0 clueweb12-0105wb-70-01302 0
35 0 clueweb12-0402wb-74-06454 2
35 0 <urn:uuid:a633161f-e211-47a7-87ff-f0c7e48a3230> 2
35 0 <urn:uuid:45c2b68b-c27e-4a54-a424-087aea1496e6> 2
5 0 clueweb12-1005wb-19-16098 0
35 0 <urn:uuid:111054a6-96cd-48d8-a579-afc45c621e46> 0
14 0 clueweb12-0606wb-55-02254 0
11 0 clueweb12-0106wb-92-23609 0
11 0 clueweb12-0107wb-84-19433 2
11 0 clueweb12-0107wb-56-19299 2
9 0 clueweb12-1303wb-17-15403 1
40 0 <urn:uuid:dc2c5578-b16b-47ec-ab35-c4964d4aaa3e> 0
25 0 <urn:uuid:818a3fea-95fe-4771-b841-b93b31517ef7> 0
40 0 <urn:uuid:d27859eb-7af9-43f9-8da6-62432d78fec3> 0
17 0 clueweb12-0105wb-28-19368 1
50 0 clueweb12-0104wb-55-31102 2
18 0 <urn:uuid:5b43f10a-e42d-4d4e-aa30-f3351f302a89> 0
36 0 clueweb12-0907wb-04-10347 0
9 0 <urn:uuid:99e6ce3a-7623-414e-900a-68794ae20f08> 2
10 0 <urn:uuid:5af3037b-3da0-414d-9ecb-6feae6de3748> 0
3 0 <urn:uuid:2a979b60-61cb-4a3d-9a6c-4630c0cca71c> 0
9 0 <urn:uuid:00e2baa4-58a3-47a2-ac64-53aa1750ec2a> 2
32 0 <urn:uuid:af5a3c14-6cdc-4def-97fc-35e621aef922> 1
47 0 clueweb12-1212wb-06-00728 2
34 0 <urn:uuid:4e1c3bfe-b92e-4793-91f0-0f8f53283341> 0
25 0 <urn:uuid:50bf66a8-4fe4-4535-b52a-195f3fd5b50c> 0
20 0 <urn:uuid:d6448322-6238-41d2-aaf4-865b970413a7> 0
47 0 clueweb12-1701wb-30-20298 1
17 0 <urn:uuid:f0582e22-05dd-4396-ad46-867c03b48b01> 1
17 0 <urn:uuid:69662fc2-6abe-48a2-9932-64e2f192eb3a> 1
8 0 clueweb12-0208wb-91-27819 0
24 0 clueweb12-0107wb-12-25698 1
8 0 <urn:uuid:a6156a58-7da2-4851-9ffa-fa90dbf36f63> 0
3 0 <urn:uuid:f0e42907-9040-4f8a-9f3d-f1d7f2347ab3> 0
34 0 <urn:uuid:fa577699-baab-4215-bbc0-922b9d53a73b> 0
49 0 clueweb12-0206wb-69-11320 0
17 0 <urn:uuid:3b4a7405-5d70-45b5-bf14-1af871c3d888> 0
32 0 <urn:uuid:1589d6e6-2b8d-441a-82ec-004b8c1e62be> 0
10 0 clueweb12-1009wb-56-15662 0
13 0 clueweb12-0000wb-30-35717 0
41 0 <urn:uuid:778b867d-55a5-435f-adb2-885775c106d9> 0
26 0 clueweb12-0511wb-20-10791 0
14 0 clueweb12-1508wb-81-06092 1
10 0 <urn:uuid:e178cf16-9953-4277-a17b-58047b603dd3> 0
50 0 clueweb12-0204wb-05-33020 0
28 0 <urn:uuid:6c6a88f1-333a-42fc-9212-37013e445165> 2
28 0 <urn:uuid:989ce867-47ef-46f6-81ce-27785cfc6392> 2
28 0 <urn:uuid:7caadb19-851a-4f47-b454-35aa21a1fb11> 2
31 0 <urn:uuid:e37f4e92-42df-4bc0-b7aa-a2a61795d285> 1
8 0 clueweb12-0916wb-59-26829 0
44 0 <urn:uuid:cba74f04-ada2-4f29-9aef-3a2e2f373f2e> 0
27 0 <urn:uuid:132148bd-5916-48f7-a79f-eef5b8c7e6e8> 0
44 0 <urn:uuid:2103ac52-178a-44e7-bc17-f8857002c8c5> 0
43 0 clueweb12-0104wb-15-28778 0
45 0 clueweb12-1408wb-35-12207 0
21 0 <urn:uuid:ae87d851-829e-44c0-bb16-8ab37646a2d4> 0
23 0 clueweb12-1716wb-55-04287 1
43 0 clueweb12-0304wb-87-05509 0
43 0 clueweb12-0004wb-13-17088 0
12 0 <urn:uuid:d0c569f5-8e75-47a3-b416-3e0848a2d7af> 0
43 0 clueweb12-0110wb-55-25054 0
43 0 clueweb12-0110wb-55-25052 0
10 0 clueweb12-0211wb-06-18161 0
25 0 clueweb12-0508wb-71-19995 0
25 0 clueweb12-0508wb-76-03533 0
25 0 clueweb12-0300tw-58-22104 1
8 0 clueweb12-0000wb-26-05449 0
8 0 clueweb12-0000wb-26-05448 0
8 0 clueweb12-0000wb-12-12881 0
8 0 clueweb12-0000wb-37-27321 0
8 0 clueweb12-0000wb-26-05450 0
26 0 clueweb12-0109wb-68-20717 0
8 0 clueweb12-0000wb-37-27318 0
8 0 clueweb12-0000wb-37-27317 0
8 0 clueweb12-0000wb-37-27319 0
25 0 clueweb12-0112wb-40-31171 1
31 0 clueweb12-0110wb-99-30019 0
10 0 clueweb12-0005wb-12-03859 0
10 0 clueweb12-0003wb-17-02010 0
7 0 clueweb12-0108wb-92-13116 1
26 0 <urn:uuid:4902d1be-e3b5-4260-86a7-0e85bcf1bae5> 1
47 0 clueweb12-1201wb-78-12937 2
47 0 clueweb12-1201wb-37-03942 0
47 0 clueweb12-1201wb-78-12940 0
47 0 clueweb12-1201wb-78-12936 0
47 0 clueweb12-1201wb-45-14680 0
47 0 clueweb12-1200wb-86-23449 0
6 0 clueweb12-1303wb-04-21637 0
11 0 <urn:uuid:dd25085b-3383-4af4-9a43-ab279559b3cf> 0
4 0 clueweb12-0000wb-70-26352 0
11 0 <urn:uuid:4439c0c2-faad-43de-b29e-9cc8d3eaf0e8> 2
4 0 clueweb12-0000wb-49-01213 0
37 0 clueweb12-0406wb-00-27250 0
34 0 clueweb12-0000wb-59-24470 0
12 0 <urn:uuid:31e07a52-af16-495e-9f5c-656e190cd828> 1
8 0 <urn:uuid:78827f5f-7896-4613-b74d-9b7e67e5e64d> 1
37 0 clueweb12-0302wb-56-18117 0
50 0 <urn:uuid:258913d6-0691-43d4-bc01-95bd47b2238e> 0
24 0 clueweb12-0109wb-99-13147 1
24 0 clueweb12-0105wb-65-19263 0
28 0 <urn:uuid:8fe5c881-a753-46f4-81c0-fd2290e40284> 2
39 0 <urn:uuid:09cccf9c-40aa-41d3-a252-6bce27c8724d> 0
8 0 <urn:uuid:11526944-1d83-4e22-a5f1-da5e69d76061> 0
24 0 clueweb12-0107wb-67-02275 1
42 0 <urn:uuid:7b6e6a62-bdb5-4a20-84cd-3f7543d5e224> 1
49 0 clueweb12-0103wb-43-33949 0
49 0 clueweb12-0103wb-84-10648 0
39 0 <urn:uuid:efd1f428-9557-4f6b-8259-5393a7e9f027> 1
13 0 <urn:uuid:11989f9e-e700-40bb-a19c-6d24a19fb409> 0
44 0 clueweb12-0000wb-15-37535 0
46 0 <urn:uuid:1b4fe243-1863-4d1a-a26c-9919ad336b5e> 0
47 0 <urn:uuid:c2be4ee8-c027-4e46-8c61-1bdf1d15b612> 2
47 0 <urn:uuid:600209d0-8baa-4613-8e7c-50eff8c8b047> 0
10 0 clueweb12-0111wb-19-03626 0
42 0 clueweb12-0001wb-49-24789 0
30 0 <urn:uuid:2e6f1fe0-770e-42bc-8e3f-f05d9714d6d1> 0
16 0 clueweb12-0110wb-34-24856 0
26 0 clueweb12-1202wb-28-14082 0
10 0 clueweb12-0110wb-98-01507 1
12 0 clueweb12-1414wb-19-25668 0
47 0 clueweb12-1801wb-96-22105 0
10 0 clueweb12-0111wb-19-03620 0
10 0 clueweb12-0111wb-19-03624 0
24 0 clueweb12-0111wb-33-12958 0
38 0 <urn:uuid:d6ccb28c-5bd6-4c3f-b389-70e2dc6ab932> 0
43 0 clueweb12-0410wb-72-24261 0
26 0 <urn:uuid:9315b833-e448-4fc7-9809-a2daeaef527e> 1
35 0 <urn:uuid:bae07626-d11d-4342-8fdf-ed3c974511eb> 2
44 0 clueweb12-1204wb-12-02806 0
8 0 clueweb12-0001wb-29-32521 0
27 0 clueweb12-1209wb-30-28825 2
8 0 clueweb12-0000wb-12-12890 0
8 0 clueweb12-0000wb-37-27327 0
26 0 <urn:uuid:5a327153-bba5-4b73-a9ce-21494edd3859> 1
10 0 clueweb12-0000wb-12-20810 0
26 0 <urn:uuid:147b1556-6f63-4914-b8f9-9a4e927a087e> 1
8 0 clueweb12-0000wb-12-12886 0
8 0 clueweb12-0000wb-50-07730 0
8 0 clueweb12-0000wb-37-27324 0
26 0 clueweb12-0108wb-20-34938 0
42 0 clueweb12-0915wb-72-06804 0
24 0 <urn:uuid:8ec1e77c-483f-4115-804b-d63cacc057c0> 2
3 0 clueweb12-1312wb-55-04542 0
5 0 clueweb12-0000wb-00-19426 0
1 0 <urn:uuid:a9a124f3-bb1b-4a47-b874-9cee84342c9a> 0
16 0 clueweb12-0105wb-20-22904 0
14 0 <urn:uuid:cad55fca-dd54-4083-9726-06c9878eecd4> 0
14 0 clueweb12-0100wb-91-01607 1
20 0 clueweb12-0003wb-09-16711 0
5 0 clueweb12-0001wb-06-03938 0
4 0 clueweb12-0906wb-05-06182 0
21 0 clueweb12-0111wb-43-20025 0
21 0 clueweb12-1513wb-58-11194 1
43 0 <urn:uuid:5ae81181-58fc-4597-be04-7701a34ad512> 0
14 0 <urn:uuid:57feee9b-d4a7-4695-a686-daf56e3daf43> 0
1 0 clueweb12-1604wb-24-07934 0
50 0 clueweb12-0006wb-12-19646 0
15 0 <urn:uuid:2919fb2e-6d2a-4583-87af-727fc416d5c2> 1
4 0 <urn:uuid:db8d4abd-5440-4982-bb30-b0db3c0f1143> 0
8 0 <urn:uuid:65f5d5eb-5b0c-4b6d-b6f1-8eec21a36e30> 0
14 0 clueweb12-1313wb-53-20632 0
26 0 <urn:uuid:88aa7676-5760-47a4-88dd-b74b883638e0> 0
24 0 clueweb12-0202wb-83-18671 0
22 0 <urn:uuid:57756f75-75eb-4430-8dc3-acaa5d71d963> 0
24 0 <urn:uuid:6f1e4e9a-ae4f-45e0-90f4-79ce6c63de75> 2
12 0 clueweb12-0100wb-93-31535 0
38 0 clueweb12-0206wb-00-17120 0
17 0 <urn:uuid:67461edb-b3aa-4cd6-8817-dc00e109a281> 0
17 0 <urn:uuid:465ca25d-5325-463e-ae95-1a2b8f814ef5> 1
10 0 <urn:uuid:d318a0ff-946c-4254-8b60-38342ee474ae> 0
19 0 clueweb12-0000wb-24-29600 0
20 0 <urn:uuid:bbe6d28b-15f8-4676-b95f-3d533dd68eab> 0
39 0 clueweb12-0202wb-39-32737 0
3 0 <urn:uuid:d2c58a44-546e-40dc-b81c-5bb17bde7564> 0
17 0 clueweb12-0102wb-07-16521 0
17 0 clueweb12-0100wb-82-10356 0
17 0 clueweb12-0100wb-91-16648 0
11 0 clueweb12-0105wb-16-07644 0
48 0 clueweb12-0203wb-84-27921 0
17 0 clueweb12-0100wb-82-10362 0
10 0 <urn:uuid:3f2ecb44-eabb-49cd-8fa7-c49ce5017a3d> 2
41 0 <urn:uuid:9ebe815a-db79-4d64-bc4c-ec39f7b2f70d> 0
37 0 clueweb12-0210wb-82-06536 0
3 0 clueweb12-0207wb-73-02748 2
23 0 clueweb12-0005wb-70-03660 1
40 0 <urn:uuid:fc19741f-d7a6-437a-8b91-ecc59424699b> 0
41 0 clueweb12-0012wb-52-34322 0
5 0 clueweb12-0006wb-83-18801 0
17 0 clueweb12-1106wb-99-10910 0
17 0 clueweb12-0914wb-54-11576 0
14 0 clueweb12-0005wb-51-06522 0
21 0 clueweb12-0402wb-85-02766 1
21 0 clueweb12-0402wb-95-11705 2
21 0 clueweb12-0403wb-14-07523 2
21 0 clueweb12-0403wb-22-17948 2
21 0 clueweb12-0402wb-99-06066 2
5 0 clueweb12-1606wb-93-30608 0
21 0 clueweb12-0403wb-28-16616 1
21 0 clueweb12-0402wb-95-11717 2
21 0 clueweb12-0402wb-85-02771 2
21 0 clueweb12-0403wb-22-17941 1
21 0 clueweb12-0403wb-28-16612 2
20 0 clueweb12-0500wb-88-16998 0
14 0 <urn:uuid:c5dddc5a-772f-40d9-813c-f3fa9289f5f2> 1
14 0 <urn:uuid:43f901f2-50d4-4f74-ba58-5ac43dfb4da7> 0
14 0 <urn:uuid:6b343dd0-54aa-4ef4-b528-82c7ddc5fbe0> 1
14 0 <urn:uuid:9ba4f5a3-e324-456e-90ad-d3f0c603587c> 1
14 0 <urn:uuid:fb580c39-19b0-49ba-baf8-2fa0d65c11f9> 1
14 0 <urn:uuid:11d969c0-6e64-44d4-9288-f6a70cd69dc3> 2
14 0 <urn:uuid:e5035b52-2e09-4314-a480-5185a2162a05> 2
14 0 <urn:uuid:ce5e17da-e180-40fc-86e6-8ec68fc8cb30> 1
14 0 <urn:uuid:eaac2338-7f29-4314-93df-dfa2ed820a2f> 1
14 0 <urn:uuid:3432f55e-6b9e-4e7d-bf2f-22a76ab280d1> 1
14 0 <urn:uuid:9e2af1ac-7a36-4148-8b65-a816aa4069cb> 2
14 0 <urn:uuid:2e87980b-2ad5-4ea6-948b-c7303b33b52a> 1
14 0 <urn:uuid:001b5f85-7b3e-496b-b2c5-95beb463c94e> 1
14 0 <urn:uuid:69a8715b-3352-479d-89cb-f631279e16cd> 1
32 0 clueweb12-0109wb-65-07000 0
9 0 <urn:uuid:7c341b2b-c475-46af-a206-555d94ea4b85> 0
13 0 <urn:uuid:bcc6654b-15f5-430b-8165-f93e320ca193> 0
30 0 clueweb12-0211wb-06-22643 0
17 0 clueweb12-0601wb-70-09205 1
8 0 clueweb12-0816wb-79-02289 0
21 0 clueweb12-0402wb-95-11716 1
21 0 clueweb12-0403wb-28-16617 2
21 0 clueweb12-0402wb-99-06070 1
16 0 <urn:uuid:8cb136b7-d4c7-4b99-b17b-4b20bfb3a383> 0
21 0 clueweb12-0403wb-22-17951 2
21 0 clueweb12-0402wb-95-11718 2
21 0 clueweb12-0403wb-28-16618 2
42 0 clueweb12-0212wb-08-11956 1
34 0 clueweb12-0002wb-10-03508 0
31 0 clueweb12-0006wb-74-13620 1
41 0 <urn:uuid:77a33942-d906-4a46-8c73-33872f7830f4> 0
20 0 clueweb12-0009wb-14-08971 0
31 0 clueweb12-0011wb-55-32440 1
42 0 clueweb12-0004wb-78-11322 0
15 0 clueweb12-0203wb-26-16751 1
11 0 clueweb12-0201wb-18-15231 0
19 0 clueweb12-1803wb-92-18887 0
25 0 clueweb12-1413wb-37-17052 0
7 0 <urn:uuid:367541bd-4194-4aba-bd94-023cdb4496db> 0
17 0 clueweb12-0208wb-96-25699 2
14 0 clueweb12-0210wb-26-05767 1
14 0 clueweb12-0306wb-80-01596 0
26 0 clueweb12-1114wb-63-09892 0
11 0 <urn:uuid:fc4161d5-4095-4a2b-8bf9-dca76d4581e4> 2
49 0 <urn:uuid:fe71bc9f-6301-424c-8baf-fe694ede7a98> 0
7 0 <urn:uuid:74730b8b-3bf3-4d5e-a739-55216564afd9> 0
42 0 <urn:uuid:a4873f61-5a54-4700-91c9-627938ecd215> 0
16 0 clueweb12-0507wb-10-00659 0
31 0 <urn:uuid:47fa2c18-a5fb-43c8-8572-b632f88cab10> 1
25 0 clueweb12-0106wb-05-25236 2
31 0 clueweb12-0309wb-02-03839 0
13 0 <urn:uuid:aac327f3-f11d-4bd7-b94d-fb0c8d59a52d> 0
21 0 clueweb12-0008wb-58-13083 0
27 0 <urn:uuid:995875e1-73b0-48f9-bbc2-b3c73cfd9a2e> 1
27 0 clueweb12-0009wb-11-23524 0
27 0 clueweb12-0008wb-79-02625 1
25 0 <urn:uuid:04c4dcd3-af16-47d0-bc05-038e8fcf2651> 2
3 0 <urn:uuid:5ca4ebe5-311b-4f08-8468-efb33e098f73> 0
40 0 clueweb12-0000wb-12-10660 0
25 0 clueweb12-0000wb-11-01071 0
22 0 clueweb12-0002wb-38-18889 0
39 0 clueweb12-0504wb-32-00365 0
12 0 clueweb12-1812wb-57-06979 1
12 0 clueweb12-1812wb-38-23344 1
37 0 clueweb12-1705wb-19-23496 0
27 0 clueweb12-0012wb-48-03858 1
38 0 <urn:uuid:65368454-bd0c-4bc5-a357-d3676cb7c76a> 0
12 0 clueweb12-1812wb-38-23349 2
27 0 <urn:uuid:8055c2f7-2bf4-4f64-a381-51c467d6fa3f> 1
7 0 clueweb12-0112wb-52-22042 0
49 0 clueweb12-0302wb-94-29218 0
12 0 clueweb12-1812wb-38-23338 1
40 0 <urn:uuid:842a90a6-1f66-4414-baf3-dc1e0165276c> 0
30 0 clueweb12-0000wb-69-28595 1
31 0 clueweb12-0105wb-29-20202 1
29 0 clueweb12-0007wb-77-13878 0
15 0 clueweb12-0006wb-32-00098 0
15 0 <urn:uuid:b52c95f8-6405-4770-96d1-576b231a7e79> 1
20 0 <urn:uuid:e169a535-81bb-4c5d-9d25-d408491d4d11> 0
11 0 <urn:uuid:397b4c40-b2dd-40cb-96f1-2ef9253a8dee> 0
33 0 <urn:uuid:189b3e73-30a5-4bec-909c-8fd2077630c8> 1
30 0 clueweb12-0105wb-41-30304 1
20 0 clueweb12-0800wb-02-37722 0
39 0 <urn:uuid:826f670e-febd-43b2-b70b-3d5d7abe41f4> 0
19 0 <urn:uuid:283469ff-bf89-4151-aa04-c15b7d1d339c> 0
27 0 clueweb12-0813wb-95-01740 0
14 0 clueweb12-0013wb-47-16608 0
25 0 clueweb12-1510wb-83-25926 0
21 0 clueweb12-0904wb-54-10869 0
32 0 <urn:uuid:181ec60a-74c6-4d97-814b-b7c412a0873f> 0
34 0 <urn:uuid:c3eaf477-4114-4d18-9821-ed4d9f3fddf5> 0
34 0 <urn:uuid:40a35c02-2de2-401e-97fd-f669ccaa2999> 0
49 0 <urn:uuid:08230c2c-2d6d-4d43-8bc0-47fb3e742b83> 0
16 0 clueweb12-1109wb-13-20680 0
27 0 clueweb12-1301wb-54-00246 1
14 0 <urn:uuid:3471280e-6096-4d59-ab18-9d8525d8b36c> 0
22 0 <urn:uuid:280764f4-dd39-40db-a59d-c2fa953fd844> 0
24 0 clueweb12-0002wb-60-21515 0
31 0 <urn:uuid:3785f4c5-1261-4327-8418-1a7adbb137eb> 2
13 0 <urn:uuid:a632a9e4-db39-48e2-9e77-eb130995d065> 0
49 0 <urn:uuid:0cf45976-52e4-499d-bcea-9e375ef7f998> 0
17 0 clueweb12-0100wb-41-13089 1
7 0 clueweb12-0107wb-67-15819 0
13 0 clueweb12-0013wb-75-06829 0
47 0 clueweb12-0107wb-22-32311 1
17 0 clueweb12-0100wb-60-20538 0
35 0 clueweb12-1601wb-86-20814 0
35 0 clueweb12-0305wb-69-13633 0
7 0 <urn:uuid:8210fe92-9401-48f9-bbb5-151939f1a197> 1
47 0 clueweb12-1200wb-84-35572 0
36 0 <urn:uuid:d6aee326-8def-4fb7-a082-6e743294c834> 1
11 0 clueweb12-0002wb-76-08104 2
11 0 clueweb12-0000wb-83-08415 0
37 0 clueweb12-1216wb-44-12192 0
3 0 clueweb12-0203wb-05-25699 0
11 0 clueweb12-0012wb-16-08746 0
1 0 <urn:uuid:81d33391-fe65-41e6-af82-e4a39753dfde> 0
26 0 <urn:uuid:029c24f3-c1ef-4bc8-91eb-c82689c3b6f1> 0
31 0 clueweb12-1510wb-90-28578 0
18 0 clueweb12-0004wb-11-14971 0
42 0 clueweb12-0100wb-08-07191 0
37 0 clueweb12-0210wb-11-13495 0
32 0 clueweb12-0010wb-81-31630 1
2 0 <urn:uuid:888b53fc-030a-48f9-b443-4c8efae14dae> 2
13 0 clueweb12-1814wb-75-17812 0
17 0 clueweb12-0100wb-60-20546 0
17 0 clueweb12-0100wb-41-13101 0
14 0 clueweb12-0106wb-89-27935 1
17 0 clueweb12-0100wb-41-13106 0
17 0 clueweb12-0100wb-41-13107 0
17 0 <urn:uuid:6fac47ad-12d8-4b56-a169-b8e361e3fbca> 0
17 0 clueweb12-0100wb-41-13108 0
39 0 clueweb12-0105wb-83-21710 0
14 0 clueweb12-0106wb-62-16183 0
31 0 clueweb12-0306wb-92-00847 1
17 0 <urn:uuid:cc8f649f-731b-46c6-b6fc-759d1b14ca63> 0
25 0 clueweb12-0509wb-61-18882 0
40 0 clueweb12-0104wb-16-11953 0
12 0 <urn:uuid:190da54f-b0e4-4d49-b747-93abe0bf590e> 2
47 0 <urn:uuid:d8d03ec3-9374-4749-a590-723e66654b7d> 1
47 0 clueweb12-0705wb-38-12458 0
14 0 clueweb12-0211wb-04-30941 0
12 0 <urn:uuid:a51d9c8d-5e57-408d-935c-42a6817da657> 2
19 0 clueweb12-1202wb-24-21906 0
7 0 clueweb12-0105wb-02-20679 1
21 0 <urn:uuid:b626d8da-36d2-478f-bf2f-5012f8c2599e> 0
30 0 <urn:uuid:251badb7-6cd5-419a-ae8b-08285f9a0d89> 0
14 0 <urn:uuid:414ed0bc-75a8-4906-be57-11fb724f019c> 0
39 0 <urn:uuid:e5cb3d79-7d37-4447-bd0e-22ac78b45f9e> 0
43 0 <urn:uuid:64ebb5ae-3f79-45ba-8e66-a4b6ba8c4a6d> 0
29 0 clueweb12-0111wb-93-28460 0
29 0 clueweb12-0112wb-32-26983 0
31 0 clueweb12-0102wb-25-28300 0
29 0 clueweb12-0112wb-28-22729 0
43 0 clueweb12-0207wb-51-11701 0
21 0 clueweb12-0004wb-76-30581 2
19 0 <urn:uuid:dcd18dd3-7032-40a9-8968-1ba3fd66ca98> 0
31 0 <urn:uuid:290ca6d6-9285-4ba0-96ba-56d969e28dd8> 2
50 0 clueweb12-0000wb-00-18354 0
14 0 clueweb12-0209wb-87-25641 0
44 0 clueweb12-0209wb-04-09339 0
38 0 <urn:uuid:be68d1e4-55e8-4266-a859-0aa909eeb7a6> 0
44 0 clueweb12-0005wb-67-16204 0
34 0 <urn:uuid:267631b9-614f-4dfb-a0ac-4392568bd311> 0
44 0 clueweb12-0209wb-89-04043 0
13 0 clueweb12-1912wb-53-15417 0
4 0 <urn:uuid:8a82dc92-34bd-4bf7-889a-d35d2ba30430> 0
19 0 clueweb12-1806wb-89-25348 0
45 0 clueweb12-0109wb-55-22876 2
3 0 clueweb12-1702wb-37-00222 0
44 0 clueweb12-0208wb-81-22740 0
26 0 clueweb12-1612wb-44-21755 0
26 0 <urn:uuid:45ed5fe1-bc79-44b7-9256-7b0407f3a969> 0
3 0 clueweb12-0200wb-31-22143 0
24 0 clueweb12-0010wb-80-25859 2
33 0 clueweb12-1113wb-81-15373 2
47 0 <urn:uuid:4dd368f7-1119-41f9-9c10-cff5d53a1c97> 1
35 0 <urn:uuid:6cbfea01-d929-4ad8-a48e-6494550b9120> 2
9 0 clueweb12-0819wb-10-24291 2
33 0 clueweb12-1114wb-08-21189 1
33 0 clueweb12-1113wb-81-15366 1
33 0 clueweb12-1113wb-81-15365 1
44 0 clueweb12-1001wb-38-19297 0
14 0 clueweb12-0003wb-02-07331 0
33 0 clueweb12-1114wb-08-21193 0
33 0 clueweb12-1114wb-12-16002 0
33 0 clueweb12-1114wb-17-15489 1
30 0 clueweb12-0110wb-23-31456 2
33 0 clueweb12-1113wb-81-15368 1
19 0 clueweb12-1610wb-71-20930 0
34 0 clueweb12-0411wb-16-03707 0
8 0 clueweb12-0108wb-09-24909 1
34 0 clueweb12-0411wb-21-20534 0
34 0 clueweb12-0411wb-07-11314 2
7 0 <urn:uuid:27588c04-9980-4023-8105-5732080a9bb0> 0
13 0 clueweb12-0011wb-48-01945 0
13 0 clueweb12-0011wb-38-13909 2
8 0 <urn:uuid:fbcaf374-f4c3-4b5b-8280-76d68c9a17e6> 0
36 0 <urn:uuid:fc99cea9-1bae-4d8f-9afe-c68f5fcd2d13> 1
8 0 clueweb12-0411wb-35-22381 0
49 0 clueweb12-0507wb-04-30444 0
24 0 clueweb12-0109wb-81-00294 0
44 0 <urn:uuid:421e1602-b8c1-4850-ad1f-3b7d519c28e3> 1
33 0 clueweb12-1114wb-08-21181 0
44 0 clueweb12-0604wb-20-34682 1
9 0 <urn:uuid:a4d9cebd-099c-4fd8-baf9-7bfc29220177> 0
49 0 clueweb12-0001wb-44-18936 0
26 0 clueweb12-1111wb-09-07034 1
8 0 clueweb12-0000wb-12-33835 0
47 0 clueweb12-0509wb-43-13716 0
26 0 clueweb12-1111wb-09-07051 1
27 0 <urn:uuid:e1a1130a-c440-4cef-942d-6b42955f5f11> 0
21 0 clueweb12-0011wb-13-20135 2
11 0 clueweb12-0108wb-45-28859 0
13 0 clueweb12-0406wb-29-01147 0
38 0 clueweb12-0008wb-30-09636 2
32 0 clueweb12-0112wb-37-32187 1
32 0 clueweb12-0112wb-45-20887 2
32 0 clueweb12-0112wb-37-32189 1
32 0 clueweb12-0112wb-37-32188 1
9 0 clueweb12-0606wb-48-25742 1
32 0 clueweb12-0112wb-26-17519 1
41 0 <urn:uuid:9e66f2e0-057f-4fff-98ba-cbfeaa32a0c4> 0
45 0 <urn:uuid:f3b91f3f-59db-489b-891c-e06c543b44ba> 1
47 0 <urn:uuid:d725957d-2f8a-452d-aaf2-7b580d5be9e3> 1
25 0 clueweb12-0110wb-12-24986 0
34 0 <urn:uuid:d82006bd-bb64-4163-93e4-7cecc3117b98> 0
26 0 clueweb12-0301wb-40-15563 0
32 0 clueweb12-0112wb-19-33472 1
47 0 clueweb12-0009wb-94-11797 0
39 0 <urn:uuid:e1a18a35-1512-4870-b52f-e633c7559307> 0
41 0 <urn:uuid:9e76edd3-89ad-4053-a81d-d092639f8626> 1
16 0 clueweb12-0013wb-28-04795 1
16 0 clueweb12-0009wb-29-30540 1
40 0 <urn:uuid:4bf0167e-8b40-44a7-afc6-70248bd37116> 1
30 0 clueweb12-0000wb-06-13871 0
47 0 clueweb12-0009wb-73-20334 0
6 0 <urn:uuid:39a6e954-b08f-413a-a9ce-c9a0cbbd14a7> 0
17 0 <urn:uuid:5fd3d6db-3e7e-4bb1-a4ce-1e587f2c3693> 0
30 0 clueweb12-0001wb-26-08982 0
2 0 clueweb12-0602wb-52-04946 0
26 0 clueweb12-0100wb-46-11586 0
49 0 <urn:uuid:f200c346-833b-4009-a6c2-0e8d697d3a77> 0
34 0 <urn:uuid:41bd3e7a-66f1-492a-8308-c4c9cd178b09> 0
34 0 <urn:uuid:5511f6ca-1ec6-4f78-b480-22753cbb0af4> 0
50 0 clueweb12-0904wb-31-04055 1
43 0 <urn:uuid:7ce3a39f-07c7-4576-ba65-0964fe508e04> 0
50 0 clueweb12-0907wb-75-02751 0
7 0 <urn:uuid:fb644067-bc2a-4a34-be78-5fb18a6de673> 2
26 0 clueweb12-0305wb-27-14846 0
7 0 clueweb12-0204wb-00-09131 1
12 0 <urn:uuid:feeed441-6005-4732-a091-42bca5be76de> 0
48 0 <urn:uuid:6ddd79c7-4213-4889-b4ed-3b3addbbbfbc> 0
15 0 <urn:uuid:0dcce9be-1f17-4f5e-b398-4e8a033b8d36> 0
12 0 <urn:uuid:cfaada04-1e34-409e-80a3-f95b6fafd502> 1
38 0 clueweb12-0912wb-52-09629 2
27 0 <urn:uuid:030a37f0-a3c0-4911-b82c-055c2258cc7a> 0
43 0 <urn:uuid:60b86fb9-b4fa-435d-80b1-57fe7ae597ec> 0
49 0 clueweb12-0108wb-55-18282 0
35 0 <urn:uuid:0b659d26-8f2c-4ed0-9325-b89b3d435d19> 0
8 0 clueweb12-0006wb-67-12602 0
26 0 <urn:uuid:cd1ae0c1-8e8f-4c83-a115-868472932e51> 1
47 0 clueweb12-0210wb-78-19570 1
29 0 <urn:uuid:e94d02f2-f27f-42fd-99af-83da1405fd57> 0
40 0 <urn:uuid:0c5ed235-ac13-4c22-b01b-6e110505d93b> 0
30 0 clueweb12-1117wb-20-28894 0
47 0 <urn:uuid:a85e9521-203d-471c-92b4-66f7b56908c1> 0
34 0 clueweb12-0105wb-50-15439 0
29 0 <urn:uuid:27ae1fd1-b417-4f2b-a3ef-af52d4a100d4> 0
12 0 clueweb12-1205wb-10-00577 1
19 0 clueweb12-0715wb-22-19871 0
12 0 clueweb12-1205wb-16-13434 1
43 0 clueweb12-0003wb-63-34052 0
39 0 clueweb12-0012wb-52-34322 2
37 0 <urn:uuid:3d4dddae-ad2b-4a89-ab97-3f320aafdc8d> 0
36 0 <urn:uuid:723ac4c0-927e-45ff-b11a-256249317d6c> 0
42 0 clueweb12-0201wb-68-10705 0
25 0 <urn:uuid:35f847dc-7d85-4c33-9ae4-96f516d4ad86> 1
14 0 clueweb12-1806wb-22-10154 2
3 0 clueweb12-1809wb-93-12472 0
2 0 clueweb12-1600wb-40-19071 0
24 0 clueweb12-0007wb-33-16838 0
49 0 clueweb12-0208wb-73-19676 0
20 0 <urn:uuid:fb87f0e8-8e6e-4fae-b39c-5d129b57ac8a> 0
20 0 clueweb12-0205wb-86-05842 0
12 0 clueweb12-0104wb-85-19173 1
11 0 clueweb12-0200wb-52-32643 0
11 0 clueweb12-0200wb-52-32642 0
29 0 <urn:uuid:51ef8f59-7494-4695-9af3-9c174045c7a0> 0
7 0 <urn:uuid:620be338-ba66-401a-b472-6bf4dfe97d73> 0
45 0 <urn:uuid:e380d3ee-02a8-452b-9c12-a9076eeeaac0> 1
20 0 clueweb12-0110wb-93-31478 0
7 0 clueweb12-0204wb-15-09769 0
50 0 clueweb12-0002wb-75-10270 1
42 0 <urn:uuid:14885034-f8cf-41b3-883e-22cdd3f5a1da> 0
24 0 <urn:uuid:e98ba3a2-e9e0-4dfa-82ee-6803a7bb03ea> 0
24 0 clueweb12-0104wb-60-22209 0
24 0 <urn:uuid:fbbc04dc-9c50-4491-849a-f17624778815> 0
24 0 <urn:uuid:b8e58689-0164-45a5-909d-b4998982a406> 0
37 0 clueweb12-0106wb-32-29907 0
7 0 clueweb12-0203wb-36-24444 0
44 0 clueweb12-0805wb-41-24498 0
32 0 <urn:uuid:d7813205-69aa-466e-9d5a-e672dfeaf065> 1
9 0 <urn:uuid:04c3d4af-895d-41cd-a48c-ef187969663a> 0
16 0 clueweb12-1117wb-75-13343 1
31 0 clueweb12-1008wb-45-25037 0
30 0 <urn:uuid:2f41ee6b-a3bb-4e64-a190-51c88ad8a0b5> 0
32 0 <urn:uuid:6224cc10-74c5-4cd3-a947-f5312e24c358> 1
30 0 <urn:uuid:cc21d17b-1760-4d6d-9ef1-db6191d54105> 0
30 0 <urn:uuid:a9e5adf8-3f8a-4ecd-be8e-27d0607b8220> 0
38 0 clueweb12-0105wb-99-21590 1
9 0 clueweb12-0100wb-64-25636 1
24 0 clueweb12-0204wb-98-18770 0
47 0 <urn:uuid:026d6b57-1dbc-47e0-95d2-24b69b641a38> 1
31 0 clueweb12-1009wb-04-05042 0
31 0 clueweb12-1007wb-83-19703 1
4 0 <urn:uuid:8cc021a4-1236-4570-8579-c4e910bca713> 0
14 0 clueweb12-0611wb-10-16594 1
42 0 <urn:uuid:d5bb3fda-b104-4a75-b7d6-212e3e7c3754> 0
14 0 clueweb12-0102wb-26-26576 1
38 0 clueweb12-1801wb-96-17705 1
8 0 <urn:uuid:9b8dda5a-b8a1-41f7-8ec5-deef82959c1b> 0
47 0 <urn:uuid:e5960ac8-7782-476f-b65e-bc1736015d49> 1
12 0 clueweb12-1812wb-38-23328 1
12 0 clueweb12-1812wb-57-06964 1
25 0 clueweb12-1615wb-45-06817 2
47 0 <urn:uuid:a52d128f-02e2-45bf-bce3-8ea6feaa220a> 1
37 0 clueweb12-1218wb-45-23673 0
12 0 clueweb12-1812wb-57-06954 1
12 0 clueweb12-1812wb-38-23322 1
12 0 clueweb12-1812wb-57-06959 1
33 0 <urn:uuid:72db813b-221b-4b3c-9835-8d22771c12f8> 0
24 0 clueweb12-0001wb-29-19990 0
3 0 clueweb12-0300wb-03-19280 0
3 0 clueweb12-0300wb-03-19279 0
46 0 clueweb12-1617wb-23-13285 0
49 0 <urn:uuid:19db46ee-5e7a-4d81-a5ae-248ea3180138> 0
36 0 clueweb12-0110wb-61-35119 0
14 0 <urn:uuid:388e6459-4c41-4da6-9604-603b15551d8e> 0
34 0 clueweb12-0104wb-93-26206 1
13 0 clueweb12-1601wb-24-22364 0
7 0 <urn:uuid:5e691a24-972f-42a0-bfae-851f1710eee7> 0
3 0 clueweb12-0204wb-43-23745 1
8 0 clueweb12-0100wb-40-14786 1
3 0 <urn:uuid:dee6d09d-0fab-4313-9b72-0926d9209f2e> 0
12 0 <urn:uuid:7b2e132d-c7da-474f-9219-5bd051f3e729> 0
30 0 clueweb12-1602wb-34-02638 1
30 0 clueweb12-0907wb-10-14708 1
8 0 <urn:uuid:86305139-76fa-4e73-8f45-a265897ff1ef> 0
24 0 <urn:uuid:88ed36eb-c0bf-42c1-a743-559a1565d358> 1
40 0 clueweb12-0000wb-46-29552 0
30 0 <urn:uuid:0449af64-b934-42eb-a7e5-d345e2a03e4d> 0
48 0 clueweb12-0005wb-97-05274 0
7 0 clueweb12-1508wb-97-15731 1
34 0 clueweb12-0008wb-26-09501 1
9 0 clueweb12-0110wb-21-25283 1
49 0 <urn:uuid:1e7bb573-fb2a-4313-be1e-4e538deba553> 0
49 0 <urn:uuid:13e45fc1-d9dc-4edf-8fc6-4aa2c930138b> 0
27 0 clueweb12-0000wb-58-01670 2
21 0 clueweb12-0401wb-90-16899 0
32 0 clueweb12-0301wb-42-30598 0
20 0 clueweb12-0310wb-12-25640 0
19 0 <urn:uuid:164268d8-bafe-4b80-9bc6-c058409d6392> 0
7 0 <urn:uuid:c7627853-8ec9-431a-8e51-3db371a893a2> 0
34 0 clueweb12-1701wb-74-12403 0
16 0 clueweb12-0406wb-07-32682 0
17 0 clueweb12-0205wb-27-18667 1
44 0 clueweb12-0410wb-61-22656 0
45 0 clueweb12-0004wb-62-16119 0
20 0 <urn:uuid:b1b151eb-a82c-4f75-93c4-dd56efb368fa> 0
50 0 clueweb12-0108wb-15-22263 1
30 0 clueweb12-0300wb-62-31229 1
38 0 clueweb12-0111wb-01-09344 1
25 0 <urn:uuid:a185d15a-bc2d-4dc8-aace-445205fd821f> 0
24 0 clueweb12-1017wb-93-11452 0
36 0 clueweb12-0111wb-66-07641 0
6 0 <urn:uuid:5e3f2503-70eb-41cb-b5e3-bf81100aa5f0> 0
3 0 clueweb12-0206wb-18-08339 1
29 0 clueweb12-0009wb-44-23121 2
29 0 clueweb12-0009wb-54-09351 0
11 0 clueweb12-0205wb-34-24846 1
3 0 <urn:uuid:853de03b-ca74-4011-be80-9e0c4701d362> 0
6 0 clueweb12-0301wb-95-20652 0
20 0 <urn:uuid:c8a9e1b5-60a7-4ec0-8370-652fb034f86f> 0
26 0 <urn:uuid:2a1639bf-9274-4794-b9dc-6e210092f34f> 1
30 0 <urn:uuid:9102d6b5-e5af-43f8-90f0-9c51da32dd80> 1
29 0 clueweb12-0009wb-32-00655 0
22 0 clueweb12-0005wb-18-28762 0
47 0 clueweb12-0111wb-36-19755 1
20 0 <urn:uuid:08193102-ad79-4db9-8f17-eb080b2004c9> 0
17 0 <urn:uuid:2c356cdc-e6af-4a82-a282-df80efe1a508> 0
47 0 clueweb12-0107wb-42-19203 0
44 0 clueweb12-0212wb-01-30541 0
47 0 clueweb12-0107wb-20-28540 0
26 0 <urn:uuid:1e26ca73-2129-4721-b012-25f2b0e4ef14> 0
30 0 clueweb12-0200wb-37-12156 2
32 0 clueweb12-1714wb-52-16412 1
15 0 <urn:uuid:137b71c5-8875-437b-bb15-aca537736371> 2
31 0 <urn:uuid:aa94a334-9d04-4329-aaa9-0ff7abc81e3b> 1
31 0 clueweb12-0212wb-26-13119 1
23 0 <urn:uuid:dd6cd0b2-dfaf-4be3-9913-51bc5399c9ea> 0