131 0 clueweb12-0108wb-19-02294 0
144 0 <urn:uuid:57ae5921-0c67-46bd-9289-c9c2f443ecc6> 0
110 0 clueweb12-0403wb-55-25772 1
113 0 <urn:uuid:97171bbe-a710-42ba-a532-8b0942a0fd9f> 0
113 0 <urn:uuid:288faee2-49cd-4112-9ede-8556bfdf68ba> 0
131 0 clueweb12-0110wb-61-03700 0
131 0 clueweb12-0110wb-07-13209 0
124 0 clueweb12-1613wb-96-12182 -2
136 0 clueweb12-0301wb-62-26371 0
140 0 clueweb12-0105wb-05-16381 0
131 0 clueweb12-0110wb-07-13208 0
131 0 clueweb12-0110wb-15-09351 0
131 0 clueweb12-0107wb-98-08753 0
126 0 clueweb12-0001wb-41-20386 0
131 0 clueweb12-0109wb-38-29424 0
117 0 clueweb12-1206wb-84-21994 0
116 0 <urn:uuid:2ec4c804-7a83-417b-8f34-cb517707468f> 0
126 0 clueweb12-0302wb-65-20571 0
141 0 clueweb12-0107wb-25-19822 0
135 0 clueweb12-0401wb-64-03169 0
137 0 clueweb12-0111wb-65-22360 0
131 0 clueweb12-0105wb-98-02332 0
118 0 <urn:uuid:b785200d-b355-412d-ba23-35b791669dca> 0
118 0 <urn:uuid:d1413030-9a90-4155-ae38-44110a3073c6> 0
118 0 clueweb12-1400wb-83-04068 0
148 0 clueweb12-0308wb-90-02603 0
111 0 clueweb12-0009wb-43-25887 1
111 0 clueweb12-1805wb-81-14563 1
135 0 clueweb12-0005wb-48-06245 0
134 0 clueweb12-1600wb-54-08058 0
126 0 clueweb12-1314wb-63-07846 0
133 0 clueweb12-0602wb-25-27163 0
130 0 clueweb12-0203wb-18-28742 1
131 0 clueweb12-1507wb-43-34488 0
105 0 clueweb12-0300wb-33-26506 0
115 0 <urn:uuid:4a907858-7a1d-4cee-8a20-c4d17943ba72> 0
147 0 <urn:uuid:b159d24b-978d-4f91-b664-7dc3d9e96273> 2
143 0 <urn:uuid:85f3e1df-4e18-4094-8689-a41ec7c97d19> 0
149 0 clueweb12-0311wb-76-20794 0
149 0 clueweb12-0007wb-10-14771 0
118 0 <urn:uuid:e8892584-0f73-437c-b622-abeaea18186d> 0
109 0 <urn:uuid:5d1edc88-aa32-4dfd-b892-05c01f8dc107> 0
108 0 clueweb12-0209wb-00-15909 0
120 0 <urn:uuid:236ecdf1-83dd-4f07-a1d8-b9b5eae930ce> 1
145 0 clueweb12-0106wb-16-12475 0
145 0 clueweb12-0106wb-16-12473 0
138 0 clueweb12-0209wb-22-30946 0
136 0 <urn:uuid:7b33058d-7b26-4f07-90fc-0b2d8b316e58> 0
146 0 <urn:uuid:305b1840-8296-4d8d-9f99-7c4f317d8415> 0
109 0 clueweb12-0306wb-82-06121 0
150 0 clueweb12-0007wb-09-20709 0
117 0 <urn:uuid:431d812e-24f4-4496-a7fc-22a3d2620b47> 3
118 0 <urn:uuid:45c776bd-7229-4c2c-9892-0028a295ecfc> 0
133 0 clueweb12-1400wb-33-10841 0
132 0 <urn:uuid:a9a8b3f6-6449-46ad-b915-5408d342bb94> 0
101 0 clueweb12-0203wb-44-12625 1
138 0 clueweb12-1700wb-79-13963 0
132 0 clueweb12-1302wb-11-16813 1
130 0 clueweb12-0703wb-96-24395 3
140 0 <urn:uuid:af11e95f-f821-41e9-af03-46cc1a94993a> 0
133 0 <urn:uuid:1fdd84c9-58f3-4219-a651-3ed7bfd73d20> 0
134 0 <urn:uuid:08c50cb0-d0b4-4bd2-aeb6-c2f26b71a6e3> 0
145 0 <urn:uuid:06ce95fe-4c3a-46df-bcfb-de8dc4a83630> 0
121 0 clueweb12-0204wb-12-14213 -2
111 0 clueweb12-0202wb-36-14192 0
109 0 clueweb12-1902wb-76-13800 0
113 0 clueweb12-0404wb-22-20088 0
130 0 clueweb12-1306wb-94-22089 1
144 0 clueweb12-0606wb-70-23581 1
130 0 clueweb12-0301wb-23-05233 0
144 0 clueweb12-0207wb-12-04830 0
130 0 clueweb12-0702wb-18-23225 2
130 0 clueweb12-0703wb-09-25155 1
119 0 clueweb12-1814wb-36-10086 0
122 0 clueweb12-0200wb-39-21068 0
140 0 clueweb12-0107wb-21-02588 0
120 0 <urn:uuid:a8feda4d-0726-4fa2-990a-324db3ffc430> 0
122 0 clueweb12-0201wb-85-19281 0
130 0 <urn:uuid:8c018c32-2e21-4835-85e5-b34e9acd2c57> 1
147 0 clueweb12-1104wb-08-12485 1
122 0 <urn:uuid:443fc343-7be9-4e83-85dd-8366b99282fb> 0
132 0 clueweb12-1204wb-76-30230 0
119 0 <urn:uuid:0d99f194-a0c6-4fdd-be81-9de5459f8873> 0
107 0 <urn:uuid:92f3bec4-567a-48f9-b1d7-a3750aec418d> 0
106 0 <urn:uuid:a3298ef3-aa4b-4769-94bf-d1c95b4887a8> 0
114 0 <urn:uuid:177910e2-c0cc-4a0d-986a-b63a283b0c73> 0
122 0 clueweb12-0112wb-24-09587 0
129 0 clueweb12-0501wb-43-13468 1
127 0 clueweb12-1309wb-77-18541 0
119 0 <urn:uuid:1b0c1974-cb42-4972-8811-8df90b179347> 0
121 0 clueweb12-0101wb-29-03430 0
121 0 <urn:uuid:ce3d5ffa-e235-4164-93fe-1f9e050929ac> 0
128 0 clueweb12-0106wb-71-35496 0
148 0 <urn:uuid:7532f65d-fda6-40bb-9097-34dcf3fc0240> 1
124 0 clueweb12-1613wb-84-26315 -2
133 0 clueweb12-0100wb-23-09069 1
137 0 <urn:uuid:5280d953-7b6a-4493-beb7-a3b9356cae55> 3
137 0 <urn:uuid:54728ed6-9c5c-4012-8445-bcc4c5a8063d> 0
146 0 clueweb12-0303wb-04-16162 0
111 0 clueweb12-0305wb-69-30313 1
128 0 clueweb12-0007wb-98-24935 0
110 0 clueweb12-1617wb-26-15620 0
102 0 clueweb12-0000wb-39-19615 0
134 0 clueweb12-0203wb-05-24716 0
114 0 <urn:uuid:f130b729-479b-49a1-be1e-a80af0a53f17> 0
117 0 clueweb12-1206wb-96-07995 0
118 0 <urn:uuid:3cb289a0-316c-4d26-a512-2dd69092a503> 0
117 0 clueweb12-1206wb-96-07997 2
143 0 clueweb12-0004wb-54-03701 0
111 0 clueweb12-0207wb-34-21523 0
135 0 clueweb12-0210wb-50-17638 0
117 0 clueweb12-1304wb-06-13207 1
131 0 clueweb12-0111wb-69-12553 0
132 0 clueweb12-0201wb-21-14965 0
101 0 clueweb12-0204wb-42-05352 2
128 0 <urn:uuid:bd7bc7bb-d0e8-41f3-be6c-d93ad27253bf> 1
132 0 clueweb12-0105wb-21-02925 0
123 0 clueweb12-0108wb-96-25758 2
139 0 clueweb12-1312wb-35-14961 0
125 0 clueweb12-0408wb-32-15715 1
107 0 clueweb12-1600wb-39-25592 0
137 0 <urn:uuid:477fe7ce-b03a-4c94-88a9-19063b43df55> 0
117 0 clueweb12-0012wb-99-15109 0
104 0 clueweb12-0305wb-05-13372 0
142 0 clueweb12-0001wb-17-06549 0
125 0 clueweb12-0204wb-25-30822 0
128 0 clueweb12-0105wb-67-17902 2
104 0 clueweb12-1013wb-39-21636 0
119 0 clueweb12-1515wb-48-17306 2
132 0 clueweb12-0107wb-10-09266 2
147 0 clueweb12-0103wb-46-25742 0
131 0 clueweb12-0208wb-17-06262 0
125 0 clueweb12-0012wb-26-09870 0
114 0 clueweb12-0106wb-18-21917 0
147 0 clueweb12-1413wb-72-05278 2
144 0 clueweb12-0009wb-18-26914 0
114 0 clueweb12-0106wb-24-31103 0
132 0 clueweb12-1006wb-42-09438 0
138 0 clueweb12-1814wb-32-28327 0
138 0 clueweb12-1815wb-00-19761 0
138 0 clueweb12-1814wb-95-11563 0
138 0 clueweb12-1814wb-95-11564 0
123 0 clueweb12-0301wb-87-17918 2
138 0 clueweb12-1814wb-95-11567 0
138 0 clueweb12-1815wb-00-19764 0
138 0 clueweb12-1815wb-00-19766 0
138 0 clueweb12-1815wb-00-19768 0
138 0 clueweb12-1815wb-00-19769 0
138 0 clueweb12-1815wb-00-19770 0
145 0 <urn:uuid:d83af4dc-e596-46c9-8841-2d5db5e1d7ef> 1
102 0 clueweb12-0310wb-14-12195 0
132 0 <urn:uuid:be062cd5-b27d-4749-8b37-4ef73bb493cd> 1
102 0 <urn:uuid:62cbf3fa-33c5-4bd5-bac7-e0ca676069f0> 0
107 0 clueweb12-0506wb-55-03805 0
115 0 <urn:uuid:d6729029-8d4c-4b88-aac8-8d11fe182ae5> 0
101 0 clueweb12-0508wb-99-27555 0
114 0 clueweb12-0004wb-90-32799 0
132 0 <urn:uuid:30f1f5f7-105c-4c92-9aee-e9461f4cf0dc> 0
126 0 clueweb12-0610wb-29-26734 0
125 0 clueweb12-0009wb-11-02714 0
141 0 <urn:uuid:1e84d0df-6a60-46b7-b1b9-30c9c7536661> 0
130 0 <urn:uuid:da68355d-b5fe-40f5-9f25-82ddec981ac2> -2
139 0 clueweb12-0210wb-67-20991 0
131 0 clueweb12-0001wb-86-15880 0
115 0 clueweb12-0205wb-00-24410 0
128 0 <urn:uuid:24dd7800-fc44-48b5-a27f-d8e22c892b00> 2
144 0 <urn:uuid:fa2930b0-9015-4250-af35-5af243d664e6> 1
131 0 clueweb12-0109wb-72-04618 0
133 0 clueweb12-0102wb-65-11425 1
130 0 clueweb12-0006wb-77-10014 2
116 0 clueweb12-0001wb-38-22685 0
121 0 <urn:uuid:ef45e6f3-40ef-4c5a-9bb2-ede98785a2cc> 0
101 0 clueweb12-0008wb-02-05473 0
144 0 clueweb12-0012wb-80-21182 0
125 0 clueweb12-1704wb-84-11495 0
148 0 clueweb12-0906wb-88-20738 0
138 0 clueweb12-1118wb-58-25904 0
128 0 clueweb12-0411wb-86-16491 0
102 0 <urn:uuid:8dd2268b-79da-46d0-8d4d-9148f83ebaf5> 0
103 0 clueweb12-0603wb-98-19136 2
111 0 clueweb12-0200wb-82-32025 1
130 0 <urn:uuid:8199c52d-f1e1-491f-8e82-0bd7b0ac8a2f> 2
128 0 clueweb12-1803wb-15-02068 1
128 0 clueweb12-1802wb-06-33021 0
149 0 <urn:uuid:a3594841-5885-447d-b17e-9696aa44f064> 0
115 0 clueweb12-1412wb-23-14185 0
126 0 <urn:uuid:54d1dad5-7156-41c8-a183-02c8dedd9f74> 0
121 0 clueweb12-0814wb-64-29093 0
108 0 clueweb12-1313wb-83-21539 0
114 0 clueweb12-0503wb-86-04109 2
123 0 clueweb12-0001wb-89-22203 0
145 0 clueweb12-0013wb-75-26123 1
130 0 clueweb12-0105wb-81-19582 1
136 0 clueweb12-0012wb-39-03735 0
114 0 clueweb12-0204wb-04-00810 0
107 0 clueweb12-1501wb-69-26245 0
124 0 <urn:uuid:26b8b990-e6de-4fb2-a25b-0c07ee483ce0> 0
104 0 clueweb12-0210wb-16-16555 0
114 0 clueweb12-0202wb-60-01206 0
132 0 clueweb12-0400wb-64-28851 0
121 0 <urn:uuid:3d907250-a23b-4a40-8005-9f98cc6d7366> 1
134 0 clueweb12-0104wb-70-24912 0
130 0 clueweb12-1214wb-59-14921 2
110 0 <urn:uuid:4aca0cf0-be4a-4830-b161-819a1e29b140> 1
137 0 clueweb12-1312wb-55-07618 0
149 0 clueweb12-0012wb-58-25373 0
104 0 clueweb12-0302wb-06-22273 0
126 0 <urn:uuid:1e33175d-e975-46b3-9f2b-cfa36ebba6da> 0
117 0 <urn:uuid:1652e191-08d9-4da7-b8da-7580bada7473> 1
121 0 clueweb12-0105wb-16-07644 0
135 0 <urn:uuid:de20d3a1-d0c4-4684-8fc1-83756be26aeb> 0
138 0 clueweb12-0100wb-46-15623 0
132 0 <urn:uuid:c16896b0-a55b-4b4a-b989-697f67e25ee7> 0
130 0 clueweb12-0000wb-03-27242 1
131 0 clueweb12-0105wb-68-13331 0
145 0 clueweb12-0000wb-06-24057 1
107 0 clueweb12-0004wb-10-16104 0
120 0 <urn:uuid:ffdc0256-357d-43d0-9fd8-2ac62194e23d> 0
111 0 clueweb12-0712wb-11-14996 0
103 0 clueweb12-0002wb-62-05386 0
110 0 clueweb12-0404wb-23-26674 1
104 0 clueweb12-0004wb-82-31306 0
104 0 clueweb12-1310wb-89-03082 1
121 0 clueweb12-1100wb-10-25738 0
102 0 clueweb12-0200wb-82-16880 0
141 0 clueweb12-0106wb-03-15647 0
118 0 clueweb12-1313wb-06-00948 0
149 0 clueweb12-0108wb-12-03585 0
104 0 <urn:uuid:fd1294ec-9de7-4d8c-9927-561336c66532> 1
108 0 <urn:uuid:ac364d09-a052-4071-9063-c2a9358ba5f8> 0
142 0 clueweb12-0310wb-45-27794 0
146 0 <urn:uuid:5d5b756e-ea14-41bc-a95b-719cc45ad58a> 0
118 0 <urn:uuid:2e86c697-14f3-4a70-ae60-ef53b6c9986f> 0
146 0 <urn:uuid:c1b64519-1049-4801-9708-ed9c3d2b347f> 0
125 0 clueweb12-0211wb-47-08732 0
126 0 clueweb12-0211wb-09-01202 0
105 0 clueweb12-1710wb-67-06672 0
131 0 clueweb12-0807wb-01-11942 0
131 0 clueweb12-0606wb-64-29936 0
149 0 clueweb12-0208wb-87-18517 0
131 0 clueweb12-1504wb-63-12933 0
126 0 <urn:uuid:6c6b11fd-9b75-4f18-b8ab-8696d845cf5e> 0
114 0 <urn:uuid:910dd591-d699-49df-ba39-b4fc7f1c53ed> 0
118 0 clueweb12-0508wb-33-10951 0
130 0 <urn:uuid:5e7d2393-3f44-4ad8-9025-c4c7bd4d0f6a> 2
110 0 <urn:uuid:97c19266-6509-49d4-a8ec-b54cb85d7ba0> 0
118 0 <urn:uuid:f8625224-d436-4bf4-b1ce-25a68ed08b79> 0
128 0 <urn:uuid:23f342ce-eb29-404b-81c8-5c35dc8bacf2> 0
111 0 clueweb12-0102wb-96-09359 0
117 0 <urn:uuid:1ced9ed5-c4f2-48bd-af02-5550cd7534fe> 2
115 0 <urn:uuid:5184146a-6313-4e7d-8e02-0ce8f685a271> 0
130 0 clueweb12-0813wb-88-14015 1
111 0 <urn:uuid:f65ad0e7-1597-4ff9-b1c2-f63acc8a7ce3> 1
117 0 clueweb12-0511wb-75-01299 3
134 0 <urn:uuid:06ae839b-c39d-43cb-bb74-fbdd78fa5800> 0
102 0 <urn:uuid:785bc00c-1411-4413-9ede-b57fd7278ae0> 0
128 0 clueweb12-0204wb-81-32932 1
125 0 <urn:uuid:fb1e55fe-7fc2-40dd-adde-fa3a363c5af8> 3
117 0 clueweb12-0108wb-45-14741 0
145 0 <urn:uuid:bc7a8a3d-6d31-4a50-a8f1-8e32d2c8a474> 1
146 0 clueweb12-1017wb-41-21361 0
108 0 clueweb12-0606wb-58-35741 0
144 0 clueweb12-0000wb-62-12295 0
130 0 clueweb12-0000wb-87-26149 0
136 0 clueweb12-0012wb-14-17749 0
130 0 clueweb12-0310wb-44-18873 1
117 0 clueweb12-0916wb-67-03445 0
135 0 clueweb12-1310wb-26-04634 0
113 0 <urn:uuid:e603912e-8295-49b7-9dd2-72c7919e0b6c> 0
130 0 <urn:uuid:5568a9a2-6d3d-421f-8e8c-839a60951759> -2
149 0 <urn:uuid:82de5d3c-c60d-4526-996d-26d10beca208> 0
136 0 clueweb12-0206wb-89-14639 0
133 0 <urn:uuid:96785e8f-22fa-47b6-a354-f6e63a6185ee> 0
135 0 <urn:uuid:d6f9071e-fa27-4936-8a7d-fe29ebcfbb18> 0
110 0 <urn:uuid:2dceaf2b-a3ea-4137-8780-601b41d77a76> 0
119 0 clueweb12-0110wb-24-32384 0
118 0 <urn:uuid:9fc8ce08-90ce-4a30-b727-be057979c52e> 0
147 0 clueweb12-0912wb-29-21809 0
110 0 clueweb12-0111wb-41-26708 2
119 0 clueweb12-0110wb-24-32382 0
132 0 clueweb12-1009wb-17-15276 2
132 0 clueweb12-1008wb-76-07156 0
136 0 clueweb12-1509wb-23-01485 0
145 0 <urn:uuid:d6eb6079-e1d6-4ece-ad67-81ac5162b644> 1
143 0 <urn:uuid:1a40633d-ae1c-48e1-b0c8-309858e03da8> 0
125 0 clueweb12-0106wb-95-17703 1
133 0 clueweb12-0400wb-18-06773 0
139 0 <urn:uuid:6d399445-71b9-425f-976c-99ce17dba3c8> 0
128 0 clueweb12-0911wb-46-11117 -2
122 0 clueweb12-1600wb-66-31221 0
104 0 clueweb12-0201wb-71-31201 0
145 0 <urn:uuid:92ab91d3-e6b6-41c1-8477-8dd88bcf2612> 2
138 0 clueweb12-0713wb-99-25716 0
147 0 clueweb12-1810wb-28-10935 0
133 0 <urn:uuid:c559a558-d42a-4282-8939-322b43aecb0e> 1
131 0 <urn:uuid:33843988-f3fc-450d-a747-f67c8f6dc874> 0
133 0 clueweb12-0602wb-57-29420 0
133 0 <urn:uuid:54bfc1a2-e931-48a3-aa8f-048e49c7389a> 1
116 0 <urn:uuid:c0c23586-e623-4195-833f-2893c504e11f> 2
134 0 <urn:uuid:25f75d96-fa4b-47c6-aa8d-54979886a441> 0
116 0 <urn:uuid:ea73cd51-a95b-4e66-93b3-c90e1ef03be2> 2
142 0 clueweb12-0009wb-86-14562 0
137 0 clueweb12-1006wb-58-26152 1
144 0 clueweb12-0604wb-09-13007 0
141 0 clueweb12-0408wb-61-08244 0
119 0 <urn:uuid:9ac9e630-862e-48a7-b57b-ff6057f93c14> 0
116 0 <urn:uuid:fc2b2d48-3710-4ab2-98c5-027239b17844> 3
137 0 clueweb12-0208wb-36-04001 0
147 0 <urn:uuid:3d40694c-d951-464a-bd32-0a14e36c3107> 1
118 0 clueweb12-0301wb-05-16139 0
133 0 clueweb12-1500tw-52-02902 1
120 0 clueweb12-0212wb-08-26742 0
146 0 <urn:uuid:6e6c87b3-9e75-4347-b548-69599669c1ea> 0
130 0 clueweb12-1000wb-36-21579 1
138 0 <urn:uuid:abe29ab9-86c3-41f2-885f-2c06fb6446b3> 0
130 0 clueweb12-0303wb-45-06758 2
133 0 clueweb12-0005wb-95-39150 0
128 0 clueweb12-0000wb-52-09495 0
123 0 <urn:uuid:e3d2bfd3-adce-44dc-98df-358a0b81c97f> 2
141 0 <urn:uuid:58e304b2-53e0-4f5e-89f5-3a4d4272eced> 0
116 0 clueweb12-0004wb-95-26648 -2
126 0 clueweb12-1700wb-00-01788 0
141 0 <urn:uuid:51fd2680-ee06-471f-9b9c-1997fad0a3ba> 0
122 0 clueweb12-1704wb-19-22540 0
129 0 <urn:uuid:9dd00ec7-9d63-4f5f-a98d-31da88665e69> 0
140 0 <urn:uuid:f36798ba-f0db-4f22-b7e0-7976334c0ec8> 0
130 0 <urn:uuid:f559d6b0-2ed9-4e15-8ce2-69ea60cee255> 1
107 0 clueweb12-0101wb-43-24621 0
146 0 clueweb12-0001wb-77-12574 0
106 0 clueweb12-0004wb-81-30944 0
146 0 <urn:uuid:45e36b62-c565-4487-9b77-177a3785917f> 0
125 0 clueweb12-0104wb-15-03718 0
111 0 <urn:uuid:53c00955-5a72-4703-901a-f3a1dc9fefef> 3
133 0 clueweb12-0208wb-98-10198 0
114 0 clueweb12-1104wb-68-10600 0
130 0 clueweb12-1309wb-24-18416 1
101 0 <urn:uuid:c86a9db2-47c0-4c21-9d0e-754c40992ab8> 0
124 0 <urn:uuid:17910ab9-f84f-4f24-a6de-eac2388a5813> 0
104 0 <urn:uuid:ca6a85c7-78bd-4926-a684-e3a4e98c3cf4> 0
133 0 clueweb12-0009wb-69-15520 1
120 0 clueweb12-1804wb-98-11490 0
145 0 clueweb12-1013wb-45-01365 0
147 0 clueweb12-0809wb-23-03188 2
117 0 clueweb12-0809wb-39-04326 1
137 0 clueweb12-0816wb-61-26786 0
125 0 clueweb12-0201wb-94-15851 1
137 0 <urn:uuid:b9f8f305-b12c-4515-bd6b-1c6138e79570> 3
129 0 <urn:uuid:1be14bf1-5d8d-4a07-aedd-c745e954ad6e> 0
128 0 clueweb12-1411wb-30-02334 1
124 0 clueweb12-0001wb-29-26605 0
140 0 <urn:uuid:e834b040-b3cf-44d4-a763-b16c9036f3ab> 0
133 0 <urn:uuid:dfa28308-5c56-4c0e-adb0-1e7c19c97b49> 1
121 0 clueweb12-0202wb-56-23055 -2
107 0 <urn:uuid:b62a4c13-92eb-4960-9877-5116324368b7> 0
117 0 clueweb12-0207wb-04-00142 0
133 0 clueweb12-0106wb-04-12720 1
135 0 <urn:uuid:dbf6d691-b5b2-4e04-9096-a2187a120416> -2
115 0 clueweb12-0004wb-59-06002 0
125 0 clueweb12-0407wb-76-17369 1
136 0 <urn:uuid:9b641e41-5315-4b85-a092-69608908e579> 0
137 0 <urn:uuid:0813a0a9-cf2f-438d-b86b-5021318e0999> 0
141 0 <urn:uuid:c96d1c9e-ba27-4c86-8ad6-61be12170183> 0
114 0 clueweb12-0103wb-21-15541 0
141 0 <urn:uuid:39c06596-5c98-4d8f-80f1-52700a35b84b> 0
141 0 <urn:uuid:cc3c3585-c71c-433c-a335-e6f5a529e0d0> 0
149 0 <urn:uuid:f3f45001-5e18-4573-805e-1b548c5f6177> 1
108 0 clueweb12-0112wb-14-27281 0
141 0 <urn:uuid:9bd0c921-6d7d-4e9d-b50e-c9bbfdd308b2> 0
147 0 clueweb12-1504wb-73-29828 2
146 0 clueweb12-0201wb-94-17429 0
127 0 clueweb12-0112wb-21-01346 0
125 0 <urn:uuid:f5ec0df4-a607-4e2c-b66e-f0076c3cf182> 0
131 0 <urn:uuid:4ffdf2be-b021-4807-b603-c52bf68f76c4> 1
114 0 clueweb12-0108wb-47-06459 0
120 0 <urn:uuid:da31ceca-dbff-467f-a08a-06a3c8ead000> 0
111 0 <urn:uuid:aedc8f06-5b0c-4735-941c-713aee6bdc0f> 0
142 0 clueweb12-0212wb-08-32646 0
144 0 clueweb12-0811wb-24-18133 0
130 0 <urn:uuid:24d7b705-f4aa-443f-a91d-ee7645b5fde5> 0
131 0 clueweb12-0105wb-52-30454 0
133 0 <urn:uuid:64e4f28a-4fdc-418b-9d56-88728e04aa55> 1
132 0 <urn:uuid:f7aa695f-1657-4e01-bd9f-ad6ee7a94215> 0
121 0 clueweb12-0302wb-78-07035 0
133 0 <urn:uuid:7db078cc-9e25-4478-af01-cd4857967168> 0
119 0 clueweb12-0012wb-20-25394 1
121 0 clueweb12-0702wb-49-32571 0
147 0 clueweb12-0203wb-34-19829 1
147 0 clueweb12-0205wb-95-04459 1
119 0 clueweb12-1018wb-57-12593 0
120 0 clueweb12-0111wb-70-21036 0
142 0 clueweb12-0300wb-00-30426 0
123 0 <urn:uuid:5faed48b-e0d4-457d-95d3-d27797235715> 0
109 0 clueweb12-1101wb-53-07610 0
133 0 clueweb12-0210wb-76-34407 0
127 0 <urn:uuid:fe5d66a6-91d3-486d-a302-c1f6d589ea3b> 1
125 0 clueweb12-0006wb-66-18298 0
145 0 clueweb12-0012wb-43-23751 0
119 0 <urn:uuid:9fd71b34-4ef9-4877-a02e-fb4056d003a6> 0
148 0 clueweb12-0207wb-93-10172 0
145 0 <urn:uuid:042cb971-8272-444d-98f7-61cefd18ae99> 1
135 0 clueweb12-1402wb-43-25311 0
103 0 <urn:uuid:6a58fb01-33ae-4dc3-bd62-30f0ddbe5d50> 0
118 0 <urn:uuid:c38a7983-df08-4402-a059-64f0d0a78bb9> 0
121 0 clueweb12-0702wb-72-18958 0
121 0 clueweb12-0702wb-72-18957 1
118 0 <urn:uuid:9fdfe2f2-81b5-442e-88de-2b5309b8cea4> 0
130 0 <urn:uuid:1ca4243d-f7da-4877-b4c7-3ab32ef2d123> 1
132 0 <urn:uuid:5117fe52-9446-4bf7-ad48-f0d1610e2034> 0
126 0 clueweb12-0305wb-85-15179 0
118 0 clueweb12-0109wb-46-09541 0
130 0 <urn:uuid:f086e062-45c5-4b28-bc7d-ca90fbfeeeeb> 0
121 0 clueweb12-0702wb-72-18959 0
132 0 clueweb12-0203wb-18-07933 0
118 0 clueweb12-0106wb-57-02160 0
143 0 clueweb12-0307wb-69-18045 0
121 0 clueweb12-0811wb-57-12254 0
125 0 clueweb12-0211wb-01-31427 0
126 0 clueweb12-0002wb-05-10269 0
107 0 clueweb12-0210wb-99-22011 0
136 0 clueweb12-0309wb-05-17048 0
128 0 clueweb12-0301wb-34-08193 0
120 0 <urn:uuid:ee000ed9-43e6-4655-9a2c-bb58a5fdeb7c> 0
140 0 <urn:uuid:ab95df05-947a-4598-a7e0-4e0ad77090f9> 0
115 0 clueweb12-1506wb-19-38677 0
134 0 clueweb12-1307wb-36-02812 0
122 0 clueweb12-0002wb-89-19529 0
134 0 clueweb12-1308wb-29-10208 0
130 0 clueweb12-0817wb-48-26683 1
101 0 clueweb12-0111wb-95-14006 0
149 0 clueweb12-0811wb-48-31315 0
138 0 <urn:uuid:d5ebaec6-c1e7-4373-a79f-b8c54dd64e2d> 0
114 0 clueweb12-1010wb-36-19579 0
130 0 clueweb12-0107wb-83-16925 1
115 0 <urn:uuid:f9d83bfb-2458-4e89-8c97-a8c261af633a> 0
117 0 clueweb12-0111wb-42-18149 2
142 0 clueweb12-0407wb-78-07646 0
129 0 clueweb12-0203wb-37-16673 0
119 0 clueweb12-0200wb-57-12954 0
124 0 clueweb12-0103wb-80-18395 0
133 0 clueweb12-0000tw-16-08611 0
149 0 clueweb12-0100wb-92-28573 0
105 0 clueweb12-0916wb-81-24601 1
111 0 clueweb12-1606wb-92-28556 1
122 0 clueweb12-0002wb-89-19536 0
145 0 clueweb12-0602wb-42-06148 0
147 0 <urn:uuid:35a75feb-92ea-4bbc-a877-a29a0996ea20> 0
124 0 clueweb12-0203wb-79-00132 0
102 0 <urn:uuid:096cf295-3b52-4fef-aa92-10b885b1922c> 0
148 0 clueweb12-0307wb-08-22556 0
136 0 clueweb12-0412wb-14-27230 0
125 0 clueweb12-0918wb-42-17688 0
111 0 <urn:uuid:00c365ec-9e1b-4496-9f54-339e803e5f36> 1
107 0 <urn:uuid:6e66dbf5-ba32-4ed1-b902-1513feedeb35> 0
114 0 clueweb12-0007wb-92-18629 0
101 0 clueweb12-0913wb-82-14149 0
121 0 clueweb12-0816wb-26-12435 1
120 0 clueweb12-0107wb-06-10812 0
135 0 <urn:uuid:ef700faa-0a08-4b4e-b7d3-2000fe529925> 0
133 0 clueweb12-0809wb-27-22708 0
104 0 <urn:uuid:b2ffb07d-4294-4345-a982-9b37d27f66d8> 2
131 0 clueweb12-0106wb-02-06905 0
125 0 <urn:uuid:eb4d57b1-e66f-4a2a-bb02-789189028297> 1
102 0 clueweb12-1004wb-58-24126 2
102 0 clueweb12-1004wb-68-20314 1
102 0 clueweb12-1004wb-58-24125 1
102 0 clueweb12-1004wb-58-24123 1
118 0 clueweb12-0112wb-07-34697 0
147 0 <urn:uuid:8c35aa9e-7a08-4490-a78d-2726309e74d0> 1
112 0 <urn:uuid:da62cee8-2d88-4958-817e-3dd07ee965a8> 0
114 0 <urn:uuid:14a0efc6-e42b-407a-bab0-d73fda31c796> 0
115 0 clueweb12-0209wb-76-10898 0
142 0 clueweb12-1801wb-36-10009 0
120 0 <urn:uuid:308acc7b-49c0-4456-ae47-efff75ed1d1f> 0
133 0 <urn:uuid:d45c5db3-3dad-4c0c-82bb-1747566769a6> 0
115 0 clueweb12-0112wb-10-24701 0
130 0 <urn:uuid:1e00623c-47eb-4ba0-9c3a-817b748a5c02> 1
121 0 clueweb12-0202wb-61-06747 1
125 0 clueweb12-0106wb-69-11312 0
125 0 <urn:uuid:3896b32b-b0da-4c4a-8225-709efd27bea2> 0
124 0 clueweb12-0111wb-48-09169 0
144 0 clueweb12-0004wb-97-03292 1
105 0 clueweb12-0308wb-20-00526 0
145 0 <urn:uuid:40eea201-dd65-4c23-9062-01ec954e2398> 1
115 0 clueweb12-0705wb-07-08617 0
112 0 <urn:uuid:cd57f1b1-82ae-4338-8a1e-4d59d6740667> 0
147 0 clueweb12-1505wb-12-09269 2
103 0 <urn:uuid:f44b1816-d35a-4f78-a71c-81facd7ab4b1> 0
131 0 <urn:uuid:f96f8aee-8c8f-484e-a920-ef21296a0bac> 0
143 0 clueweb12-0101wb-35-24178 0
123 0 <urn:uuid:9f23b91d-9663-4ba2-a982-57f290db0de5> 1
128 0 <urn:uuid:8b96f9f8-a521-4a22-8c7c-255ae4c4619c> 0
130 0 clueweb12-0411wb-65-01013 0
118 0 clueweb12-1812wb-23-14776 0
147 0 clueweb12-0301wb-06-35008 1
129 0 clueweb12-0013wb-16-23295 0
144 0 <urn:uuid:ce71bf49-93d4-4d26-9ac1-a2abee3ed3aa> 0
150 0 <urn:uuid:7c95994e-d8a7-47e6-963c-cc18587c4e0d> 0
114 0 clueweb12-0010wb-05-13090 0
133 0 <urn:uuid:3873ecd4-ac48-43ee-a174-0a9fcb379047> 1
130 0 clueweb12-0002wb-11-33803 0
133 0 <urn:uuid:71420b6c-61a0-4396-b9e0-263e3c161991> 1
145 0 <urn:uuid:ed2d4022-8f25-46c9-aa8b-1cde4082c9fd> 1
137 0 <urn:uuid:4240ec7a-a589-4b43-adef-bbda2ff1000d> 0
117 0 clueweb12-0013wb-13-05288 0
128 0 <urn:uuid:7f77ca0e-f65e-47c4-beac-6d54de2a7133> 0
127 0 clueweb12-0107wb-32-29339 1
132 0 clueweb12-0206wb-09-26574 0
130 0 clueweb12-0110wb-74-22492 1
133 0 <urn:uuid:6129b1d9-362d-4e22-8fa6-64422cdb8c23> 1
119 0 <urn:uuid:a06f5901-7d5c-470d-becf-805007b43879> 0
149 0 clueweb12-0307wb-18-05121 1
149 0 clueweb12-0307wb-10-20880 0
103 0 clueweb12-0305wb-67-06871 -2
133 0 <urn:uuid:42debbca-f614-47f2-9bf6-86d76197287d> 0
133 0 <urn:uuid:9bedfaf0-57e3-4a66-bf5a-8b624361349f> 0
136 0 clueweb12-1204wb-21-11330 0
147 0 clueweb12-0203wb-80-21905 2
124 0 clueweb12-0205wb-16-05331 1
137 0 clueweb12-0110wb-49-30704 0
142 0 clueweb12-0203wb-58-25193 0
115 0 <urn:uuid:a1e39c44-68d1-4dce-8d10-90e85dc5157e> 0
145 0 clueweb12-0111wb-24-06866 0
125 0 clueweb12-0207wb-41-14650 1
142 0 clueweb12-0200wb-13-06071 0
132 0 <urn:uuid:109c62ca-30fe-47f7-97cc-540ab18fe7de> 0
141 0 clueweb12-0211wb-85-04507 0
137 0 clueweb12-0002wb-46-16825 -2
146 0 clueweb12-0403wb-66-03512 0
146 0 clueweb12-0606wb-44-18436 0
125 0 <urn:uuid:4b87511a-a811-49f1-89f7-a8d5ea0c0154> 0
125 0 <urn:uuid:05e0e86a-8f6f-4e31-ae78-d0f46fdb9ad1> 0
125 0 <urn:uuid:df3a3ef1-f5c6-492b-aace-af5d3915d776> 0
120 0 clueweb12-0715wb-06-05406 0
149 0 clueweb12-0100wb-60-18131 0
149 0 clueweb12-0010wb-45-28377 0
118 0 clueweb12-1812wb-23-14781 0
149 0 clueweb12-0010wb-45-28376 0
130 0 clueweb12-0004wb-90-30416 3
118 0 clueweb12-0000wb-00-22526 0
114 0 <urn:uuid:af2ed82d-1bfe-4fb7-8e11-b717414ba2d2> 1
130 0 clueweb12-0110wb-42-16692 1
114 0 <urn:uuid:686232f4-fe28-4b3c-b433-329525a20e4d> 0
149 0 clueweb12-0012wb-58-25372 0
149 0 clueweb12-0100wb-68-13816 0
110 0 clueweb12-0111wb-12-02259 1
149 0 clueweb12-0011wb-43-29026 0
120 0 clueweb12-0201wb-44-00727 0
125 0 <urn:uuid:10c9968f-4843-4a1b-8222-df29ca25d1bf> 0
125 0 clueweb12-0100wb-19-20424 0
149 0 clueweb12-0010wb-73-16632 1
115 0 clueweb12-0208wb-71-05142 0
122 0 clueweb12-1600wb-45-05005 0
130 0 clueweb12-0103wb-27-13384 1
149 0 clueweb12-0203wb-83-25252 1
126 0 clueweb12-0007wb-43-00623 0
142 0 clueweb12-1201wb-52-04665 0
122 0 clueweb12-0906wb-33-17362 0
103 0 <urn:uuid:70b7cacc-9f86-402f-85a1-d82192694d19> 2
146 0 clueweb12-1811wb-31-15396 0
116 0 clueweb12-0008wb-82-00856 3
115 0 clueweb12-0111wb-76-33600 0
115 0 clueweb12-0005wb-06-30182 0
119 0 clueweb12-0210wb-97-25713 1
115 0 clueweb12-0004wb-93-22985 0
107 0 <urn:uuid:070857d3-0d19-4650-90c7-cff1bf9305de> 0
107 0 clueweb12-0700wb-29-13922 0
149 0 clueweb12-0703wb-75-20124 0
115 0 clueweb12-0203wb-97-31703 0
119 0 clueweb12-0110wb-24-13113 0
141 0 <urn:uuid:d741887d-b3cb-4eb8-b434-a3ddc3aa7415> 0
130 0 clueweb12-1408wb-79-04873 3
132 0 clueweb12-0201wb-29-00231 0
120 0 <urn:uuid:bf9f7bf4-2403-49bb-9cd7-6dbec043aff0> 0
146 0 <urn:uuid:391d9867-6fa5-434f-8810-ab71fa396f74> 0
129 0 clueweb12-0102wb-37-06259 0
138 0 clueweb12-1716wb-55-14244 0
110 0 <urn:uuid:f8af5faa-8a06-496f-b05d-d3fa80a5e331> 0
121 0 <urn:uuid:e8272ecc-e93d-46de-ade8-a9c67b61d48b> 1
114 0 <urn:uuid:2c99ca1c-1b03-464b-904d-9f142e51b358> 0
137 0 <urn:uuid:f1115e6d-add5-4a83-b7a2-61f4d4209465> 3
114 0 <urn:uuid:ae3b53fd-121a-4790-816c-c192d240722b> 1
149 0 clueweb12-0608wb-11-07071 0
135 0 <urn:uuid:756cd230-40ca-4caf-b32e-6325df19ec19> 0
137 0 <urn:uuid:c57f6c4a-9539-427a-8b60-e50a69c79f5e> 0
121 0 clueweb12-0009wb-76-10106 1
114 0 clueweb12-0012wb-99-00372 0
144 0 clueweb12-0209wb-87-13287 0
112 0 clueweb12-0205wb-73-14215 0
110 0 <urn:uuid:b72be4c9-ce85-4325-b7fb-2c933c5d89bb> 1
114 0 <urn:uuid:62b1e4a6-6cb5-4782-a20c-2a72bd3267c3> 0
124 0 clueweb12-0107wb-22-20560 1
124 0 clueweb12-0107wb-29-30577 0
111 0 clueweb12-0303wb-33-05894 0
119 0 clueweb12-0112wb-66-18498 2
123 0 clueweb12-1514wb-70-21149 0
138 0 clueweb12-0200wb-04-04418 0
135 0 clueweb12-0918wb-42-07453 0
106 0 <urn:uuid:9fca2cb6-d442-4084-81e2-10e35a494f6a> 0
102 0 clueweb12-1209wb-00-29546 0
137 0 clueweb12-0506wb-28-13487 0
138 0 clueweb12-1500wb-17-09343 0
119 0 clueweb12-0208wb-17-08625 1
150 0 <urn:uuid:85526982-8e22-4abf-84e7-e75532685d08> 0
140 0 clueweb12-0008wb-73-02050 0
133 0 <urn:uuid:8f4e50d8-7acc-46d1-b472-4194b1ab6c69> 0
118 0 <urn:uuid:fcbf28cf-43c6-4ceb-a71a-116630d82b4c> 0
136 0 clueweb12-0002wb-45-33770 -2
149 0 <urn:uuid:fcd6c641-0f51-4824-8236-d86bd98a7117> -2
102 0 clueweb12-0302wb-04-06592 0
110 0 clueweb12-0400wb-49-21950 0
143 0 clueweb12-1314wb-87-00365 0
141 0 <urn:uuid:52c415b9-a282-4de7-b1bf-78684a378dee> 0
115 0 clueweb12-0210wb-16-23554 0
141 0 <urn:uuid:bd52502e-0312-493d-ab59-e0bb3377b02d> 0
141 0 <urn:uuid:a65763d8-ed3e-46c7-a242-1c083ea41e07> 0
114 0 clueweb12-0206wb-37-33254 0
107 0 clueweb12-0607wb-39-03513 0
107 0 clueweb12-0003wb-75-07639 0
114 0 <urn:uuid:34d89619-f4ac-4894-9cd0-eb248874a142> 0
126 0 <urn:uuid:11deaa1b-007d-42e6-b0f7-c38a1114241f> 0
111 0 <urn:uuid:20f308cb-5b7c-4af3-ac9e-c526a34360c9> 0
125 0 clueweb12-0200wb-50-26932 0
149 0 clueweb12-0304wb-82-14226 0
119 0 clueweb12-0305wb-31-04586 2
149 0 <urn:uuid:7dced6b2-db9b-47a6-ac12-b28015563bc6> 0
148 0 clueweb12-0207wb-10-26960 0
107 0 clueweb12-0002wb-42-30086 0
148 0 clueweb12-0207wb-26-08348 2
115 0 <urn:uuid:4aec34ba-e657-4c82-a43e-fcddb4231461> 0
137 0 <urn:uuid:3cf09292-bc21-433d-b8c5-41a4dff34b45> 3
128 0 clueweb12-0607wb-27-06292 2
119 0 clueweb12-0601wb-38-05032 1
116 0 <urn:uuid:25aa8d43-31f1-4794-b140-d16ab0bc6e40> -2
112 0 <urn:uuid:8b5fd57d-b763-40a4-87e8-301edbd2109c> 0
125 0 clueweb12-1305wb-51-25847 0
125 0 <urn:uuid:38f8913f-b980-4aec-9eb8-44a1395f3a25> 1
125 0 clueweb12-1305wb-51-25848 0
125 0 clueweb12-0204wb-95-24632 0
133 0 clueweb12-0104wb-22-05570 0
123 0 clueweb12-0207wb-14-19034 2
120 0 clueweb12-0013wb-34-27317 0
118 0 <urn:uuid:0a7d1798-fec5-449a-a07d-a299c877981a> 0
103 0 clueweb12-0408wb-48-05331 0
131 0 clueweb12-0609wb-59-25966 0
118 0 clueweb12-1302wb-10-00777 0
122 0 clueweb12-0000wb-77-00827 0
112 0 <urn:uuid:68771082-71fc-4866-8f3d-c1f186810694> 0
119 0 <urn:uuid:bfd82fcd-1392-406d-a70a-252095b648d8> 0
114 0 clueweb12-0807wb-94-36450 0
148 0 <urn:uuid:8398e043-674a-4056-b47c-d64e9bfdc5d9> 0
138 0 clueweb12-0704wb-75-17272 0
121 0 clueweb12-0915wb-67-22624 0
143 0 clueweb12-0001wb-20-34865 0
133 0 <urn:uuid:f6687510-0285-43a3-aac7-ffa1ec50bd86> 1
142 0 clueweb12-0700wb-29-13922 0
135 0 clueweb12-1200wb-49-12724 0
125 0 <urn:uuid:eb3fb9b6-f366-46af-8482-b6408688a979> 0
136 0 clueweb12-0401wb-14-18159 0
128 0 <urn:uuid:f83b3ccc-ed44-450c-88a3-621167c04cdc> 0
119 0 clueweb12-0000wb-90-35426 0
105 0 clueweb12-0304wb-14-23279 0
105 0 <urn:uuid:71190276-65cc-492c-bff3-ebe601caf113> 1
114 0 clueweb12-0010wb-50-32810 1
134 0 clueweb12-0306wb-73-24585 0
149 0 <urn:uuid:cdc7a125-c42e-4914-84dd-5941360c9b73> 0
132 0 <urn:uuid:f416d672-a1c1-4f93-8636-8d6ce823fc35> 0
149 0 <urn:uuid:5e0febba-fe1f-4f9a-b5cc-f30ce054cdce> 0
146 0 clueweb12-0200wb-43-29723 0
137 0 clueweb12-0300wb-20-14283 0
120 0 clueweb12-0000wb-21-26542 0
146 0 clueweb12-0004wb-80-35225 0
137 0 clueweb12-0307wb-74-00357 0
109 0 <urn:uuid:3d90ef5a-8a13-43b0-aa80-4c157f76af4c> 0
117 0 clueweb12-0312wb-03-18477 0
133 0 clueweb12-0611wb-85-09729 0
150 0 <urn:uuid:219942b9-036c-4127-b0dd-3af423251078> 0
145 0 <urn:uuid:678f2226-8019-4c82-a7a8-da8d77750eef> 1
139 0 clueweb12-1115wb-66-09765 0
134 0 <urn:uuid:f1a1ce85-ea41-461d-93a9-723c61f1519d> 0
146 0 <urn:uuid:d69752c8-e1b4-496b-8ea8-cebfc00b78f9> 0
136 0 clueweb12-0505wb-25-19653 0
107 0 <urn:uuid:4bf3dedd-06d9-46b0-9c91-c1ca11cd3d7a> 1
116 0 <urn:uuid:ec400823-8150-4281-bc7b-e5a4d8ff1b29> -2
134 0 <urn:uuid:afb22a30-c95e-4331-b422-3b8d6f632f2b> 0
142 0 <urn:uuid:50816532-6353-4963-94a1-8b3e4b400f94> 0
147 0 clueweb12-0302wb-70-30130 0
107 0 <urn:uuid:ca57ab29-c175-4c49-bec0-72a3a925ea46> -2
142 0 <urn:uuid:ae81fbfb-473e-44fe-baaa-71e719d86790> 0
150 0 <urn:uuid:459c9d67-d2a9-44e7-a817-960409cad1c6> 0
119 0 clueweb12-0400wb-02-28608 2
147 0 clueweb12-0303wb-64-03943 1
126 0 clueweb12-0204wb-36-15190 0
148 0 clueweb12-0101wb-12-26808 0
137 0 clueweb12-0606wb-63-20165 0
121 0 <urn:uuid:8a03096a-1e31-436e-9ed4-6020560ff509> 1
147 0 clueweb12-0609wb-38-17911 0
121 0 clueweb12-0306wb-62-05449 0
138 0 <urn:uuid:f378c084-7aef-46f6-bd06-aee2ea6ee1ae> 0
147 0 clueweb12-0610wb-82-11462 1
121 0 clueweb12-0305wb-78-08354 1
144 0 clueweb12-0705wb-45-17597 0
121 0 clueweb12-0405wb-56-16029 0
114 0 clueweb12-0003wb-78-13243 0
121 0 clueweb12-0306wb-58-11944 1
117 0 clueweb12-0111wb-87-33966 3
121 0 clueweb12-0305wb-21-18931 0
121 0 clueweb12-0305wb-87-07752 1
121 0 clueweb12-1402wb-84-07193 1
121 0 clueweb12-0007wb-49-03698 0
133 0 <urn:uuid:49c6cdd9-867d-44fe-b271-015203a7ab32> 1
147 0 <urn:uuid:94eaa1e0-b1a8-4774-8ba6-a8e0e2bd7362> 0
134 0 <urn:uuid:6dcabbc7-caad-40b0-9324-e1eac7427fda> 0
130 0 clueweb12-0012wb-93-10483 0
141 0 clueweb12-0002wb-89-11671 0
140 0 clueweb12-1114wb-24-13463 0
106 0 clueweb12-0209wb-00-16705 0
143 0 <urn:uuid:4efab319-7fac-46e0-84b7-0dd17665cc47> 0
111 0 clueweb12-1404wb-76-18207 1
125 0 clueweb12-0109wb-43-08044 0
125 0 clueweb12-0407wb-46-30808 1
147 0 <urn:uuid:118b7f9a-f4cd-483b-9e5f-fab290602e86> 0
114 0 clueweb12-0108wb-99-26756 0
146 0 <urn:uuid:de17dd8d-3431-4e09-80ae-b30335b82606> 0
110 0 clueweb12-0003wb-99-28425 0
136 0 clueweb12-0206wb-77-24902 0
140 0 clueweb12-1009wb-34-03291 0
102 0 clueweb12-0411wb-45-01035 0
126 0 clueweb12-0205wb-26-15193 0
135 0 <urn:uuid:a9ff5653-a5a8-4c4e-b37b-3d4e12d95beb> 0
101 0 clueweb12-0400wb-48-23680 0
112 0 <urn:uuid:d0071dea-474a-414c-94ef-03400701ba54> 0
113 0 <urn:uuid:10ac1535-8d2a-4cdd-b20a-cb3301b368b4> 0
133 0 clueweb12-0006wb-52-16082 -2
127 0 clueweb12-0105wb-68-28901 1
133 0 clueweb12-0003wb-08-08980 -2
133 0 clueweb12-0905wb-15-14532 0
130 0 <urn:uuid:5aa82bd8-bbdf-4f3c-a106-3cb53a2c4f10> 1
106 0 clueweb12-0912wb-82-05316 0
103 0 clueweb12-0105wb-71-26066 0
130 0 clueweb12-0307wb-91-16073 1
125 0 clueweb12-0301wb-99-24353 0
102 0 <urn:uuid:a95f1b05-9fdf-4ef3-899c-0bcc9625ea4b> 0
146 0 clueweb12-0207wb-26-04123 0
130 0 <urn:uuid:e812641e-b7e3-4aeb-929a-3d0bcce446c1> 1
103 0 clueweb12-0107wb-89-21093 0
122 0 clueweb12-0606wb-13-17053 0
150 0 clueweb12-1514wb-17-14054 0
102 0 <urn:uuid:a98f4bef-afde-4b02-8032-15ad8962c07a> 0
108 0 clueweb12-0606wb-68-02534 0
103 0 <urn:uuid:a05125a6-650e-47f7-8bac-26235396301e> 0
144 0 clueweb12-0710wb-78-25313 0
119 0 clueweb12-0801wb-92-11292 1
119 0 clueweb12-0801wb-33-06849 0
145 0 <urn:uuid:fb443ce8-cf44-4bb0-9a5b-2ae3b22dfed3> 0
107 0 clueweb12-0309wb-53-21738 0
103 0 clueweb12-0109wb-47-14503 0
111 0 <urn:uuid:1ce884f3-1ed9-4c31-9b41-f938d16f047a> 3
110 0 <urn:uuid:9f9a0883-d816-40f7-b912-b95f3cfd5da9> 0
120 0 <urn:uuid:e0557cd0-d793-414d-a0dc-a0008490f41d> 0
144 0 clueweb12-1404wb-90-22087 1
124 0 clueweb12-0609wb-83-21813 1
125 0 clueweb12-0109wb-35-17909 1
108 0 clueweb12-0606wb-40-30734 0
135 0 <urn:uuid:0d47b4ad-1878-431f-8d5a-1cb1375289ad> 0
122 0 clueweb12-0605wb-01-17834 0
111 0 <urn:uuid:af20581b-ed34-46b0-8fe7-15a86838c714> 0
102 0 <urn:uuid:10fe2174-4a96-434e-8750-0be451f83f7d> 0
121 0 clueweb12-0305wb-78-08353 0
121 0 clueweb12-0302wb-06-06244 0
118 0 <urn:uuid:225d299d-0efc-406f-b51e-32ccc2cd8a25> 0
111 0 <urn:uuid:ce3b5273-3e56-427d-a698-d55e374848e7> 1
144 0 <urn:uuid:f56bb713-b9c5-48a0-8fba-8e4340a72c67> 0
130 0 <urn:uuid:de1550d4-2108-400c-b58a-e52c827c01e1> 0
137 0 <urn:uuid:1023101b-ebed-47d0-9198-a025409fc7ad> 1
125 0 <urn:uuid:78902e1b-b651-45da-8894-ed257b476d17> 0
110 0 clueweb12-0207wb-52-27784 0
139 0 clueweb12-0201wb-28-13645 0
129 0 clueweb12-0605wb-29-23218 0
118 0 clueweb12-1313wb-17-06590 0
132 0 clueweb12-0102wb-55-15796 0
150 0 <urn:uuid:0a730aad-87df-4c4b-8ed3-0b0d726b4b14> 0
133 0 clueweb12-0610wb-67-02817 1
122 0 <urn:uuid:e6c2ed1a-9da3-4a65-9ec8-56b26ce19c2c> 0
119 0 clueweb12-0207wb-95-25639 1
134 0 clueweb12-0511wb-74-30557 0
143 0 <urn:uuid:c99deaf9-8490-4455-a774-f0c8bdc67905> 0
121 0 clueweb12-1309wb-02-11687 0
130 0 clueweb12-0110wb-67-25423 3
141 0 clueweb12-0412wb-21-22229 0
139 0 clueweb12-1309wb-80-12286 0
127 0 clueweb12-0105wb-49-05785 2
123 0 clueweb12-1104wb-76-21707 2
139 0 <urn:uuid:4c987525-c41f-42cc-91cb-6cf56db6ec89> 0
150 0 <urn:uuid:92e67c82-e667-4bd9-a143-9412f6e8f00c> 0
118 0 <urn:uuid:396c8727-1433-406e-86bf-18397f13cb7d> 0
123 0 <urn:uuid:6857edc6-7b78-4031-8c48-1bc25c878198> 2
133 0 <urn:uuid:cb1090f0-771b-4937-9732-25fb76aed7aa> 0
136 0 <urn:uuid:3e756264-3729-443e-a4a7-4bc274f11250> -2
130 0 clueweb12-0107wb-18-12031 1
102 0 clueweb12-0000wb-89-25018 0
149 0 clueweb12-0310wb-71-07173 0
145 0 clueweb12-0207wb-50-26965 0
119 0 clueweb12-0204wb-15-32072 0
122 0 clueweb12-1106wb-64-18708 0
111 0 clueweb12-0303wb-03-26836 0
133 0 clueweb12-1809wb-44-12591 0
144 0 clueweb12-0705wb-00-29416 0
144 0 clueweb12-0709wb-97-21507 0
141 0 clueweb12-0110wb-03-21320 0
119 0 <urn:uuid:397a44c2-adff-4b33-a515-b1f4efce5852> 1
110 0 clueweb12-0211wb-56-08403 0
116 0 clueweb12-0012wb-94-29423 0
147 0 clueweb12-1812wb-03-08996 2
119 0 clueweb12-0013wb-45-22167 0
141 0 <urn:uuid:74a2b8a8-1f52-4a2f-9fa1-d2e8f8bfa857> 0
143 0 clueweb12-0813wb-21-12984 0
149 0 clueweb12-0000wb-61-11324 0
121 0 <urn:uuid:8efb8390-a5ad-448f-9d74-f4d640f245d9> 1
109 0 clueweb12-0703wb-09-22634 0
132 0 clueweb12-1302wb-10-00777 0
119 0 <urn:uuid:d2e80b5a-b3b3-4c54-870e-111e31517134> 0
138 0 clueweb12-1412wb-68-14522 0
119 0 clueweb12-0204wb-24-22931 0
114 0 clueweb12-1602wb-64-17725 1
110 0 <urn:uuid:c64b186d-a15e-43d7-b581-bc8fb5929737> 0
119 0 clueweb12-0208wb-45-05064 1
130 0 clueweb12-0301wb-74-17672 1
119 0 clueweb12-0208wb-25-13614 1
130 0 clueweb12-0305wb-31-03631 3
130 0 clueweb12-0301wb-81-18177 2
134 0 <urn:uuid:b0ffa788-b8c7-43f0-86ca-b064700f716b> 0
126 0 clueweb12-0206wb-68-19084 0
130 0 clueweb12-0000wb-65-31887 2
131 0 clueweb12-0209wb-18-33623 0
117 0 <urn:uuid:a83bee85-e365-47c8-ad2a-162079aebfc9> 3
107 0 clueweb12-0003wb-84-31849 0
128 0 <urn:uuid:d0b7ed63-8908-4943-a22d-25341933329f> 0
149 0 <urn:uuid:e0566e47-52df-40a1-a957-b47ac8e56e0d> 0
111 0 clueweb12-0203wb-25-25647 0
101 0 clueweb12-0205wb-32-25721 0
116 0 clueweb12-0915wb-71-04769 3
127 0 clueweb12-0105wb-62-10017 0
133 0 clueweb12-0001wb-64-04063 0
107 0 <urn:uuid:0e7284d7-1237-4b80-880d-6bc789b5f4f2> 0
146 0 clueweb12-0106wb-86-19995 0
121 0 <urn:uuid:a3fcf47b-bdea-4ebb-ba9b-f48696fbcc43> 0
143 0 clueweb12-0013wb-50-18366 0
126 0 clueweb12-0206wb-68-19086 0
106 0 clueweb12-0201wb-48-09541 0
138 0 clueweb12-0000wb-45-31582 0
114 0 clueweb12-0100wb-31-04646 0
101 0 clueweb12-0205wb-50-04903 0
145 0 clueweb12-0001wb-06-16441 1
131 0 <urn:uuid:140f6925-d466-4008-89e3-937a96d6771c> 0
139 0 clueweb12-0006wb-17-26788 0
130 0 <urn:uuid:1299edc1-194d-44d4-9785-3d70aad83f70> 0
138 0 clueweb12-0201wb-90-14034 0
135 0 <urn:uuid:85b6d543-85a0-4715-bbff-916246912e77> 0
138 0 <urn:uuid:86cf92c8-9fc5-4cd9-8dd2-f5fb39aadc7f> 0
143 0 <urn:uuid:b224d471-d382-44d5-969f-07058d449719> 0
133 0 <urn:uuid:a819c3cc-bec9-457b-a61a-dd02dc98dd57> 1
126 0 <urn:uuid:48acd9d9-87d2-4f61-8361-31a4e8381919> 0
143 0 clueweb12-1802wb-61-07697 0
124 0 clueweb12-1614wb-07-11725 -2
121 0 clueweb12-0008wb-70-18837 2
149 0 clueweb12-0311wb-79-15056 0
133 0 clueweb12-0200wb-24-06944 1
128 0 clueweb12-0309wb-08-26748 0
117 0 clueweb12-0102wb-50-20609 1
106 0 <urn:uuid:9bcb34d8-e64c-4742-b911-01ab7afd813e> 0
130 0 clueweb12-0007wb-41-29416 1
117 0 clueweb12-0112wb-34-19457 1
120 0 clueweb12-0501wb-24-05428 0
142 0 clueweb12-0000wb-06-03006 0
134 0 clueweb12-0009wb-57-14430 0
134 0 clueweb12-0009wb-57-14427 0
140 0 clueweb12-0604wb-52-28203 0
121 0 clueweb12-0304wb-22-11785 1
109 0 clueweb12-0605wb-45-22584 0
134 0 clueweb12-0010wb-67-31856 0
133 0 <urn:uuid:67fed07e-9614-41fa-853a-59e1c7bec08e> 1
136 0 clueweb12-1301wb-93-21331 0
129 0 clueweb12-0409wb-64-01246 0
133 0 clueweb12-0106wb-86-00412 1
136 0 <urn:uuid:86dc2a7e-b760-4e42-9337-fdf89cdc1d9f> 0
140 0 <urn:uuid:1760879d-8725-4a2f-abbc-9be55c9985a6> 0
149 0 <urn:uuid:7b7259cc-bc5e-4680-8ca9-c0313cdf5b4e> 0
126 0 clueweb12-0711wb-72-01193 0
123 0 clueweb12-0209wb-83-08732 0
132 0 clueweb12-0201wb-85-09433 2
131 0 clueweb12-1700wb-09-21508 0
103 0 <urn:uuid:0f4b1e37-1840-4c06-aa08-bb46a64dfda1> 1
117 0 clueweb12-0207wb-13-16697 2
150 0 clueweb12-0205wb-50-33294 0
118 0 <urn:uuid:c5be3eeb-03e4-4211-a53c-eefeffcd4592> 0
134 0 <urn:uuid:f18330dc-3082-413f-9174-e446fd3c4fdf> 0
133 0 clueweb12-1802wb-91-20545 0
125 0 clueweb12-0601wb-84-27133 0
120 0 clueweb12-0005wb-98-24414 0
147 0 clueweb12-0507wb-36-34933 0
128 0 clueweb12-1415wb-04-30259 0
125 0 <urn:uuid:56b8fe59-1431-480f-81ae-490ac106940a> 0
125 0 <urn:uuid:4012eeff-fa62-456f-be2f-d29843947866> 0
125 0 <urn:uuid:5239ffc1-673e-493d-91a8-9b5b61211071> 0
138 0 clueweb12-1100wb-12-28618 0
123 0 clueweb12-1212wb-69-13778 2
130 0 <urn:uuid:7562f373-8e79-460e-b6bd-44cde2d711bc> 2
120 0 clueweb12-0005wb-35-24079 0
122 0 <urn:uuid:05cd5803-cafc-4cde-997c-7705e51e920c> 0
148 0 clueweb12-0301wb-91-34263 0
107 0 <urn:uuid:d198d5ef-02b8-4b42-8af9-f8d42213042b> 0
144 0 clueweb12-0605wb-93-05653 0
111 0 clueweb12-0202wb-59-07526 0
140 0 <urn:uuid:f735e3b9-d45c-416c-8dc2-0f47d4346745> 0
135 0 clueweb12-1506wb-00-12763 0
114 0 clueweb12-0106wb-77-27109 0
145 0 clueweb12-0408wb-35-00189 0
136 0 <urn:uuid:9587aa87-fcd0-4a06-946e-8b7f029b7ec0> 0
148 0 clueweb12-0012wb-43-04373 0
123 0 clueweb12-0203wb-54-23173 2
110 0 clueweb12-0512wb-46-11478 0
125 0 <urn:uuid:6066894c-089c-485f-b8dc-cf0cd31ff11c> 0
104 0 clueweb12-0101wb-36-24605 0
144 0 clueweb12-0201wb-68-30249 2
142 0 clueweb12-0713wb-70-21299 0
148 0 clueweb12-0004wb-75-02464 1
144 0 <urn:uuid:edbfbbdb-dd9c-4371-a01c-9fd0b64094c5> 0
137 0 <urn:uuid:e7c2df06-6612-46cc-a5de-b16a0031f7b9> 0
116 0 clueweb12-0701wb-50-30688 3
116 0 clueweb12-0301wb-58-28031 3
130 0 <urn:uuid:83824ef2-dfc4-45ea-b18e-171c6212b5ca> 2
104 0 clueweb12-0101wb-27-18502 0
132 0 <urn:uuid:8bfd5296-0305-475e-966d-abde90c77f52> 0
127 0 clueweb12-1115wb-12-28728 1
140 0 <urn:uuid:b042a6ba-8895-43da-9627-2274742d822e> 0
137 0 clueweb12-0211wb-36-25252 0
132 0 clueweb12-0612wb-65-20316 2
102 0 <urn:uuid:fbe56aa0-7485-4eb5-b64f-7ecc8e643d9b> 0
135 0 clueweb12-0112wb-54-22341 0
133 0 <urn:uuid:c0c813cf-d142-448e-aae3-855e89494dda> 0
114 0 clueweb12-1206wb-26-22347 0
103 0 clueweb12-0010wb-52-16408 2
109 0 clueweb12-1410wb-28-12627 0
115 0 clueweb12-0503wb-23-03690 0
125 0 <urn:uuid:61aefd6a-5b0d-46de-8026-5f5dcac39877> 0
137 0 clueweb12-1114wb-26-03853 0
142 0 <urn:uuid:ec400823-8150-4281-bc7b-e5a4d8ff1b29> 0
134 0 clueweb12-1912wb-32-00143 0
105 0 clueweb12-0006wb-46-20451 0
107 0 clueweb12-0305wb-85-21913 0
107 0 clueweb12-0302wb-39-03180 0
105 0 <urn:uuid:45673e8a-9488-405b-8367-c49d554bcc30> 0
131 0 <urn:uuid:183896bc-c836-4611-b966-c93852e77975> 0
117 0 <urn:uuid:b4e73ac8-2de0-48c6-a13f-42f5ff5afb8b> 0
120 0 <urn:uuid:2dcb256a-1a30-4409-b642-67af6f65416e> -2
131 0 <urn:uuid:1c95b96f-6d56-4d6d-b39d-b658c2979889> 0
123 0 clueweb12-0109wb-82-18637 1
121 0 clueweb12-0202wb-82-09775 0
141 0 <urn:uuid:8c615d56-1e9f-4e4e-a402-2ff98936c9a1> 0
103 0 clueweb12-0105wb-52-07228 0
101 0 clueweb12-0207wb-70-29764 0
133 0 clueweb12-0407wb-42-12340 1
129 0 clueweb12-1504wb-63-12735 0
136 0 <urn:uuid:02d228be-c6ec-47f4-81e6-08771c968747> 0
114 0 clueweb12-0107wb-87-09041 0
119 0 <urn:uuid:9b84ca25-1f45-41c8-88e1-a59758ac76b9> 0
121 0 <urn:uuid:816e9fde-0ade-4197-8000-99c8bb0607f0> 0
133 0 clueweb12-1313wb-79-09055 0
115 0 clueweb12-1004wb-72-00279 0
102 0 clueweb12-1004wb-68-20309 1
121 0 clueweb12-0106wb-34-25701 0
130 0 <urn:uuid:09ba2007-858a-4d9a-82e9-4fabd976e1b1> 2
139 0 <urn:uuid:6ac05551-7df8-4cad-bc64-94fb66eadfbe> 0
144 0 clueweb12-0305wb-77-19313 0
145 0 <urn:uuid:4f9c57e5-a3b1-4ca6-999e-34b4ab970d12> 0
115 0 clueweb12-0512wb-65-05575 0
141 0 clueweb12-0203wb-52-14500 0
111 0 clueweb12-0919wb-55-29383 1
130 0 <urn:uuid:c372be8a-3ccc-45fb-bfa5-47624317d2e6> 0
149 0 clueweb12-1102wb-43-14826 0
138 0 <urn:uuid:5f2888a3-8ea5-4cad-9c99-4c62cf4d841b> 0
121 0 clueweb12-0106wb-34-25704 0
123 0 clueweb12-0108wb-29-34946 2
105 0 clueweb12-0301wb-05-27998 1
142 0 <urn:uuid:e3398b38-4380-49cb-b9ba-85eaf7d33e67> 0
144 0 clueweb12-1709wb-71-19610 0
129 0 <urn:uuid:1c714df7-e967-48ec-966c-eedcc37bde6c> 0
144 0 clueweb12-1710wb-21-00663 0
144 0 clueweb12-1709wb-96-28592 0
135 0 clueweb12-0400wb-47-10346 0
144 0 clueweb12-1710wb-37-29758 0
144 0 clueweb12-1709wb-95-04740 0
144 0 clueweb12-1709wb-73-04712 0
144 0 clueweb12-1710wb-62-22400 0
144 0 clueweb12-1710wb-42-23586 0
144 0 clueweb12-1709wb-71-19609 0
130 0 clueweb12-0008wb-13-25378 2
108 0 clueweb12-0108wb-68-19739 0
130 0 clueweb12-0007wb-02-23758 3
130 0 clueweb12-0007wb-93-03461 3
130 0 clueweb12-0008wb-13-25376 3
133 0 clueweb12-0200wb-75-04496 0
101 0 clueweb12-0200wb-09-21956 1
132 0 clueweb12-1510wb-42-13864 0
145 0 clueweb12-0507wb-29-17809 2
130 0 clueweb12-0012wb-28-29379 1
130 0 clueweb12-0004wb-74-06500 3
130 0 clueweb12-0005wb-87-01012 3
130 0 clueweb12-0004wb-37-17134 3
128 0 clueweb12-0714wb-42-17543 2
116 0 clueweb12-0103wb-46-25742 0
104 0 clueweb12-0209wb-27-12672 0
120 0 <urn:uuid:9662d1c0-7359-42f3-96a7-1b468a94b792> 0
127 0 clueweb12-1807wb-48-20754 0
107 0 clueweb12-0503wb-63-17995 0
135 0 clueweb12-0204wb-10-18629 0
127 0 clueweb12-0602wb-77-04438 0
131 0 clueweb12-0606wb-55-29837 0
143 0 <urn:uuid:d41c7b16-293b-416b-aaf4-07d529b72ba7> 0
126 0 <urn:uuid:3ef1eb17-fbc2-4599-b740-029ceded2624> 0
145 0 <urn:uuid:6d3fd825-8226-45db-864d-5c75afc809ec> 0
105 0 clueweb12-0208wb-20-08458 0
142 0 clueweb12-0001wb-14-12737 0
104 0 <urn:uuid:698cc460-5a7b-41df-b086-1461f57adb2f> 0
107 0 clueweb12-1503wb-85-10089 0
138 0 clueweb12-0310wb-64-14917 0
112 0 <urn:uuid:a582654c-9816-4fee-906f-7fb43fe87b5a> 0
112 0 <urn:uuid:54c6d80e-5cdf-4dca-80e7-87e25939385d> 0
146 0 clueweb12-1902wb-55-14898 0
112 0 <urn:uuid:b03f9da1-6ffb-43ef-b4d6-a057d3bf9203> 0
141 0 clueweb12-1716wb-63-13856 0
124 0 clueweb12-0303wb-60-14422 0
134 0 <urn:uuid:91415f70-e72d-4ed4-a357-41c4662cdd38> 0
114 0 <urn:uuid:285e8d9c-606a-4059-a58a-bfac5c522a14> 0
103 0 clueweb12-0009wb-91-01535 0
103 0 <urn:uuid:6d9bc39f-9369-49db-bd14-97e0904c983e> 0
118 0 <urn:uuid:20c712db-2c85-49f8-b3b0-abf662d683ef> 0
114 0 clueweb12-0208wb-81-19666 0
130 0 clueweb12-1316wb-30-26577 0
115 0 clueweb12-0207wb-21-22753 0
102 0 clueweb12-0002wb-12-00567 0
117 0 clueweb12-0811wb-19-22531 1
109 0 clueweb12-1412wb-35-11469 0
107 0 <urn:uuid:a61c8b9b-be7a-4fe4-9f68-d3014c56dc38> 0
115 0 clueweb12-0005wb-46-07365 0
115 0 <urn:uuid:21e931c1-6a6a-49e1-a2a6-3bc38f4a86d7> 0
115 0 clueweb12-1005wb-28-22954 0
111 0 <urn:uuid:56e941db-45d3-47a1-93f5-e3db236ce0c7> 3
105 0 clueweb12-1200wb-86-13484 1
115 0 clueweb12-1004wb-72-00269 0
115 0 <urn:uuid:c4146f40-7653-48af-a5a1-da357dcd9221> 0
121 0 clueweb12-0104wb-70-16546 0
133 0 clueweb12-0111wb-87-21099 0
126 0 <urn:uuid:f35dc6d9-ce0c-4a3e-9ad0-b516e63ae589> 0
135 0 <urn:uuid:d6771802-23dd-40d4-945b-23778cb15732> 0
133 0 clueweb12-0708wb-71-21009 0
130 0 clueweb12-0004wb-90-30513 1
130 0 clueweb12-0403wb-09-17535 1
101 0 <urn:uuid:f844c605-32c9-4e28-9407-f43acc363a4b> 0
136 0 clueweb12-1207wb-31-11390 0
143 0 <urn:uuid:cfc3a989-2c05-4bf2-86c9-7c2f186adc8d> 0
118 0 <urn:uuid:32158e8b-2486-46ba-8507-cb36a2109cf0> 0
146 0 clueweb12-0100wb-92-28559 0
119 0 clueweb12-1805wb-67-11083 0
104 0 <urn:uuid:3c147579-9df4-48ae-852f-243fc78dbaf1> 0
118 0 clueweb12-0100tw-13-01023 0
110 0 clueweb12-0310wb-71-26252 0
123 0 clueweb12-0208wb-85-01835 2
104 0 <urn:uuid:f49b534b-258d-4d86-a576-5b26f95a63bd> 0
101 0 clueweb12-0005wb-89-26415 0
102 0 clueweb12-1300wb-47-11129 0
125 0 <urn:uuid:b8f92a0c-0d7e-4377-b5b0-d904c828255d> 0
143 0 <urn:uuid:23a90e04-dd39-45c8-8830-3c46ec0a4d58> 0
108 0 <urn:uuid:b2a6e2ee-68bf-452f-8478-1940d59b2d9d> 0
138 0 clueweb12-1709wb-00-08313 0
131 0 clueweb12-0000wb-33-36667 0
130 0 <urn:uuid:dce6c176-aa2a-4c25-8a8a-a596127fe4c6> 2
102 0 <urn:uuid:0ad6ec75-45bb-4e95-ab63-904a7fa43587> 0
126 0 <urn:uuid:752eacc1-3a0f-4201-9eed-bdfb2605040c> 0
128 0 clueweb12-0006wb-27-14010 0
126 0 <urn:uuid:3294b927-7954-496b-8db7-dc5ce9ae1e39> 0
132 0 clueweb12-1902wb-38-04839 1
108 0 clueweb12-1204wb-03-24292 0
122 0 <urn:uuid:1dd453f0-d62a-4af1-987f-2654f46e090e> 0
116 0 clueweb12-0208wb-33-30999 1
120 0 <urn:uuid:c841b783-96bd-4668-8feb-e840ea4cab37> -2
102 0 <urn:uuid:80763a09-4b9d-4f63-9315-369cd49f744a> 0
135 0 <urn:uuid:8d0bbbf4-0e7c-4a50-939a-bd3996a29060> 0
104 0 clueweb12-0102wb-35-04431 0
145 0 clueweb12-0206wb-70-33692 1
147 0 clueweb12-0300wb-45-21321 1
115 0 clueweb12-0102wb-39-28898 0
112 0 clueweb12-0104wb-34-32044 0
131 0 clueweb12-1912wb-36-07637 0
114 0 clueweb12-1205wb-71-10928 0
131 0 clueweb12-0208wb-28-16317 0
107 0 clueweb12-0109wb-15-19258 0
102 0 <urn:uuid:b26c7b7f-7d22-4d4e-971f-ac72997deb8e> 0
105 0 <urn:uuid:f01870bf-7a22-4f09-ab8e-f220bd287234> 0
128 0 <urn:uuid:d7a734c7-175f-48a9-aeb5-f878b057857e> 1
125 0 clueweb12-0204wb-90-12473 0
145 0 clueweb12-0108wb-27-06257 0
149 0 <urn:uuid:d579751f-8f1a-427d-b322-c377b05d841f> 0
147 0 <urn:uuid:df4caf83-1edc-4377-93af-70767f27b5c4> 0
128 0 clueweb12-0208wb-45-21502 0
134 0 clueweb12-0303wb-21-23919 0
120 0 clueweb12-0912wb-51-27697 0
105 0 clueweb12-0603wb-98-35239 0
121 0 clueweb12-0104wb-70-16547 0
130 0 clueweb12-0011wb-02-00763 1
116 0 clueweb12-0306wb-52-14797 1
131 0 <urn:uuid:bc6b783a-61ec-42eb-9cbf-91c2edb55b56> 0
110 0 clueweb12-0304wb-07-21114 0
108 0 <urn:uuid:f7390e8c-ceba-4dab-b483-012f27132a2d> 1
125 0 <urn:uuid:a0bad171-bcec-4367-8b52-ab1a8520fcb6> 0
110 0 clueweb12-0305wb-27-27169 0
149 0 clueweb12-1804wb-66-09038 0
106 0 <urn:uuid:406ade4b-7ebb-47dd-908c-e229c4e9f431> 0
147 0 <urn:uuid:85d6c099-c347-4e04-82b9-ce62906399e1> 1
147 0 clueweb12-1314wb-28-22003 0
110 0 clueweb12-0002wb-32-28572 2
148 0 clueweb12-0209wb-86-17768 0
124 0 <urn:uuid:7f9c5e97-a2d9-48de-99d9-543b4a722955> 0
120 0 <urn:uuid:cc77fb52-cca5-4bec-b087-3100279a28c1> 0
102 0 clueweb12-1401wb-29-13796 0
138 0 clueweb12-1814wb-39-07274 0
123 0 clueweb12-0200wb-36-18333 0
114 0 clueweb12-0401wb-16-19397 0
114 0 clueweb12-0200wb-26-21500 0
133 0 clueweb12-0206wb-76-25110 0
115 0 clueweb12-0407wb-18-18243 0
141 0 <urn:uuid:a360e5fe-962a-4602-8da7-e64914e822af> 1
114 0 clueweb12-0401wb-06-17400 0
133 0 clueweb12-0400tw-91-19050 1
114 0 clueweb12-0005wb-45-18010 0
110 0 <urn:uuid:0755d670-4b8e-4694-95bc-a76ea0ea7961> 1
145 0 <urn:uuid:2c0b312c-862f-484a-b4ea-72eb41ef2eb5> 0
149 0 clueweb12-0105wb-51-26350 0
114 0 clueweb12-1108wb-60-13225 2
114 0 clueweb12-1108wb-71-16707 0
125 0 clueweb12-1607wb-89-25519 0
121 0 clueweb12-1805wb-10-08064 0
129 0 clueweb12-1302wb-51-13519 0
145 0 <urn:uuid:c1cdd60f-435f-47f5-aae2-a6084b54a433> 1
128 0 <urn:uuid:c5455814-8fc8-4a7b-98b6-93bc5f82a7ef> 1
122 0 <urn:uuid:66afb9c9-f52b-4565-a4bf-075434b280c7> 0
116 0 clueweb12-0108wb-93-00182 0
117 0 <urn:uuid:79e87614-359e-4206-b30d-052e291393b5> 1
135 0 <urn:uuid:7d57da61-a8f1-4e16-a4ff-10971cc966b9> 0
122 0 clueweb12-0813wb-06-30437 0
144 0 clueweb12-1600wb-39-19978 0
105 0 clueweb12-0302wb-86-34680 1
135 0 clueweb12-0305wb-73-00618 0
147 0 clueweb12-0102wb-66-07106 1
145 0 clueweb12-0013wb-47-25184 0
107 0 <urn:uuid:e864c578-1945-4daa-ab71-9a4a03a780c5> 0
117 0 clueweb12-0103wb-24-16298 0
140 0 <urn:uuid:7f3c1c47-b358-4791-b78d-24fc434bef2c> 0
109 0 clueweb12-0304wb-47-13016 0
133 0 clueweb12-0402wb-67-13123 0
122 0 clueweb12-0109wb-37-21941 0
144 0 clueweb12-0105wb-68-19019 0
125 0 clueweb12-1802wb-64-05830 1
135 0 <urn:uuid:8d859e1d-eb32-44a5-b82e-e848ea64a86d> 0
126 0 clueweb12-0206wb-27-06302 0
121 0 <urn:uuid:79bca604-d148-4193-9376-29c66f637863> 0
118 0 clueweb12-0308wb-03-11147 0
101 0 clueweb12-0111wb-60-15971 0
131 0 <urn:uuid:0da6328d-1f7e-4cd1-8d9e-e3e6f442afe3> 0
119 0 clueweb12-0012wb-86-06165 0
121 0 <urn:uuid:67dd90bc-b9b8-4f3e-944b-b998726c3430> 0
120 0 clueweb12-0106wb-02-16419 0
121 0 <urn:uuid:9b386433-3a91-41eb-9e44-68b446b88829> 0
122 0 clueweb12-0210wb-96-11546 0
122 0 clueweb12-0209wb-67-18986 0
148 0 clueweb12-1512wb-62-35888 2
122 0 clueweb12-0210wb-96-11545 0
129 0 clueweb12-0106wb-23-01013 0
148 0 clueweb12-1012wb-24-10050 0
117 0 <urn:uuid:5a7d8fd2-1ca0-4421-89b4-7d93d5fefc5b> 1
142 0 clueweb12-0106wb-31-21234 0
126 0 clueweb12-0002wb-41-18584 0
144 0 <urn:uuid:3fc2e1e4-72c6-40c8-9d02-9694b34fb42d> 0
114 0 clueweb12-0203wb-36-17269 0
143 0 clueweb12-0012wb-04-25829 0
117 0 clueweb12-0103wb-45-29109 0
132 0 clueweb12-0606wb-29-31568 0
117 0 clueweb12-0103wb-26-09333 1
107 0 clueweb12-0302wb-71-09150 0
147 0 clueweb12-0404wb-50-26571 0
125 0 clueweb12-0112wb-00-28850 0
111 0 clueweb12-0509wb-94-02764 1
130 0 clueweb12-0003wb-77-23664 3
115 0 clueweb12-0601wb-74-26672 0
130 0 <urn:uuid:7cc5351f-2074-4032-b70c-c7ede44e3c87> 1
129 0 <urn:uuid:49f64cae-2aa9-4aae-a3d0-3cdf3a801913> 0
137 0 clueweb12-0200wb-47-07640 0
132 0 clueweb12-0107wb-49-24572 0
131 0 clueweb12-0003wb-56-35477 0
145 0 clueweb12-0108wb-27-06264 0
145 0 clueweb12-0108wb-27-06265 0
134 0 clueweb12-0206wb-75-15964 0
121 0 <urn:uuid:e4a66df1-9caf-459e-bbba-8a6f41ae430a> 0
119 0 clueweb12-0206wb-04-08343 2
133 0 clueweb12-0110wb-70-27906 0
111 0 clueweb12-0304wb-61-06721 1
146 0 clueweb12-0006wb-35-24554 0
142 0 clueweb12-0211wb-25-26488 0
145 0 clueweb12-0108wb-27-06258 0
123 0 <urn:uuid:fbeddd2a-26ea-40f9-a36f-9d5b75d4d049> 0
131 0 clueweb12-0106wb-08-29060 -2
116 0 clueweb12-0309wb-06-08397 3
125 0 clueweb12-0916wb-03-06105 0
116 0 clueweb12-0002wb-48-14554 1
135 0 <urn:uuid:abd0c638-fbba-4e83-944f-ebce2cf0e35a> 0
125 0 <urn:uuid:749ce9f9-2d30-4822-a696-404abc3a2492> 0
138 0 clueweb12-1814wb-78-16522 0
138 0 clueweb12-1814wb-32-28328 0
108 0 clueweb12-0101wb-56-31489 0
138 0 clueweb12-1814wb-39-07273 0
129 0 clueweb12-0818wb-30-04673 0
139 0 <urn:uuid:6bc6fa53-0599-4a8a-896c-157b7d16d3f1> 0
129 0 clueweb12-0818wb-30-04677 0
131 0 clueweb12-0200wb-15-13568 0
129 0 clueweb12-0108wb-26-17275 0
142 0 clueweb12-1512wb-86-31328 0
145 0 <urn:uuid:8820f903-4d89-420a-affa-df5db82d5b5f> 0
121 0 clueweb12-0009wb-59-32747 0
121 0 clueweb12-0009wb-74-19436 0
145 0 <urn:uuid:6958c9f3-76e6-42d7-abf9-5f6bb1fdc0ae> 0
104 0 clueweb12-0109wb-71-28563 0
145 0 <urn:uuid:81e759d7-9c4a-4f1d-8a19-7561581bc746> 0
145 0 <urn:uuid:02729da1-8367-44c1-8f44-05bff0ec234e> 0
145 0 <urn:uuid:ecc41cec-9519-40dd-859a-0fba22426f46> 0
102 0 clueweb12-0304wb-25-16545 0
145 0 <urn:uuid:dfde2302-3e28-4b32-9ac3-dda28e72208f> 0
145 0 <urn:uuid:f7bf155e-b73e-4265-929b-1b36d14418fb> 0
109 0 clueweb12-0203wb-34-13737 0
145 0 <urn:uuid:997a9c73-7e07-4c15-b940-c9b66627028e> 0
103 0 clueweb12-0010wb-89-27554 0
116 0 clueweb12-0209wb-28-03690 1
148 0 <urn:uuid:3dbd8ccc-c02f-48cc-9963-e3d5c06daed3> 0
124 0 <urn:uuid:e3837eb4-f299-47f5-a23a-196d394ff02c> 1
121 0 clueweb12-0306wb-45-05734 1
137 0 <urn:uuid:b2058075-1851-4c8a-84c0-bb9bec73583e> 0
141 0 clueweb12-0206wb-66-20710 0
128 0 clueweb12-0001wb-67-30681 0
143 0 clueweb12-0309wb-55-01531 0
137 0 <urn:uuid:6d53e01e-fc76-47d7-8667-fecf0e4d01e0> 1
126 0 <urn:uuid:b2243148-370d-4722-bf45-0c33a528da78> 0
105 0 clueweb12-1300wb-15-10140 0
105 0 clueweb12-1301wb-09-28306 0
125 0 <urn:uuid:96a8c19a-b892-452a-a15f-0b413bb33e08> 1
139 0 <urn:uuid:914572f6-8658-4787-b87c-ef57f6e73f71> 0
145 0 <urn:uuid:f0a5dc64-4190-425d-9804-e061a9b3f196> 0
145 0 <urn:uuid:aaa805a3-30f7-4df3-aacf-43ee6b6b27f2> 0
145 0 <urn:uuid:13984a56-6725-4699-a0b3-6d60c1e1d388> 0
115 0 clueweb12-0209wb-48-15503 0
114 0 <urn:uuid:07af4257-260e-4ac4-8e0f-4d6a392aad2b> 0
110 0 clueweb12-0013wb-78-05393 1
133 0 <urn:uuid:0597ed19-dc1c-49b6-a66c-22a9cfeeb4c9> 0
117 0 clueweb12-0501wb-86-00697 1
103 0 clueweb12-0005wb-36-23888 1
107 0 clueweb12-0000wb-57-30605 0
138 0 clueweb12-1616wb-72-01177 0
133 0 <urn:uuid:23fa6eb3-8f0d-495a-be90-acbc93e206a9> 0
139 0 clueweb12-0210wb-86-29456 0
125 0 <urn:uuid:6e888a8a-27c5-454d-8378-ecc88f11a9e7> 0
120 0 <urn:uuid:28aae6e7-4619-4d55-b6f6-a4c156ebe09c> 0
149 0 <urn:uuid:31c788c7-0c54-4682-a065-94430a2f269f> 0
118 0 <urn:uuid:3dce9325-f2f3-4b94-b41b-c5697479311d> 0
129 0 clueweb12-0818wb-30-04703 0
129 0 clueweb12-0818wb-51-19095 0
131 0 <urn:uuid:fe6aac4f-8e54-4c0b-bc81-58b8405290e6> 0
107 0 <urn:uuid:52226264-5993-46ad-a451-9a14f87be063> 0
148 0 clueweb12-0300wb-75-25912 1
129 0 clueweb12-0818wb-57-12356 0
129 0 clueweb12-0818wb-51-19099 0
133 0 clueweb12-0000wb-08-03193 0
121 0 clueweb12-0013wb-74-08180 0
121 0 clueweb12-0013wb-65-17434 0
115 0 clueweb12-0301wb-12-10897 0
146 0 <urn:uuid:e1432887-f65b-4bb5-86dc-83c14ac7a90c> 0
104 0 <urn:uuid:bf8d2427-a5f8-42f2-90d3-cb1160a7f3e7> 0
117 0 clueweb12-0204wb-97-07221 0
131 0 clueweb12-0903wb-82-19663 0
134 0 clueweb12-0305wb-80-09222 0
102 0 clueweb12-1004wb-09-07901 1
112 0 clueweb12-0209wb-80-25835 0
139 0 clueweb12-0202wb-40-27775 0
114 0 clueweb12-0211wb-08-11342 0
110 0 <urn:uuid:c995c834-5c97-4805-9ea4-7a80fa25b815> 0
121 0 clueweb12-1114wb-86-17915 0
122 0 clueweb12-0606wb-13-17051 2
116 0 clueweb12-0107wb-54-06566 0
114 0 clueweb12-0203wb-63-33662 0
142 0 clueweb12-1809wb-33-29861 0
121 0 clueweb12-0008wb-08-03142 0
129 0 <urn:uuid:62093560-cdb7-4468-a162-3214c80ee92e> 0
114 0 clueweb12-0204wb-10-30970 0
114 0 clueweb12-0204wb-86-05022 0
121 0 clueweb12-0310wb-93-11998 2
125 0 clueweb12-1600wb-64-21326 0
147 0 clueweb12-0301wb-70-15325 0
125 0 <urn:uuid:12d4e978-a8cb-4626-a08b-6d3bcb9214a3> 0
126 0 clueweb12-1313wb-76-06226 0
104 0 clueweb12-0000wb-97-31605 0
141 0 clueweb12-1603wb-42-03826 0
107 0 clueweb12-0002wb-25-03166 0
142 0 clueweb12-0306wb-62-24723 1
130 0 clueweb12-1303wb-59-08725 -2
114 0 clueweb12-1505wb-01-08901 0
130 0 clueweb12-0002wb-40-33062 0
128 0 clueweb12-0307wb-60-16519 0
129 0 clueweb12-0818wb-30-04687 0
129 0 clueweb12-0818wb-23-29902 0
149 0 <urn:uuid:8f3d997e-53a8-42e2-81a3-6859f1355dbf> 0
133 0 clueweb12-1502wb-88-00303 0
139 0 <urn:uuid:42099bba-73c7-4639-875f-b83f0e583186> 0
130 0 <urn:uuid:31cafa0e-f80e-4f37-be18-c15d5ae03e0d> 3
119 0 clueweb12-0302wb-48-11223 2
116 0 clueweb12-0301wb-98-21388 0
115 0 <urn:uuid:d969914c-16f8-4895-9239-b4fd99bdb151> 0
125 0 <urn:uuid:f49a5829-5ea7-4732-904f-2f0a7d9075bb> 0
133 0 clueweb12-0207wb-21-30018 0
138 0 <urn:uuid:b60c016b-7748-4d8d-92b6-f2ad8dce4f92> 0
139 0 clueweb12-0107wb-00-12861 0
135 0 <urn:uuid:49d05133-79d3-4ef7-a770-addb81e065a3> 0
128 0 clueweb12-1615wb-56-04425 0
133 0 clueweb12-1216wb-49-16177 0
137 0 <urn:uuid:b4d3be98-65ef-4b80-aa56-130227bd60a8> 0
131 0 <urn:uuid:91f2167c-cb9a-4bbc-859e-0428a34ac900> -2
137 0 clueweb12-1804wb-39-04503 1
133 0 clueweb12-0101wb-88-26602 0
119 0 clueweb12-1011wb-32-05296 2
116 0 clueweb12-1312wb-54-14310 2
150 0 <urn:uuid:89afe571-ccca-4fc6-be3c-29ae5305385d> 0
146 0 clueweb12-0200wb-10-14605 0
141 0 clueweb12-1312wb-10-02291 1
117 0 <urn:uuid:713bdf8e-d1f1-464a-8fce-70e60b445ea3> 0
133 0 clueweb12-1404wb-56-00419 0
140 0 clueweb12-0108wb-31-12044 0
141 0 clueweb12-0501wb-51-00998 2
114 0 <urn:uuid:71dd7d19-13a1-4315-9b23-e66b65131094> 0
132 0 clueweb12-0205wb-55-28654 0
114 0 clueweb12-0111wb-30-20872 0
114 0 clueweb12-0111wb-22-08561 0
147 0 clueweb12-0101wb-62-30408 2
143 0 <urn:uuid:eaa61b3d-9278-4157-92c2-4fa4c4dbb06c> 0
148 0 clueweb12-0207wb-60-15081 1
148 0 clueweb12-0207wb-30-25641 2
148 0 clueweb12-0207wb-93-10171 0
105 0 <urn:uuid:a3dd6647-930b-4242-ab7b-17e5c8b0203f> 0
104 0 clueweb12-0102wb-12-21849 0
143 0 clueweb12-0311wb-12-13217 0
106 0 <urn:uuid:3e849515-d30a-4a22-a532-fad8a0ffbc95> 0
148 0 clueweb12-0104wb-08-28506 2
104 0 clueweb12-0101wb-89-17673 0
133 0 clueweb12-0400wb-47-25539 1
136 0 clueweb12-0200wb-94-30074 0
132 0 clueweb12-0304wb-35-10961 0
101 0 clueweb12-0304wb-60-03644 1
125 0 clueweb12-0705wb-00-26228 1
146 0 <urn:uuid:30473f1b-35cb-4ea9-9c7f-8fc60b09f13a> 0
110 0 clueweb12-0200wb-29-21820 0
145 0 clueweb12-0311wb-96-01647 0
147 0 <urn:uuid:154ac5c6-f048-44e6-b52f-a8e6de3e18e0> 2
119 0 <urn:uuid:dce68d18-cc95-4983-a54d-93664f455804> 0
140 0 clueweb12-0011wb-23-27257 0
107 0 <urn:uuid:254ed9e4-f860-4f4b-9b97-ed249937eddc> 0
135 0 clueweb12-0111wb-50-01570 0
132 0 clueweb12-0008wb-88-17241 0
144 0 clueweb12-1403wb-84-29968 0
144 0 clueweb12-1404wb-77-07300 1
105 0 clueweb12-0112wb-13-25916 0
135 0 clueweb12-1516wb-77-18712 0
114 0 <urn:uuid:42f2a20a-4792-46d7-a761-02f206c3d4eb> 1
137 0 clueweb12-0201wb-10-27469 0
141 0 <urn:uuid:a0d7098f-72f9-4db3-bb80-73c7e6edf718> 0
119 0 <urn:uuid:ca1de49e-f0ee-4777-aa7b-2afcc677f91d> 0
114 0 <urn:uuid:2adedb6b-73a0-44b9-8610-90e405236097> 0
127 0 <urn:uuid:a3759aaf-57ab-4d00-beeb-f5df6676eaff> 0
114 0 clueweb12-0202wb-02-09550 0
111 0 clueweb12-0212wb-16-27267 2
136 0 clueweb12-0002wb-77-23985 0
122 0 clueweb12-0606wb-20-26282 0
146 0 clueweb12-0004wb-73-24757 0
121 0 <urn:uuid:4574a028-1827-49bc-8299-98b91dc02792> 0
105 0 clueweb12-0012wb-69-21015 1
121 0 clueweb12-0706wb-31-25303 2
119 0 <urn:uuid:50f0bd88-5630-4f50-a472-33147a36a6d8> 0
103 0 <urn:uuid:df236073-f4d8-4012-b3e2-1c10c2d0f8fe> 0
103 0 clueweb12-0407wb-91-23581 2
121 0 clueweb12-0306wb-45-05730 0
121 0 clueweb12-0306wb-45-05729 1
150 0 clueweb12-0402wb-95-22691 0
110 0 <urn:uuid:76b366b5-829e-4907-b3fb-b8d56d364a89> 0
120 0 clueweb12-1813wb-00-19514 0
130 0 clueweb12-0704wb-38-31722 0
116 0 <urn:uuid:ae42f9e2-f694-4ed1-8b99-72002fccae7f> 0
114 0 clueweb12-0210wb-39-23388 0
136 0 clueweb12-0203wb-15-16288 0
145 0 <urn:uuid:99639e2d-901a-4239-b059-659d52b40170> 0
133 0 clueweb12-0705wb-60-06332 0
117 0 clueweb12-0112wb-32-14591 2
123 0 clueweb12-0106wb-48-21673 0
150 0 <urn:uuid:82843ed0-20f1-4c89-8b20-30cbf5804610> 0
114 0 <urn:uuid:9c7bd96c-4a79-4eff-a4fd-4dcddbfaac14> 2
114 0 clueweb12-0011wb-40-28325 0
120 0 clueweb12-0005wb-76-13666 0
128 0 clueweb12-0205wb-42-26926 0
124 0 clueweb12-0012wb-84-07815 0
119 0 clueweb12-0209wb-09-14856 0
144 0 clueweb12-0104wb-04-12324 0
118 0 clueweb12-0209wb-11-15468 2
121 0 clueweb12-1716wb-47-12252 0
133 0 clueweb12-0804wb-40-09043 0
143 0 <urn:uuid:f4855912-b26a-4e50-b88c-5bf2aca5df24> 0
143 0 <urn:uuid:693545da-02bc-4ebd-987f-52704cf1357d> 0
111 0 <urn:uuid:90d18b1a-8f88-4a6e-aed0-f184ea936d26> 1
134 0 clueweb12-0603wb-97-33242 1
132 0 <urn:uuid:1864f93b-3f8d-4d24-8c0f-f58d81a0c5b4> 0
126 0 clueweb12-0002wb-58-13537 0
135 0 clueweb12-0110wb-78-08184 0
105 0 clueweb12-0816wb-23-22946 0
119 0 clueweb12-0409wb-39-19803 2
134 0 clueweb12-0208wb-87-25290 0
125 0 clueweb12-0610wb-00-27703 1
105 0 clueweb12-0603wb-63-35069 1
147 0 <urn:uuid:3b12a182-5566-4a7d-8330-745fc5536085> 2
108 0 <urn:uuid:71989a01-098c-4e1b-9af1-0b161570233e> 2
114 0 clueweb12-0909wb-13-02918 0
140 0 <urn:uuid:ad770ac5-ffca-418f-ae53-8465139dc14e> 0
105 0 clueweb12-0816wb-23-22940 0
103 0 clueweb12-0108wb-03-05673 0
103 0 <urn:uuid:31d92182-b5f1-4ea4-ad26-97f0a88c30ac> 0
145 0 clueweb12-0212wb-26-24912 0
103 0 clueweb12-0108wb-13-01642 0
103 0 clueweb12-0108wb-13-01640 0
120 0 clueweb12-0004wb-65-05616 0
148 0 <urn:uuid:153f1907-2626-418d-933f-fcdb822fe8ce> 0
109 0 <urn:uuid:b49dd79a-16bc-4b70-a7a9-c1ef08dccb85> 0
103 0 <urn:uuid:752787e1-61fc-475e-a5f8-c75d0168faba> 0
137 0 clueweb12-0001wb-37-06169 1
131 0 clueweb12-0206wb-08-20353 0
126 0 clueweb12-0209wb-89-04043 0
133 0 clueweb12-0210wb-34-31408 1
135 0 <urn:uuid:ae8d6626-5591-43fa-aadd-12950d75798e> 0
150 0 <urn:uuid:9c86196c-fb4c-4f70-b7a0-849ceb0752fc> 0
108 0 <urn:uuid:3b636854-cc04-46ab-9c12-ba0edf240b9b> 0
150 0 <urn:uuid:f49b28c5-6742-4fd4-9836-9bbc84d20897> 0
144 0 <urn:uuid:6e604bd8-3f0d-4450-81b9-ddd14ce7bca3> 1
104 0 <urn:uuid:606a72f9-8e2f-4e47-a54c-f89eba1270e6> 0
141 0 clueweb12-0111wb-80-33908 0
147 0 clueweb12-0400wb-55-19176 2
141 0 clueweb12-0110wb-03-21334 0
141 0 clueweb12-0111wb-80-33910 0
141 0 clueweb12-0111wb-74-31531 0
141 0 clueweb12-0111wb-80-33909 0
103 0 clueweb12-0106wb-81-13506 0
146 0 clueweb12-0107wb-40-26749 0
142 0 clueweb12-0010wb-01-27380 0
103 0 clueweb12-0200wb-33-18602 2
133 0 clueweb12-0403wb-33-22711 0
136 0 <urn:uuid:c4e14460-8842-46de-a99f-5c6d0b1642ac> 0
133 0 clueweb12-0009wb-45-32884 1
138 0 <urn:uuid:b98cd03f-d6a3-45f0-b980-4c5e8cfe2e80> 0
104 0 clueweb12-0002wb-63-01099 0
104 0 clueweb12-0000wb-30-37221 0
146 0 clueweb12-0501wb-89-14971 0
115 0 <urn:uuid:8d1577aa-e04e-4856-8040-4619101b3c15> 0
149 0 clueweb12-1103wb-36-01459 0
137 0 <urn:uuid:17cf6be6-d821-4d3b-a2f2-ca7db8007994> 3
108 0 <urn:uuid:07b7a2a3-2c51-4b95-bc1a-777f33275218> 0
130 0 <urn:uuid:0f9f3e77-ffdd-4cce-a078-8ade334460ad> 0
135 0 <urn:uuid:b755c3a4-90a9-4c60-a56a-3b0efc0691df> 0
125 0 <urn:uuid:50d9a1bf-e54b-4f28-83e3-c86963946af3> 0
123 0 clueweb12-1415wb-42-03293 2
146 0 clueweb12-0307wb-75-28518 0
103 0 clueweb12-0106wb-07-30857 0
144 0 clueweb12-0706wb-02-05839 0
144 0 clueweb12-0304wb-16-09017 0
144 0 clueweb12-0710wb-03-24588 0
144 0 clueweb12-0305wb-30-32545 0
144 0 clueweb12-0708wb-74-14115 0
144 0 clueweb12-1404wb-15-12934 0
144 0 clueweb12-0711wb-75-11763 0
144 0 clueweb12-0006wb-00-08474 0
125 0 clueweb12-1609wb-90-26625 0
143 0 <urn:uuid:2dfe6e0c-b241-4bb8-be18-1a1b1489b1d2> 0
133 0 clueweb12-0002wb-05-02878 0
149 0 <urn:uuid:aa75fd77-6640-4f14-941a-27742316ef59> 0
134 0 <urn:uuid:7a236f3a-53f8-498f-8b47-7eca671ad40d> 0
118 0 clueweb12-1308wb-86-13931 0
134 0 <urn:uuid:edbe5c47-d433-4a86-b2c2-16f7686f7c65> 0
104 0 <urn:uuid:7bad94b4-dd7c-40ea-9287-173d5dc38912> 0
118 0 clueweb12-0111wb-11-30375 0
142 0 <urn:uuid:94e54b36-2220-4d7a-b2c1-0d2dec101b8d> 0
111 0 <urn:uuid:495eb77d-28bc-428b-80d1-734eabb8f6b0> 3
150 0 clueweb12-0211wb-67-05528 0
103 0 <urn:uuid:90cf6dc1-6a0b-4472-9c79-f6852e792a78> 2
116 0 clueweb12-1314wb-22-00216 0
144 0 clueweb12-1404wb-77-07298 0
125 0 clueweb12-0206wb-19-28868 1
111 0 <urn:uuid:c4f2721d-3ebe-4819-852c-4d44f154e74d> 0
127 0 clueweb12-0815wb-43-21292 0
144 0 clueweb12-1404wb-65-14638 1
107 0 <urn:uuid:a98805be-4367-41df-b680-7ed133079655> 0
148 0 <urn:uuid:a39080fe-b649-40d4-9f4c-f251628b8285> 1
108 0 clueweb12-0103wb-01-15340 0
103 0 clueweb12-1007wb-38-32057 1
121 0 clueweb12-0404wb-84-22954 1
108 0 <urn:uuid:fc67f166-5f34-49cc-ace5-9c7baad1119a> 0
111 0 clueweb12-0001wb-79-35935 1
118 0 clueweb12-1909wb-26-20969 0
124 0 <urn:uuid:13110d9b-2026-48eb-8919-ec1250d89c1e> 0
132 0 clueweb12-0109wb-31-12042 0
123 0 clueweb12-0305wb-20-26309 2
120 0 clueweb12-0410wb-10-12733 0
117 0 clueweb12-1903wb-84-17742 0
134 0 clueweb12-1203wb-96-02738 0
131 0 clueweb12-0407wb-74-31822 0
118 0 <urn:uuid:9c257564-9d96-4fce-8c6b-e66c36c9afb0> 0
103 0 clueweb12-0200wb-54-02298 -2
134 0 clueweb12-0208wb-68-07263 0
130 0 <urn:uuid:d98112c0-2265-45fe-8300-e7995f512d3c> 3
149 0 clueweb12-0208wb-80-33073 0
101 0 clueweb12-0311wb-99-22050 0
130 0 clueweb12-0801wb-93-26438 1
103 0 clueweb12-1110wb-65-17858 2
145 0 clueweb12-0009wb-72-01228 1
132 0 clueweb12-1712wb-56-19370 0
132 0 clueweb12-1712wb-87-25758 0
148 0 clueweb12-0007wb-20-21970 0
108 0 <urn:uuid:d5d49649-dd85-4b07-970d-bcee431731af> 2
118 0 clueweb12-1008wb-22-02402 0
119 0 clueweb12-0104wb-17-17484 1
102 0 <urn:uuid:cc68a773-b1d7-482d-b032-25a476910c00> 0
145 0 clueweb12-1615wb-58-32468 0
139 0 clueweb12-0205wb-94-28750 0
121 0 <urn:uuid:1430b6da-f053-420f-a5b2-f2804310bc0f> 0
102 0 clueweb12-0203wb-45-12421 0
147 0 clueweb12-0309wb-25-32399 1
114 0 <urn:uuid:911a067d-3a58-4dad-8a53-0a2fbff64bcc> 1
133 0 clueweb12-0308wb-62-16156 1
120 0 clueweb12-0918wb-46-11278 0
134 0 <urn:uuid:d2fa3436-8ec3-4397-9d84-b77e89a55fda> 0
111 0 <urn:uuid:b6a395b8-023e-452e-a2c5-c5ad120de8e2> 3
126 0 clueweb12-1602wb-81-15223 0
107 0 <urn:uuid:5e233856-79a4-4355-ab77-4c40cb9cfc63> 0
147 0 <urn:uuid:19a7151d-7765-4bf5-bada-62c35efe3f67> 0
149 0 clueweb12-0202wb-31-28744 0
132 0 clueweb12-1712wb-69-10822 0
132 0 clueweb12-1712wb-75-26093 0
134 0 <urn:uuid:f829de24-2bf0-41e4-8c39-5d8eb53f62e7> 0
149 0 clueweb12-0211wb-09-10104 0
143 0 <urn:uuid:905267fb-e743-43a6-94a2-9920cff11ba3> 0
105 0 clueweb12-0200wb-32-26325 0
134 0 clueweb12-1813wb-02-14867 0
117 0 <urn:uuid:a8abb1fb-7e3a-4424-99fd-e8c431a2f4ba> 3
132 0 clueweb12-1712wb-79-02489 0
132 0 clueweb12-1712wb-98-22552 2
130 0 clueweb12-1602wb-10-15181 0
132 0 clueweb12-1712wb-69-10819 0
132 0 clueweb12-1712wb-63-03776 0
132 0 clueweb12-1712wb-98-22550 2
132 0 clueweb12-1712wb-98-22551 2
132 0 clueweb12-1712wb-63-03777 2
132 0 clueweb12-1712wb-56-19377 0
132 0 clueweb12-1700tw-19-15392 0
132 0 clueweb12-1712wb-87-25762 0
117 0 clueweb12-0210wb-48-14228 0
126 0 clueweb12-1009wb-83-27153 0
136 0 clueweb12-1208wb-98-12033 0
123 0 clueweb12-0600wb-49-16397 2
132 0 clueweb12-1712wb-53-01849 0
107 0 clueweb12-1713wb-96-26868 0
133 0 clueweb12-0101wb-95-12661 0
132 0 clueweb12-1712wb-79-02484 0
132 0 clueweb12-1712wb-53-01848 0
145 0 clueweb12-1615wb-31-14447 0
133 0 clueweb12-1413wb-93-14690 1
128 0 clueweb12-0011wb-53-31680 0
123 0 clueweb12-0001wb-36-17513 2
140 0 <urn:uuid:391e7165-4351-4825-8698-a439eaed1811> 0
107 0 <urn:uuid:842e3ce1-7371-4b74-8ea4-e0f1de9bd082> 0
107 0 <urn:uuid:db238422-7848-4cf7-8e57-ce3b4020dd26> 0
121 0 clueweb12-0306wb-58-14207 2
120 0 <urn:uuid:8b027922-ac55-422b-b21a-80d59e1e12db> 0
133 0 clueweb12-0212wb-11-24317 1
106 0 clueweb12-0301wb-00-20538 0
147 0 clueweb12-1900wb-79-08798 1
118 0 <urn:uuid:4a519bb7-48ad-403d-85a3-f988c5386901> 0
116 0 clueweb12-0003wb-71-16574 1
143 0 clueweb12-0400wb-19-09359 0
114 0 clueweb12-1808wb-49-08501 0
122 0 <urn:uuid:29ee1e9f-b92e-4fd5-9d03-c3ce8ae99668> 0
114 0 clueweb12-0104wb-01-03980 0
126 0 clueweb12-1211wb-43-21456 0
137 0 clueweb12-0009wb-36-05283 1
117 0 clueweb12-0302wb-14-33953 1
137 0 <urn:uuid:08149766-49f5-4d80-97c5-199c9d4867a7> 3
132 0 clueweb12-0608wb-93-24507 2
144 0 clueweb12-0608wb-09-15429 0
145 0 <urn:uuid:d5a214a8-41be-4cd2-a683-6124e4ed9258> 1
120 0 clueweb12-0905wb-15-15816 0
106 0 clueweb12-0105wb-22-11707 0
104 0 clueweb12-0211wb-09-19399 0
127 0 clueweb12-0204wb-13-27317 0
128 0 clueweb12-0404wb-86-28311 0
146 0 clueweb12-0210wb-09-32879 0
148 0 <urn:uuid:08e83203-1a9e-46d4-9684-0e0bf369037e> 1
133 0 clueweb12-1411wb-58-04770 0
124 0 <urn:uuid:629d4230-c06c-406d-984a-e0be1e18545f> -2
102 0 <urn:uuid:a436e035-6b16-4885-958e-8d235fa3e7e1> 0
144 0 <urn:uuid:96846716-a186-4e46-9907-7d9849c95023> 0
117 0 clueweb12-0109wb-13-32935 0
135 0 clueweb12-0710wb-43-15214 0
109 0 clueweb12-0012wb-67-09784 0
108 0 <urn:uuid:1b5d1bc7-fb09-4c49-97cc-592629e3ec6a> 0
145 0 clueweb12-1615wb-31-14446 0
136 0 clueweb12-0110wb-25-29747 0
139 0 clueweb12-0210wb-82-10176 0
140 0 clueweb12-0105wb-15-07752 0
147 0 <urn:uuid:b19b32fe-fbb8-481f-b2ee-0cca9c829dfb> 0
122 0 clueweb12-0706wb-04-09147 0
143 0 <urn:uuid:2a93d03a-0e9c-4b7a-b3b6-e789000d2f6b> 0
136 0 clueweb12-0107wb-53-14077 0
144 0 clueweb12-0105wb-78-15422 0
130 0 clueweb12-0807wb-86-07171 1
121 0 clueweb12-0404wb-84-22951 1
149 0 clueweb12-0300tw-28-07553 0
140 0 <urn:uuid:59a9fd21-b03b-4903-8135-2759e8c45a38> 0
102 0 clueweb12-0000wb-15-19789 0
104 0 clueweb12-0002wb-92-28376 0
105 0 clueweb12-0006wb-79-30340 0
121 0 clueweb12-0112wb-53-22968 0
138 0 clueweb12-0307wb-40-26372 1
102 0 clueweb12-0000wb-34-01391 0
127 0 <urn:uuid:f9a66b0f-9978-4cd0-8ab5-977c4cab8880> 0
118 0 clueweb12-0209wb-50-01665 0
125 0 clueweb12-0411wb-42-16672 0
104 0 <urn:uuid:b16f14bc-ff3f-49db-9360-af6ed629ebac> 2
146 0 <urn:uuid:b3f56982-0cd9-44da-8b33-a501e392c1ef> 0
106 0 clueweb12-0203wb-24-23791 0
146 0 <urn:uuid:a486a0e6-d71a-4023-9fa1-444b7d4fdd82> 0
146 0 <urn:uuid:23671d42-9038-4b27-bfae-3f307397abe5> 0
149 0 clueweb12-0110wb-31-30682 0
129 0 <urn:uuid:40700cf9-85ac-4eb5-8c37-42c2d258cdd9> 0
111 0 clueweb12-0202wb-36-13318 0
116 0 clueweb12-1508wb-56-24999 1
106 0 <urn:uuid:20ce387f-9df4-4af1-9fc1-20f54ece1f97> 0
133 0 <urn:uuid:f4858e48-097f-4d1f-aca3-cf92cc976804> 0
104 0 clueweb12-0405wb-53-29960 0
143 0 <urn:uuid:ab9eeb9e-a72b-4df3-b8f3-52731fd85370> 0
121 0 clueweb12-0407wb-18-00307 1
131 0 <urn:uuid:9901a3d4-179f-4a76-8e15-adeee85a8f05> 0
133 0 <urn:uuid:03c58727-9e7e-451c-ab96-feb92c3671f6> 0
114 0 clueweb12-0602wb-64-22974 0
124 0 clueweb12-0903wb-92-06099 0
132 0 clueweb12-0004wb-24-16671 0
149 0 <urn:uuid:8c199964-9b8b-42fb-a13d-334a01919df9> 1
135 0 clueweb12-0002wb-30-35032 0
138 0 clueweb12-0103wb-44-15526 0
106 0 <urn:uuid:ff19ecf2-d041-4013-af89-52137f1df985> 0
132 0 clueweb12-1712wb-98-22536 0
103 0 clueweb12-0105wb-87-13697 0
127 0 <urn:uuid:0fb25aed-448f-4541-aef8-f04eb0e28be9> 0
134 0 <urn:uuid:48c26911-6212-46b5-9830-aec2170e2f87> 0
129 0 clueweb12-0000wb-14-29792 0
149 0 clueweb12-0310wb-71-07157 0
128 0 clueweb12-1713wb-26-24308 0
143 0 <urn:uuid:bb45b87a-532d-4624-9552-b8b887c92ded> 0
122 0 clueweb12-1614wb-96-11010 0
114 0 clueweb12-0810wb-42-10951 0
118 0 <urn:uuid:21a48fb4-f67f-4d04-9569-256cdb3acc04> 0
119 0 clueweb12-0210wb-52-10873 0
114 0 clueweb12-0206wb-02-29696 0
116 0 clueweb12-0200wb-22-29568 3
147 0 clueweb12-0000wb-00-25873 0
126 0 <urn:uuid:923c2568-51c2-40c5-ba98-980a9d66286a> 0
106 0 <urn:uuid:6dc85612-b0ec-440e-8f2a-c02a1e8d0ded> 0
138 0 <urn:uuid:e3136f73-ea0f-487c-8473-288063bf5e2d> 0
105 0 clueweb12-0409wb-18-27322 1
130 0 <urn:uuid:b664d60a-1d42-4198-937b-6c40aec2b497> 1
144 0 clueweb12-0608wb-87-08781 1
130 0 <urn:uuid:055a0b11-a418-4a4a-9617-f048ea2f97dc> 1
111 0 <urn:uuid:c6e21155-85d9-4d62-9251-fe72824f4dcf> 3
111 0 <urn:uuid:bb0adbcc-c18c-469d-be1b-6feba7eb9c4c> 3
111 0 <urn:uuid:c6d2fab6-6981-44ad-9d60-2a18a5177fda> 3
111 0 <urn:uuid:96077d9e-dcd3-4031-82de-4dd7e6d03eb5> 3
126 0 clueweb12-0411wb-00-00671 0
144 0 clueweb12-0607wb-15-09606 0
148 0 <urn:uuid:f48bc405-73b9-4c5e-b661-3a3833f61289> 1
131 0 clueweb12-0206wb-21-06162 0
148 0 <urn:uuid:621f10b9-b84f-4c27-9357-2d5cf66f6ab3> 0
135 0 clueweb12-0209wb-16-12719 0
130 0 clueweb12-0411wb-40-11481 0
132 0 clueweb12-0110wb-33-17475 0
115 0 <urn:uuid:c81dcba8-7d92-4a6b-9fad-ae771045c4c0> 0
140 0 clueweb12-0003wb-12-30703 0
133 0 clueweb12-0701wb-53-20858 0
129 0 clueweb12-0207wb-55-12896 0
104 0 clueweb12-0005wb-36-01758 -2
131 0 clueweb12-0713wb-97-00950 0
126 0 clueweb12-0604wb-30-04887 0
117 0 clueweb12-0109wb-63-21325 0
124 0 clueweb12-1114wb-08-21184 0
123 0 <urn:uuid:307fb873-48c9-48e2-8f38-28057e8e05df> 2
116 0 clueweb12-0301wb-89-08000 1
128 0 <urn:uuid:08d5d6a5-1e82-4eca-8f63-5a0467991826> 2
128 0 <urn:uuid:2cbdd1e8-f4e6-4b7b-9619-f01138ce93da> 2
107 0 clueweb12-0404wb-15-08840 0
128 0 <urn:uuid:798b771d-4930-4aec-b88c-713a0b8672bf> 0
128 0 clueweb12-0201wb-14-32875 2
114 0 clueweb12-0205wb-04-06694 0
107 0 clueweb12-0105wb-71-27365 0
138 0 clueweb12-1503wb-79-15610 0
128 0 clueweb12-0208wb-18-34251 0
126 0 clueweb12-0701wb-58-09828 0
121 0 clueweb12-1009wb-82-26438 0
110 0 clueweb12-0100wb-63-34301 0
136 0 clueweb12-0206wb-42-23326 0
128 0 <urn:uuid:89685f8f-3c19-4a96-8650-3af3c0f50880> 0
118 0 <urn:uuid:28382810-f362-477d-9105-cfcaa21785ea> 0
126 0 clueweb12-0604wb-30-04891 1
126 0 clueweb12-0603wb-91-10053 0
131 0 clueweb12-0105wb-70-26252 0
131 0 clueweb12-0104wb-93-00156 0
145 0 clueweb12-0509wb-09-31695 1
111 0 clueweb12-0302wb-80-24698 1
105 0 <urn:uuid:f5b12c1c-b141-4fcb-b740-fe13b91da918> 0
130 0 <urn:uuid:a388f281-7008-425a-b735-4502b6be2bf5> 0
118 0 <urn:uuid:3a3bc35d-e3c6-4339-8187-406dfe704a68> 1
123 0 clueweb12-0408wb-57-25135 2
105 0 clueweb12-0000wb-73-22841 0
102 0 <urn:uuid:24cb32d2-aaa3-4d40-8d8b-c054a5c6efbe> 0
147 0 clueweb12-1107wb-70-01162 2
148 0 <urn:uuid:5a7f370e-3419-4c46-b4ef-fb362dd1b2da> 1
104 0 <urn:uuid:2abec299-1bac-49b5-b1ee-0591d78db565> 0
147 0 clueweb12-0205wb-38-19271 0
110 0 clueweb12-0101wb-13-09538 1
124 0 <urn:uuid:83300f4f-2127-4764-8510-94e56a2b3f67> 1
111 0 <urn:uuid:1e54428a-e907-4351-9349-fdd419c81c7b> 0
135 0 <urn:uuid:1324bb51-4e43-42c3-9aa5-05fc3c12ce1c> 0
147 0 clueweb12-0212wb-20-32958 2
106 0 clueweb12-1209wb-11-04124 0
133 0 clueweb12-0007wb-24-19359 0
101 0 clueweb12-0501wb-89-30260 0
110 0 clueweb12-0013wb-79-05248 0
107 0 clueweb12-0402wb-70-06030 1
140 0 <urn:uuid:19fb0dd3-42f7-41cf-91a0-5efb978d52ce> 0
146 0 clueweb12-0107wb-32-21827 0
134 0 <urn:uuid:d24dd7c2-bb45-4e34-b9a0-cd16eda6e78b> 0
132 0 clueweb12-0902wb-91-00320 0
146 0 clueweb12-0208wb-81-22737 0
136 0 <urn:uuid:b1e96c2a-8928-4251-b1c1-d2974606d5b5> 0
142 0 clueweb12-0300wb-36-27914 1
134 0 <urn:uuid:c790daf2-f962-4d79-bc09-30f093345c9a> 0
131 0 clueweb12-0208wb-15-12133 0
130 0 clueweb12-0011wb-86-31217 0
124 0 clueweb12-1114wb-08-21181 0
118 0 <urn:uuid:d175b137-d6b8-49d4-950f-60523d90f1eb> 0
135 0 clueweb12-1208wb-11-26963 0
135 0 clueweb12-0111wb-43-21005 2
133 0 clueweb12-0010wb-11-20216 0
137 0 clueweb12-0908wb-10-17145 2
145 0 clueweb12-0302wb-87-11448 1
139 0 clueweb12-0108wb-65-23482 0
130 0 clueweb12-0100wb-51-23914 1
108 0 clueweb12-0908wb-19-24728 0
129 0 clueweb12-0000wb-88-27292 0
147 0 clueweb12-0600wb-83-02624 1
144 0 clueweb12-0007wb-34-03091 0
133 0 <urn:uuid:ce8c8273-0a45-4e9e-885b-581eff7cca62> 1
105 0 <urn:uuid:9208a61a-e6a8-4086-9b1d-827520c7b252> 1
129 0 clueweb12-0001wb-91-23196 0
135 0 clueweb12-0710wb-43-15208 0
122 0 clueweb12-0010wb-15-28789 0
122 0 clueweb12-1714wb-05-24119 0
148 0 clueweb12-1616wb-63-05686 1
109 0 <urn:uuid:717a7504-f877-47fb-8066-8aa351cb124b> 0
137 0 <urn:uuid:37f9d3b3-1e76-4b55-ba27-64ae403b846f> 2
110 0 clueweb12-0918wb-01-15871 0
122 0 clueweb12-0007wb-82-03159 0
125 0 clueweb12-1104wb-60-01751 0
146 0 <urn:uuid:29e76a9e-3e4b-43a0-8e70-ff32a064172f> 0
133 0 clueweb12-0606wb-64-29936 0
125 0 clueweb12-0210wb-44-15928 0
138 0 <urn:uuid:e6ed0aff-7088-493f-a710-87c3a7f01625> 0
101 0 clueweb12-0701wb-34-26155 0
129 0 clueweb12-1309wb-34-29293 0
136 0 <urn:uuid:bf7d7e7c-30b0-4f64-81b7-8b785ee2855b> 0
130 0 clueweb12-0002wb-10-27672 3
138 0 clueweb12-1607wb-86-10803 0
132 0 clueweb12-0110wb-32-25368 0
114 0 clueweb12-1215wb-46-07356 0
142 0 clueweb12-1513wb-58-03306 0
101 0 clueweb12-0300wb-81-20111 0
143 0 <urn:uuid:aa43856b-bb73-475a-9176-74dd60b101ca> 1
143 0 <urn:uuid:7dfb4714-909b-4655-9d63-b52af660ba5d> 1
143 0 <urn:uuid:f98c2635-e9f7-4b28-bb6d-d061506fcff8> 1
106 0 <urn:uuid:3299d89b-6490-457d-b643-8b66579dac02> 0
110 0 clueweb12-0107wb-58-16101 1
127 0 clueweb12-0110wb-09-15813 0
127 0 clueweb12-0109wb-92-14401 0
110 0 <urn:uuid:a51c966d-854c-4c1d-bb43-9565d1169560> 0
127 0 clueweb12-0205wb-12-17192 0
118 0 <urn:uuid:3472c674-af59-477d-a06d-fed96adf4af0> -2
148 0 <urn:uuid:00055187-4e4d-4430-8f8a-6e0a4f2e50f2> 0
148 0 clueweb12-1101wb-28-08675 0
142 0 clueweb12-0207wb-56-01330 0
148 0 clueweb12-0207wb-68-03862 0
121 0 clueweb12-0311wb-08-00007 2
148 0 clueweb12-0207wb-82-17357 0
119 0 clueweb12-0202wb-12-03923 2
120 0 clueweb12-0715wb-47-11021 0
116 0 clueweb12-0506wb-49-26415 0
130 0 clueweb12-0103wb-90-02171 0
114 0 clueweb12-0209wb-89-02308 1
136 0 clueweb12-0103wb-27-01954 0
131 0 clueweb12-0310wb-16-05864 0
135 0 <urn:uuid:f23c54df-20ce-4f17-a5b8-b4605135ea08> 0
118 0 clueweb12-0012wb-66-02189 0
118 0 clueweb12-0012wb-66-02191 0
134 0 clueweb12-0105wb-63-32063 0
121 0 clueweb12-0306wb-16-17051 0
111 0 clueweb12-0205wb-11-29642 0
105 0 <urn:uuid:d464e9c0-7844-422f-9a1d-1f69c6034791> 0
128 0 clueweb12-0905wb-18-04526 0
116 0 clueweb12-0610wb-71-27799 2
134 0 clueweb12-0902wb-66-02674 0
144 0 <urn:uuid:a3d87ec7-a2a9-4205-b35f-6b30954646f3> 0
114 0 clueweb12-1210wb-71-09585 0
132 0 clueweb12-0605wb-26-25155 0
150 0 clueweb12-0710wb-73-05749 0
141 0 clueweb12-0004wb-25-30941 0
149 0 clueweb12-0004wb-16-02539 0
139 0 clueweb12-0107wb-78-06591 0
149 0 <urn:uuid:d72de94f-cb10-44a6-8420-08b6def99ba1> 0
124 0 clueweb12-0012wb-15-08110 0
123 0 clueweb12-0607wb-27-10636 2
120 0 clueweb12-0207wb-59-17457 0
136 0 clueweb12-0002wb-42-05497 0
136 0 <urn:uuid:0446833e-13e5-4d00-bb76-b9115dd2f221> 0
120 0 clueweb12-1508wb-36-05518 0
104 0 clueweb12-0010wb-60-12524 0
126 0 clueweb12-0009wb-42-07096 0
129 0 clueweb12-0101wb-68-27581 0
138 0 <urn:uuid:8531c8d9-9f20-4085-8a81-e44154398acf> 0
138 0 clueweb12-0303wb-20-09780 0
114 0 <urn:uuid:ab7681a7-a1dc-4093-be26-c94f3452983c> 0
135 0 clueweb12-1504wb-57-22256 0
106 0 <urn:uuid:9ccb4041-8f41-45e3-ad85-4e68b0f7e62d> 0
138 0 <urn:uuid:538c180d-d7eb-4af8-bf50-ba140675e31e> 0
114 0 <urn:uuid:ec6e8e94-5579-4791-9071-24be50d092fc> 0
131 0 clueweb12-1503wb-85-29099 0
131 0 clueweb12-1504wb-35-30448 0
132 0 <urn:uuid:7af5a566-acee-4c17-a566-1d0407c03c99> 0
121 0 clueweb12-0200wb-30-06037 1
131 0 clueweb12-0310wb-31-22043 0
114 0 clueweb12-1602wb-61-15770 1
118 0 clueweb12-0200wb-15-11404 0
139 0 clueweb12-1407wb-69-13189 0
102 0 clueweb12-0112wb-13-00604 0
126 0 clueweb12-0300wb-82-16294 0
144 0 <urn:uuid:81b5d46f-ef3c-49d5-83cc-21d0097d1bd1> 0
118 0 clueweb12-0102wb-24-15110 0
145 0 <urn:uuid:78188377-78dc-40e4-97e2-ae44dd089e96> 1
102 0 clueweb12-0111wb-29-13534 0
137 0 <urn:uuid:65767414-2198-413a-8460-97d8a28d49a8> 1
103 0 clueweb12-0311wb-66-22057 2
133 0 <urn:uuid:99c2087a-1cf9-4562-943b-7eaf01ef21a1> 0
111 0 <urn:uuid:a869ed5d-891a-415d-b2f7-5cc7a10459ba> 0
132 0 clueweb12-0202wb-77-17142 0
130 0 clueweb12-0702wb-57-05081 2
134 0 <urn:uuid:2352d06b-83ed-460c-bb24-2729f16c52c6> 0
121 0 <urn:uuid:4bb95cf2-0791-40ad-99d3-63a7b5be70f5> 0
146 0 <urn:uuid:6ccd7fbb-219d-43ca-b235-146f2cd283df> 0
142 0 clueweb12-1500wb-02-07391 1
114 0 clueweb12-1402wb-42-14806 0
132 0 clueweb12-0203wb-11-00689 0
130 0 clueweb12-1511wb-72-18886 0
130 0 clueweb12-0301wb-51-07224 3
120 0 clueweb12-0208wb-22-23016 0
120 0 clueweb12-0301wb-58-10885 0
120 0 clueweb12-0301wb-58-10890 0
118 0 clueweb12-0302wb-55-27458 0
139 0 clueweb12-1610wb-87-08755 0
125 0 clueweb12-0204wb-91-10132 1
132 0 clueweb12-0201wb-29-18095 0
136 0 <urn:uuid:a9f66d9c-f148-4f64-827f-95781752d9a1> 0
135 0 <urn:uuid:d3f6a739-f5ad-4b8e-ba67-5ec9e0d64ec8> 0
118 0 clueweb12-0205wb-76-26448 0
133 0 <urn:uuid:183896bc-c836-4611-b966-c93852e77975> 0
122 0 clueweb12-0302wb-71-09150 0
150 0 clueweb12-0012wb-24-28039 0
107 0 <urn:uuid:d27fdd12-cdc5-4cfd-ad13-782a6f794af6> 0
133 0 clueweb12-0608wb-51-00538 0
110 0 <urn:uuid:e64dfa18-90e3-486d-bcc1-4b8f0145d450> 0
127 0 clueweb12-0110wb-09-15817 1
116 0 clueweb12-0200wb-95-31624 2
127 0 clueweb12-0109wb-86-02970 0
117 0 clueweb12-0005wb-85-34768 0
117 0 clueweb12-0110wb-49-19839 0
137 0 clueweb12-0013wb-66-00430 1
131 0 clueweb12-0105wb-91-13431 0
120 0 clueweb12-0107wb-15-30967 0
121 0 clueweb12-1503wb-78-23841 0
141 0 clueweb12-0000wb-03-22620 0
108 0 <urn:uuid:8fda5f9c-e04c-4187-84f8-b3bb3a489223> 0
103 0 clueweb12-0916wb-70-01090 2
141 0 clueweb12-0310wb-47-19866 0
111 0 clueweb12-1405wb-14-32713 1
107 0 <urn:uuid:b5e24b69-9233-40a0-b79e-a0cc9ee2879f> 0
126 0 clueweb12-0603wb-38-03122 0
125 0 <urn:uuid:165a2a90-fc40-41a0-8410-2ea1b004c90c> 1
136 0 <urn:uuid:49d0120c-2a4d-4cac-a889-385688148bfe> 0
116 0 clueweb12-0301wb-81-00838 1
118 0 clueweb12-0208wb-62-09665 0
128 0 clueweb12-0605wb-40-21813 0
145 0 clueweb12-0007wb-11-01150 0
133 0 clueweb12-1109wb-04-25246 0
116 0 clueweb12-0702wb-05-28729 1
144 0 <urn:uuid:d7c00e50-2c76-428b-af0f-ee3e1fd0a8cc> 1
114 0 clueweb12-0300wb-39-17638 0
101 0 clueweb12-0501wb-89-30242 0
131 0 clueweb12-1504wb-71-29123 0
144 0 <urn:uuid:1b2603c3-d80d-4e79-b43d-8092756f4e83> 0
133 0 <urn:uuid:2aefc63c-6641-4bb1-b908-76f16b4ada1e> 0
125 0 clueweb12-1000wb-82-24363 0
111 0 clueweb12-0610wb-09-07983 0
148 0 <urn:uuid:3e5cfb49-ca01-4d06-8c37-a30002c1eb9b> 0
148 0 <urn:uuid:142e3974-ed27-4c84-a80f-fcb55a1570a4> 2
140 0 <urn:uuid:f9e693a1-4331-4cca-83f4-ce57fcf02c2a> 0
101 0 clueweb12-1802wb-75-29247 0
137 0 clueweb12-1313wb-52-14655 2
127 0 clueweb12-0109wb-18-22041 0
128 0 clueweb12-0001wb-68-24026 0
124 0 <urn:uuid:6248af75-1460-4cc2-ba67-349a9a2f3625> 0
143 0 clueweb12-0100wb-53-03170 0
120 0 clueweb12-0702wb-26-22895 0
119 0 clueweb12-0708wb-74-31211 0
145 0 clueweb12-0209wb-19-09777 0
110 0 clueweb12-0000wb-91-26986 2
134 0 <urn:uuid:a02e6bed-767c-4e24-a9e8-0e8b0884bff8> 0
150 0 <urn:uuid:a817bcae-fab5-47e5-ae01-5e9045e1a5cd> 0
136 0 <urn:uuid:00a3dd6f-84eb-480f-b0fd-fb2fc170e1f4> 0
139 0 clueweb12-0203wb-78-25248 0
139 0 clueweb12-0816wb-29-19899 0
118 0 clueweb12-0600wb-39-25746 0
136 0 clueweb12-1515wb-89-17585 0
118 0 clueweb12-0300wb-63-23946 0
133 0 <urn:uuid:edcf5da2-c5f3-458f-95a0-54531c693e00> 1
104 0 clueweb12-0305wb-32-11303 0
136 0 <urn:uuid:b10d8e17-c7c4-4543-a2d9-4b6e94334c4e> 0
102 0 <urn:uuid:1f615242-4b8c-4cb6-bdb4-89ff56df2f60> 0
132 0 <urn:uuid:69c30aad-5a97-46fe-8f20-06a6f8bed94b> 0
114 0 <urn:uuid:2e387782-b9c9-4cbc-8fc5-825ba2c5548a> 0
147 0 clueweb12-0915wb-40-17730 0
127 0 clueweb12-0105wb-33-03926 1
117 0 <urn:uuid:fe04fc3f-a8db-42e1-abc9-5aac35614ec4> 1
131 0 clueweb12-1504wb-32-00960 0
114 0 clueweb12-0110wb-44-06213 0
119 0 <urn:uuid:c33a2390-14ca-4163-a9a1-e2a1630c2417> 0
116 0 clueweb12-0607wb-60-17486 2
116 0 clueweb12-0607wb-60-17487 2
134 0 clueweb12-0110wb-51-33185 0
128 0 <urn:uuid:9aeb4ee6-64f0-49e9-8eb7-c76baf90d4c4> 0
104 0 <urn:uuid:05b8455e-3e90-4091-8643-b25a424ba5f0> 0
119 0 clueweb12-0211wb-05-31002 1
131 0 clueweb12-0108wb-04-27318 0
122 0 clueweb12-0103wb-72-28352 0
136 0 clueweb12-0105wb-98-17303 0
123 0 clueweb12-0007wb-82-31497 0
104 0 clueweb12-0211wb-93-04784 0
136 0 <urn:uuid:0feefce3-80dd-4fc1-8ce1-e74562e36d6d> 0
149 0 <urn:uuid:326df56c-92ad-48a6-957d-1ac8e61b3549> 0
107 0 clueweb12-0505wb-19-26180 0
117 0 <urn:uuid:9f967a96-533f-4639-a262-39ac28cf70c6> 1
129 0 <urn:uuid:8ef93318-10cd-4c95-8166-61ce6ff80447> 0
121 0 <urn:uuid:b8a048e2-8c38-4931-a39b-44ddfbf3d979> 0
142 0 clueweb12-0110wb-26-21819 0
147 0 clueweb12-0407wb-53-07093 1
128 0 clueweb12-0909wb-13-08595 2
136 0 clueweb12-0408wb-08-05766 0
114 0 clueweb12-0002wb-82-03285 0
124 0 clueweb12-0703wb-30-06386 1
147 0 clueweb12-1504wb-73-29833 2
121 0 clueweb12-0916wb-12-18048 0
149 0 clueweb12-0004wb-38-06705 0
121 0 clueweb12-0913wb-80-28819 0
126 0 <urn:uuid:1b98a50a-3590-4322-94be-0b5578209045> 0
121 0 clueweb12-0914wb-03-21305 0
136 0 clueweb12-0103wb-53-26319 -2
149 0 clueweb12-1713wb-95-14340 0
122 0 clueweb12-0103wb-64-03081 0
116 0 <urn:uuid:a4058862-dcad-4dac-ba85-010c09284319> 1
124 0 clueweb12-0703wb-26-32150 0
147 0 clueweb12-0000wb-17-37097 0
132 0 clueweb12-0206wb-58-11281 2
131 0 clueweb12-1504wb-33-10925 0
106 0 clueweb12-0202wb-33-14989 0
106 0 clueweb12-0202wb-33-14988 0
129 0 <urn:uuid:3cf6aec8-3f22-44f8-84de-0ea099989e4f> 0
131 0 clueweb12-0000wb-92-20944 0
135 0 <urn:uuid:19ecee17-71d0-4346-a302-2e14ad1a6713> 0
105 0 <urn:uuid:17130638-34db-4544-8b53-4f5730407c3a> 1
123 0 clueweb12-1811wb-81-10824 1
133 0 clueweb12-0004wb-34-09986 0
112 0 <urn:uuid:64fba217-8530-4f90-906b-571f3fc763d0> 0
145 0 clueweb12-0912wb-43-14159 2
105 0 <urn:uuid:7af59e34-47ec-493f-9404-0653a59a68c0> 0
122 0 clueweb12-0201wb-54-05658 0
110 0 <urn:uuid:45b1ef01-ba03-4a2f-851c-546ce76a0424> 0
107 0 <urn:uuid:ac88db87-b14c-4a91-ad80-aa826d5e121f> 0
142 0 clueweb12-1113wb-56-23297 0
126 0 clueweb12-0410wb-66-04316 0
123 0 clueweb12-1909wb-38-22003 0
140 0 <urn:uuid:4fe87deb-8cdb-4ab1-89d8-aad712717a4f> 0
126 0 clueweb12-0305wb-42-33531 0
140 0 clueweb12-1215wb-40-11863 0
133 0 clueweb12-0303wb-17-30914 0
109 0 clueweb12-0112wb-15-22001 0
133 0 <urn:uuid:0cc0eea5-44e3-4b9a-8c0a-165029ee6b16> 0
120 0 clueweb12-0209wb-60-05972 0
133 0 clueweb12-1615wb-09-12073 0
133 0 clueweb12-0311wb-90-02968 1
114 0 clueweb12-0201wb-61-16479 0
130 0 clueweb12-0009wb-17-13519 1
105 0 <urn:uuid:29d5569a-d613-48c6-a48e-127308161ebf> 0
135 0 <urn:uuid:3cfda98c-d595-4e51-bf81-4205f6bee798> 0
134 0 <urn:uuid:cd3b7533-d420-4d6d-9337-018b2a36423b> 0
122 0 clueweb12-0101wb-61-06781 0
135 0 clueweb12-0005wb-74-10311 0
135 0 clueweb12-0005wb-50-21227 0
130 0 clueweb12-0304wb-30-00961 0
135 0 clueweb12-0007wb-12-31702 0
111 0 <urn:uuid:acdf3382-8f36-433a-b2a3-f127e1c59a5a> 3
104 0 clueweb12-1009wb-59-11165 0
145 0 clueweb12-0407wb-26-30947 0
111 0 <urn:uuid:f3e9ff8e-d323-4b44-b84e-b88da30a71a3> 3
111 0 <urn:uuid:0c770951-51b4-45cf-b56e-d132ca2e1ae3> 3
111 0 <urn:uuid:d83ab7e0-ffe6-49bb-ae7d-38f131c8764a> 3
104 0 clueweb12-1009wb-59-11163 0
109 0 clueweb12-1118wb-67-00486 0
111 0 <urn:uuid:f9aa987c-b181-41cd-b0ce-aac3d596afbb> 3
144 0 clueweb12-0107wb-04-11527 0
114 0 clueweb12-0917wb-86-02342 0
149 0 <urn:uuid:e8adc534-c7de-4a23-8607-abdb18cc4493> 0
114 0 <urn:uuid:f2bbe4c5-4ccf-4b5c-b6d3-424754f69c25> 1
106 0 clueweb12-0306wb-12-26643 -2
135 0 clueweb12-0110wb-10-28568 0
126 0 clueweb12-0112wb-56-02766 0
141 0 <urn:uuid:d244295e-2307-4c22-a2c6-7ebf9f162c2e> 0
111 0 <urn:uuid:b4ca59f2-ece8-419f-b696-13c9673fe34f> 0
148 0 clueweb12-0402wb-23-20625 0
136 0 <urn:uuid:21f3dce9-039c-463a-b1aa-b3e646c4dd2d> 0
141 0 <urn:uuid:64d36f6d-184b-413b-b50f-70d4e8d38f0a> 0
141 0 <urn:uuid:6611d40e-9b6d-4f22-a868-0c3cfc1d806c> 0
132 0 <urn:uuid:36eaf746-6405-44c2-97c0-b2b2749830d7> 0
126 0 clueweb12-0011wb-98-30418 1
144 0 clueweb12-1009wb-57-07009 0
145 0 clueweb12-1211wb-47-12981 0
142 0 <urn:uuid:25c2ac6c-9c22-4b08-ba21-55b6fc624ef6> 0
126 0 clueweb12-0704wb-63-20476 0
121 0 clueweb12-0000wb-86-37087 1
123 0 <urn:uuid:f01f3d43-278c-4f55-a5f5-94e83c13522f> 0
142 0 <urn:uuid:ed687df8-b347-4a90-b707-b6cecc676efb> 0
126 0 clueweb12-0304wb-45-28216 0
115 0 <urn:uuid:45d5967d-b30b-424b-b3b6-c64bcda1d9e6> 0
133 0 clueweb12-0001wb-31-21451 1
138 0 <urn:uuid:a4514176-5e3d-47d9-8098-7ba6fa239312> 0
139 0 clueweb12-0006wb-77-00211 0
106 0 clueweb12-0302wb-93-02203 0
142 0 <urn:uuid:12b7ba7b-03e2-4b36-8e67-51e352af5cba> 0
115 0 <urn:uuid:9ba8bd4e-b159-4df4-b2ad-4d935e11a814> 0
115 0 <urn:uuid:31442df2-1703-417b-be2c-8f196501ee22> 0
115 0 <urn:uuid:7ca561a8-a3e3-4978-b332-04ea49d88db7> 0
115 0 <urn:uuid:6d2bacc7-5671-4072-b998-e76271961080> 0
128 0 clueweb12-0401wb-59-12599 0
121 0 clueweb12-0914wb-03-21307 0
141 0 <urn:uuid:85f2a177-68e8-416e-a025-43f365fb5caa> 0
135 0 clueweb12-0307wb-85-18249 0
105 0 clueweb12-1406wb-56-12982 0
137 0 clueweb12-0110wb-87-11497 0
104 0 <urn:uuid:79fe69b1-21bb-4b2a-8d21-2d383a41e66a> 0
139 0 <urn:uuid:c20a9851-b31b-4980-bbf0-25cc95c72a35> 0
123 0 clueweb12-0604wb-20-23612 2
133 0 clueweb12-0208wb-98-02729 0
102 0 clueweb12-1004wb-68-20311 1
102 0 clueweb12-1004wb-57-08574 1
149 0 clueweb12-1103wb-26-10085 0
111 0 clueweb12-0608wb-29-31210 1
111 0 clueweb12-0201wb-63-08377 1
115 0 clueweb12-0204wb-83-17726 0
105 0 <urn:uuid:7d0b94ec-1079-4687-9246-7466e51082c3> 0
148 0 <urn:uuid:a72189dd-8e55-40cd-9314-b53663480e34> 0
115 0 clueweb12-0100wb-68-28584 0
132 0 clueweb12-0000wb-42-34991 0
144 0 clueweb12-0210wb-49-29580 0
102 0 clueweb12-0704wb-42-02714 0
104 0 clueweb12-0111wb-87-23224 0
116 0 clueweb12-0211wb-37-06922 1
123 0 clueweb12-0008wb-08-27954 1
115 0 clueweb12-0816wb-56-21346 0
107 0 <urn:uuid:add86a56-d867-4bba-a301-3ce65ee24e10> 0
147 0 clueweb12-0410wb-25-28169 1
145 0 <urn:uuid:aa0ffc39-45b0-4fbc-b46c-d3a37bbd8ea2> 0
139 0 clueweb12-0000wb-50-34297 0
131 0 clueweb12-0002wb-99-06038 0
111 0 clueweb12-1008wb-61-11115 2
111 0 clueweb12-0002wb-96-02235 2
111 0 clueweb12-0010wb-63-34074 -2
104 0 clueweb12-0107wb-85-34418 0
106 0 clueweb12-0212wb-30-22942 0
133 0 clueweb12-0400wb-04-02670 1
132 0 clueweb12-0000wb-36-13254 0
110 0 clueweb12-0013wb-00-24025 0
132 0 <urn:uuid:15ab830e-28bc-493e-b71c-56b1a0a57bfb> -2
121 0 <urn:uuid:549e6c2c-a015-4854-83fb-5072a7810ada> 0
130 0 <urn:uuid:a615a683-3f4d-4be7-b3ff-d3f86edf44fa> 0
146 0 clueweb12-0504wb-65-28598 0
112 0 <urn:uuid:856e46e5-ceb2-4887-9399-c18249810bc6> 0
132 0 clueweb12-0302wb-13-02974 0
111 0 clueweb12-0604wb-66-06868 3
123 0 clueweb12-1308wb-47-00539 2
105 0 <urn:uuid:387dc78a-bfa8-42af-847b-b99d949aa89b> 1
144 0 clueweb12-0106wb-89-31667 0
133 0 <urn:uuid:7747c21b-694d-43d9-9829-6b73256285c6> 0
118 0 clueweb12-0011wb-31-24249 0
133 0 <urn:uuid:8081b32b-383d-4571-8cf4-684088b19b44> 0
138 0 <urn:uuid:c2c11c3f-6239-4f70-8d1d-d90316b0bc5a> 0
135 0 clueweb12-0000wb-89-01331 0
102 0 <urn:uuid:3c238c30-68ed-4cd2-89d5-5755b338c284> 0
149 0 clueweb12-0004wb-00-01622 0
111 0 clueweb12-1909wb-35-08632 1
116 0 <urn:uuid:0e6ef553-6726-42b5-b73b-a28f04575987> 1
121 0 clueweb12-0208wb-92-25561 0
119 0 clueweb12-1411wb-73-28136 1
119 0 clueweb12-1411wb-72-08758 2
105 0 clueweb12-0006wb-34-15845 0
140 0 <urn:uuid:92a281ed-651a-4cbb-9748-e0c7826e5c65> 0
137 0 clueweb12-0110wb-93-31962 0
134 0 <urn:uuid:936b1e12-3a92-493c-9743-a7be08a393f2> 0
131 0 clueweb12-1502wb-99-28091 0
127 0 <urn:uuid:54dba025-f69a-4bbc-b805-46763062061e> 0
134 0 <urn:uuid:b2b59054-5403-458a-99e8-e038d607995a> 0
126 0 clueweb12-0100wb-80-12053 0
139 0 <urn:uuid:ca4d05ec-bad2-498b-91ed-a752f234d169> 0
139 0 <urn:uuid:d5468ba4-9315-473f-bc80-444d24b0f10f> 0
135 0 <urn:uuid:eadf9b22-a24c-4f2e-aa52-5c617a7b7fa7> 0
145 0 <urn:uuid:770cc244-9622-4940-8172-8dcfc6404d5b> 0
143 0 clueweb12-0109wb-49-12886 0
135 0 <urn:uuid:ca8258c7-d748-4b7b-a9cb-a5b23bbb766a> 0
104 0 clueweb12-0107wb-09-29307 0
135 0 <urn:uuid:0e0c640b-e597-48d9-8837-b95424c852a5> 0
124 0 clueweb12-0106wb-40-16169 0
143 0 clueweb12-0109wb-49-12887 0
125 0 clueweb12-1405wb-04-11686 0
138 0 <urn:uuid:fc8e0cbb-683a-4067-9dd7-390105e33fd4> 0
141 0 clueweb12-0105wb-16-32891 0
135 0 clueweb12-0101wb-90-29050 0
135 0 clueweb12-1509wb-48-27459 0
128 0 <urn:uuid:c580d416-6212-48fc-b60a-e99d577a7415> 0
131 0 <urn:uuid:b715477a-8e60-4db8-81b2-a67315b0a01f> 0
140 0 <urn:uuid:1af65166-d6a9-4ebe-88fe-2fa138853480> 0
146 0 clueweb12-0110wb-89-03691 0
132 0 clueweb12-0103wb-17-10242 0
139 0 <urn:uuid:017ba666-d29e-493a-8c9b-f877ece80c6f> 0
139 0 <urn:uuid:c6608e2d-55f7-41f7-9328-d1426daf919b> 0
139 0 <urn:uuid:ffc198c2-4071-4c64-99d7-f03e9c7b02f1> 0
133 0 clueweb12-0306wb-98-03518 1
116 0 clueweb12-0611wb-34-25337 2
129 0 clueweb12-1716wb-49-08363 0
141 0 clueweb12-0105wb-08-01290 0
129 0 clueweb12-0611wb-48-03893 0
130 0 <urn:uuid:3ed1288f-241f-46e6-a5d3-1658b56004bd> 0
124 0 <urn:uuid:4d4020c1-4fe0-4b54-b724-51fb84784c24> 0
124 0 <urn:uuid:91a7256d-14a8-4d5a-b7bc-8fb51a7bd52f> 0
126 0 clueweb12-1909wb-83-06062 0
124 0 <urn:uuid:f436646c-a69b-4dfe-bd3e-e09a2ad023a8> 0
124 0 <urn:uuid:a49c5112-c2a1-4f60-a25c-613f8b9acfcb> 0
124 0 <urn:uuid:7fe829a1-cf68-4e73-bf4b-062096c7513b> 0
124 0 <urn:uuid:4cf44a24-10fc-4720-bce2-18fb6e675de7> 0
124 0 <urn:uuid:2a387948-712a-4c7b-a11a-cb463adf5e65> 0
124 0 <urn:uuid:2ddbf1d9-28ef-4e97-8ae6-bf85b35d19db> 0
138 0 <urn:uuid:d400629f-e072-452b-990a-46b9b0a911ad> 0
137 0 clueweb12-0106wb-61-28758 0
124 0 <urn:uuid:e800dad2-07b0-4d93-a74e-353d9a2c90ba> 0
137 0 <urn:uuid:2d42b7b1-100f-4df1-82d8-704827b92e0a> 0
116 0 <urn:uuid:599026fb-6826-4502-8aeb-17c92c812025> 0
130 0 <urn:uuid:791f6792-b01a-498d-87e2-d82174e51d2e> 1
102 0 <urn:uuid:3102f1f2-342e-4944-bfbf-9c8bf12cb5cf> 0
103 0 clueweb12-0304wb-65-10881 0
101 0 clueweb12-0702wb-17-20552 1
130 0 clueweb12-1402wb-13-02234 1
119 0 clueweb12-0201wb-47-31778 0
135 0 <urn:uuid:2765d5ed-8e05-4b11-9c47-9ac8f847d168> 0
147 0 <urn:uuid:074aa270-8703-4ab3-8f52-5f6b1507d0af> 0
146 0 clueweb12-0106wb-73-29527 0
104 0 clueweb12-1307wb-69-13343 2
105 0 clueweb12-0108wb-14-29032 1
137 0 clueweb12-0006wb-80-25571 0
102 0 <urn:uuid:a4270728-ce27-400e-9b6b-52a5062a665d> 0
144 0 clueweb12-0603wb-68-13802 0
120 0 clueweb12-0207wb-10-11985 0
125 0 clueweb12-0411wb-45-12817 0
125 0 clueweb12-0211wb-54-20809 0
105 0 clueweb12-1908wb-07-22774 0
101 0 <urn:uuid:5d2cffbb-7184-4bdb-8e18-10f717efd303> 0
111 0 clueweb12-0200wb-18-22114 3
142 0 clueweb12-1302wb-77-08547 0
131 0 clueweb12-0204wb-64-18323 0
129 0 clueweb12-0203wb-96-31835 0
147 0 clueweb12-0112wb-41-09499 0
129 0 <urn:uuid:31415261-2b59-49d8-a79f-9fc8e65bc1aa> 0
119 0 clueweb12-0000wb-10-31302 0
146 0 clueweb12-0106wb-41-18279 0
146 0 clueweb12-0106wb-93-05145 0
116 0 clueweb12-0602wb-00-26183 3
145 0 clueweb12-0203wb-01-10306 0
138 0 <urn:uuid:e5114468-d2c5-4df3-87f3-dfc6cd6f956e> 0
124 0 clueweb12-0106wb-40-16153 0
104 0 clueweb12-0208wb-92-11883 0
114 0 <urn:uuid:6c8783af-27c9-4afc-8ec7-bd882b204127> 0
134 0 clueweb12-0112wb-45-03379 0
147 0 clueweb12-0008wb-20-17412 0
147 0 clueweb12-0808wb-05-14173 2
128 0 <urn:uuid:5780b0cb-219c-48f3-ad41-fdb2b3d7ad15> 2
129 0 <urn:uuid:99bf0dcd-eb6a-427a-9ed2-4af3751645eb> 0
107 0 <urn:uuid:78009a75-e66d-4143-967f-b551df9e6d68> 0
138 0 clueweb12-0705wb-72-14240 0
104 0 clueweb12-0107wb-22-31370 0