154 0 clueweb09-en0011-28-26675 0
151 0 clueweb09-en0008-24-06211 0
151 0 clueweb09-en0008-24-06210 0
196 0 clueweb09-en0061-39-22201 1
181 0 clueweb09-en0010-02-11419 0
181 0 clueweb09-en0010-02-11405 0
181 0 clueweb09-en0010-02-11406 0
192 0 clueweb09-en0009-04-12899 -2
199 0 clueweb09-en0021-36-09842 0
165 0 clueweb09-en0039-71-36237 3
180 0 clueweb09-en0007-63-02511 0
183 0 clueweb09-en0036-22-20688 0
175 0 clueweb09-en0007-64-22809 0
186 0 clueweb09-en0000-22-11336 0
194 0 clueweb09-en0081-22-13114 1
166 0 clueweb09-en0022-05-13515 0
173 0 clueweb09-en0010-18-29893 1
171 0 clueweb09-en0034-64-36604 0
183 0 clueweb09-en0006-05-01997 0
154 0 clueweb09-en0073-95-01494 0
154 0 clueweb09-en0008-62-20603 0
155 0 clueweb09-en0009-15-32425 0
174 0 clueweb09-en0025-01-02480 0
185 0 clueweb09-en0008-49-31589 -2
174 0 clueweb09-en0024-93-03864 0
180 0 clueweb09-en0003-28-15115 3
182 0 clueweb09-en0039-26-25594 1
179 0 clueweb09-en0004-85-31760 0
168 0 clueweb09-en0072-80-31474 0
155 0 clueweb09-en0049-04-12560 4
169 0 clueweb09-en0004-86-09460 0
191 0 clueweb09-en0049-16-09539 0
192 0 clueweb09-en0007-29-28861 0
181 0 clueweb09-en0001-63-01932 0
179 0 clueweb09-en0024-79-31469 0
184 0 clueweb09-en0000-01-17129 0
180 0 clueweb09-en0003-03-25684 0
183 0 clueweb09-en0076-10-24988 0
159 0 clueweb09-en0066-72-19045 2
185 0 clueweb09-en0006-41-15789 1
168 0 clueweb09-en0050-98-01533 0
181 0 clueweb09-en0001-63-01915 1
185 0 clueweb09-en0006-41-15798 1
197 0 clueweb09-en0090-23-29555 2
189 0 clueweb09-en0081-32-16812 0
151 0 clueweb09-en0011-04-11445 4
174 0 clueweb09-en0000-19-09640 0
160 0 clueweb09-en0007-82-08217 0
181 0 clueweb09-en0052-94-07181 0
200 0 clueweb09-en0004-18-20820 0
181 0 clueweb09-en0052-94-07173 0
154 0 clueweb09-en0009-81-18203 0
200 0 clueweb09-en0004-18-20817 0
189 0 clueweb09-en0081-32-16862 0
155 0 clueweb09-en0007-14-06033 0
155 0 clueweb09-en0007-14-06031 0
189 0 clueweb09-en0108-35-30188 0
180 0 clueweb09-en0038-00-31607 0
169 0 clueweb09-en0027-48-00061 0
194 0 clueweb09-en0003-71-36843 0
167 0 clueweb09-en0008-05-37599 0
197 0 clueweb09-en0110-68-01028 1
174 0 clueweb09-en0012-63-03292 0
192 0 clueweb09-en0009-30-14103 1
161 0 clueweb09-en0081-11-32323 0
194 0 clueweb09-en0011-40-20956 0
182 0 clueweb09-en0026-80-34214 1
168 0 clueweb09-en0000-44-00336 0
166 0 clueweb09-en0005-60-19982 0
165 0 clueweb09-en0003-62-23134 0
169 0 clueweb09-en0051-56-30389 0
189 0 clueweb09-en0008-39-32755 0
178 0 clueweb09-en0008-75-13033 4
166 0 clueweb09-en0039-29-05829 0
154 0 clueweb09-en0005-21-28112 0
185 0 clueweb09-en0006-00-34068 0
160 0 clueweb09-en0011-25-02609 0
194 0 clueweb09-en0005-22-14164 0
177 0 clueweb09-en0008-00-05234 0
185 0 clueweb09-en0063-86-14756 0
195 0 clueweb09-en0008-62-13943 0
151 0 clueweb09-en0065-50-07787 1
174 0 clueweb09-en0008-08-02969 0
184 0 clueweb09-en0002-30-25443 0
196 0 clueweb09-en0011-58-21499 1
153 0 clueweb09-en0024-73-38506 4
182 0 clueweb09-en0081-31-08252 1
182 0 clueweb09-en0081-31-08254 1
183 0 clueweb09-en0039-83-21429 0
153 0 clueweb09-en0024-73-38526 1
163 0 clueweb09-en0007-60-07530 1
168 0 clueweb09-en0008-41-32557 0
151 0 clueweb09-en0019-21-33829 1
163 0 clueweb09-en0077-81-15536 0
151 0 clueweb09-en0019-21-33839 1
153 0 clueweb09-en0024-73-38542 0
196 0 clueweb09-en0071-92-00289 1
153 0 clueweb09-en0024-73-38531 1
153 0 clueweb09-en0024-73-38537 1
153 0 clueweb09-en0024-73-38539 0
153 0 clueweb09-en0024-73-38535 0
151 0 clueweb09-en0019-21-33811 4
151 0 clueweb09-en0019-21-33812 1
168 0 clueweb09-en0011-14-18013 0
189 0 clueweb09-en0004-89-15095 0
160 0 clueweb09-en0008-85-24804 0
196 0 clueweb09-en0100-67-05927 0
188 0 clueweb09-en0011-01-39180 0
194 0 clueweb09-en0121-82-42905 0
174 0 clueweb09-en0025-88-22599 0
192 0 clueweb09-en0008-58-22354 0
182 0 clueweb09-en0026-36-30271 0
151 0 clueweb09-en0005-29-23517 0
199 0 clueweb09-en0020-45-14170 4
175 0 clueweb09-en0007-34-26964 2
199 0 clueweb09-en0065-97-46666 1
199 0 clueweb09-en0007-49-10883 0
156 0 clueweb09-en0030-30-13928 0
184 0 clueweb09-en0113-64-27584 0
181 0 clueweb09-en0004-59-19769 0
172 0 clueweb09-en0010-15-31137 0
176 0 clueweb09-en0022-47-00747 0
165 0 clueweb09-en0008-96-21236 0
197 0 clueweb09-en0002-54-23232 0
185 0 clueweb09-en0051-09-21789 -2
159 0 clueweb09-en0006-45-21243 0
200 0 clueweb09-en0038-16-02813 0
185 0 clueweb09-en0035-25-36659 0
169 0 clueweb09-en0006-21-39121 1
188 0 clueweb09-en0023-95-30393 0
181 0 clueweb09-en0005-68-03936 1
151 0 clueweb09-en0024-22-14600 4
162 0 clueweb09-en0007-34-30119 0
156 0 clueweb09-en0008-66-36173 0
165 0 clueweb09-en0131-12-40599 3
165 0 clueweb09-en0131-12-40598 3
160 0 clueweb09-en0008-85-24896 0
182 0 clueweb09-en0010-57-41275 -2
151 0 clueweb09-en0008-91-02471 0
175 0 clueweb09-en0008-21-14062 4
182 0 clueweb09-en0081-31-08206 -2
197 0 clueweb09-en0023-64-11192 1
181 0 clueweb09-en0011-25-11066 0
174 0 clueweb09-en0129-06-16057 0
179 0 clueweb09-en0004-75-22286 -2
159 0 clueweb09-en0081-50-25391 0
191 0 clueweb09-en0118-51-39543 0
152 0 clueweb09-en0005-32-12986 0
177 0 clueweb09-en0043-59-10970 0
195 0 clueweb09-en0011-20-25398 0
162 0 clueweb09-en0001-98-12549 0
177 0 clueweb09-en0043-59-10969 0
165 0 clueweb09-en0002-29-27488 0
172 0 clueweb09-en0009-05-05001 1
174 0 clueweb09-en0008-38-08496 0
154 0 clueweb09-en0002-98-05194 0
177 0 clueweb09-en0039-72-36170 1
154 0 clueweb09-en0036-91-25835 4
162 0 clueweb09-en0006-70-16430 2
168 0 clueweb09-en0004-93-16183 0
170 0 clueweb09-en0003-48-08339 0
172 0 clueweb09-en0024-32-43386 0
199 0 clueweb09-en0036-52-19530 1
163 0 clueweb09-en0007-33-13608 0
175 0 clueweb09-en0032-44-31772 1
184 0 clueweb09-en0007-80-05198 4
165 0 clueweb09-en0030-40-18492 0
169 0 clueweb09-en0129-13-17252 0
181 0 clueweb09-en0006-65-10486 0
157 0 clueweb09-en0040-00-13070 0
165 0 clueweb09-en0030-40-18479 0
165 0 clueweb09-en0030-40-18476 2
162 0 clueweb09-en0001-23-12565 0
197 0 clueweb09-en0032-74-10918 4
182 0 clueweb09-en0001-84-32145 4
160 0 clueweb09-en0008-85-24774 0
160 0 clueweb09-en0007-44-08077 0
182 0 clueweb09-en0081-31-08315 0
182 0 clueweb09-en0081-31-08314 1
182 0 clueweb09-en0081-31-08319 0
182 0 clueweb09-en0081-31-08318 0
182 0 clueweb09-en0081-31-08317 1
184 0 clueweb09-en0009-09-21479 0
180 0 clueweb09-en0008-24-24566 0
193 0 clueweb09-en0006-50-14428 0
192 0 clueweb09-en0011-31-22190 0
184 0 clueweb09-en0022-46-32972 0
189 0 clueweb09-en0009-75-27228 0
197 0 clueweb09-en0020-95-10649 4
187 0 clueweb09-en0011-29-00442 0
196 0 clueweb09-en0008-52-26526 1
191 0 clueweb09-en0049-95-37020 0
165 0 clueweb09-en0004-09-36530 0
174 0 clueweb09-en0011-96-16745 4
182 0 clueweb09-en0004-80-07745 4
163 0 clueweb09-en0007-19-39727 0
191 0 clueweb09-en0005-01-41607 0
170 0 clueweb09-en0005-27-16229 0
191 0 clueweb09-en0046-50-31104 1
165 0 clueweb09-en0002-45-12564 0
165 0 clueweb09-en0002-45-12561 0
180 0 clueweb09-en0002-49-28356 0
170 0 clueweb09-en0132-37-28801 0
192 0 clueweb09-en0011-14-22838 0
177 0 clueweb09-en0001-43-11632 0
195 0 clueweb09-en0000-61-25919 0
166 0 clueweb09-en0013-58-23861 0
182 0 clueweb09-en0007-29-34948 1
197 0 clueweb09-en0078-17-31442 1
152 0 clueweb09-en0130-02-49460 0
197 0 clueweb09-en0005-75-24979 1
195 0 clueweb09-en0006-67-03213 0
167 0 clueweb09-en0008-98-36624 0
182 0 clueweb09-en0007-29-34963 1
175 0 clueweb09-en0008-94-27707 1
165 0 clueweb09-en0130-08-12540 -2
160 0 clueweb09-en0011-65-02601 0
188 0 clueweb09-en0005-54-22956 0
188 0 clueweb09-en0005-54-22955 0
166 0 clueweb09-en0076-04-13045 0
185 0 clueweb09-en0009-89-07099 4
169 0 clueweb09-en0001-36-12101 0
188 0 clueweb09-en0000-58-01009 -2
162 0 clueweb09-en0006-67-27944 0
151 0 clueweb09-en0071-17-27736 1
180 0 clueweb09-en0066-89-24279 4
176 0 clueweb09-en0011-10-34973 0
154 0 clueweb09-en0005-73-16375 1
153 0 clueweb09-en0012-38-14592 0
169 0 clueweb09-en0011-66-37319 0
196 0 clueweb09-en0007-70-22239 1
169 0 clueweb09-en0011-66-37322 0
169 0 clueweb09-en0011-66-37335 1
188 0 clueweb09-en0125-77-07477 0
175 0 clueweb09-en0009-27-20717 0
164 0 clueweb09-en0005-45-39510 0
177 0 clueweb09-en0065-72-36333 0
197 0 clueweb09-en0023-82-35099 0
151 0 clueweb09-en0133-94-18427 0
155 0 clueweb09-en0006-62-39732 0
181 0 clueweb09-en0005-71-05792 0
196 0 clueweb09-en0079-32-30433 0
199 0 clueweb09-en0065-60-11276 1
176 0 clueweb09-en0008-27-28172 0
191 0 clueweb09-en0063-07-12904 0
189 0 clueweb09-en0009-75-27161 3
170 0 clueweb09-en0005-27-16198 0
198 0 clueweb09-en0009-57-07263 1
194 0 clueweb09-en0000-13-21316 0
199 0 clueweb09-en0010-16-03497 0
189 0 clueweb09-en0009-75-27123 0
182 0 clueweb09-en0066-84-24903 1
165 0 clueweb09-en0003-48-30913 0
179 0 clueweb09-en0065-28-18036 4
165 0 clueweb09-en0006-90-07510 0
180 0 clueweb09-en0002-52-10657 0
160 0 clueweb09-en0007-86-02481 0
165 0 clueweb09-en0009-75-31880 0
189 0 clueweb09-en0009-75-27435 0
176 0 clueweb09-en0006-26-28419 0
165 0 clueweb09-en0082-81-02661 3
170 0 clueweb09-en0003-54-26161 0
187 0 clueweb09-en0011-50-16065 0
172 0 clueweb09-en0022-04-01465 2
168 0 clueweb09-en0036-32-24484 1
189 0 clueweb09-en0009-75-27408 0
163 0 clueweb09-en0002-72-18600 0
155 0 clueweb09-en0000-76-25040 0
180 0 clueweb09-en0011-14-22808 0
189 0 clueweb09-en0009-75-27413 0
180 0 clueweb09-en0009-03-00674 0
180 0 clueweb09-en0009-03-00673 0
193 0 clueweb09-en0004-09-09416 0
180 0 clueweb09-en0011-14-22813 0
172 0 clueweb09-en0011-96-01944 1
169 0 clueweb09-en0093-37-28053 0
185 0 clueweb09-en0004-25-30589 0
167 0 clueweb09-en0000-73-11567 0
199 0 clueweb09-en0079-65-40715 0
186 0 clueweb09-en0000-60-15768 0
177 0 clueweb09-en0008-16-32746 1
200 0 clueweb09-en0006-74-28213 1
161 0 clueweb09-en0002-15-22619 0
157 0 clueweb09-en0008-80-14184 0
173 0 clueweb09-en0011-68-23324 1
155 0 clueweb09-en0039-34-19796 0
172 0 clueweb09-en0011-79-21279 0
194 0 clueweb09-en0035-05-23405 0
185 0 clueweb09-en0025-12-23018 -2
191 0 clueweb09-en0000-59-31334 0
170 0 clueweb09-en0006-93-12703 0
194 0 clueweb09-en0001-28-07683 0
192 0 clueweb09-en0005-41-24321 0
182 0 clueweb09-en0081-80-32734 1
151 0 clueweb09-en0007-01-07907 1
163 0 clueweb09-en0004-61-05309 0
152 0 clueweb09-en0104-87-33369 0
165 0 clueweb09-en0005-82-12872 0
167 0 clueweb09-en0004-62-01480 0
151 0 clueweb09-en0009-84-25702 0
162 0 clueweb09-en0001-38-06044 0
152 0 clueweb09-en0104-87-33371 0
194 0 clueweb09-en0005-51-06399 0
191 0 clueweb09-en0009-81-04868 0
189 0 clueweb09-en0009-75-27326 0
189 0 clueweb09-en0009-75-27329 0
199 0 clueweb09-en0010-55-07973 0
151 0 clueweb09-en0090-27-13475 1
151 0 clueweb09-en0090-27-13474 0
154 0 clueweb09-en0025-94-08837 0
189 0 clueweb09-en0009-75-27351 0
189 0 clueweb09-en0009-75-27353 0
189 0 clueweb09-en0009-75-27347 0
158 0 clueweb09-en0018-01-01640 0
169 0 clueweb09-en0009-57-00169 0
193 0 clueweb09-en0011-32-03153 0
158 0 clueweb09-en0018-01-01665 0
181 0 clueweb09-en0004-95-15180 0
154 0 clueweb09-en0022-75-21092 1
178 0 clueweb09-en0010-24-08173 4
167 0 clueweb09-en0000-56-27530 0
166 0 clueweb09-en0008-62-20750 0
192 0 clueweb09-en0010-65-05246 0
176 0 clueweb09-en0009-57-07364 0
182 0 clueweb09-en0002-89-10666 2
157 0 clueweb09-en0081-25-06429 0
156 0 clueweb09-en0032-78-05926 0
194 0 clueweb09-en0005-51-06364 0
156 0 clueweb09-en0002-11-25631 0
185 0 clueweb09-en0005-78-24179 0
185 0 clueweb09-en0093-45-16119 1
160 0 clueweb09-en0107-14-07640 0
188 0 clueweb09-en0081-87-08559 1
187 0 clueweb09-en0004-94-04159 0
175 0 clueweb09-en0003-25-05357 0
188 0 clueweb09-en0131-20-27961 0
151 0 clueweb09-en0076-03-06994 1
186 0 clueweb09-en0133-41-07620 0
186 0 clueweb09-en0000-54-04049 1
163 0 clueweb09-en0005-35-30863 0
194 0 clueweb09-en0005-51-06417 0
160 0 clueweb09-en0007-59-07095 0
181 0 clueweb09-en0052-01-18230 0
178 0 clueweb09-en0064-35-26048 4
178 0 clueweb09-en0041-22-18579 0
181 0 clueweb09-en0004-43-33266 0
155 0 clueweb09-en0052-42-32731 0
181 0 clueweb09-en0004-43-33263 0
181 0 clueweb09-en0004-43-33252 0
181 0 clueweb09-en0004-43-33251 0
169 0 clueweb09-en0011-26-34063 0
167 0 clueweb09-en0011-10-09906 0
152 0 clueweb09-en0018-65-32817 0
184 0 clueweb09-en0001-57-20032 0
178 0 clueweb09-en0011-25-03934 -2
192 0 clueweb09-en0006-15-22556 0
177 0 clueweb09-en0006-22-31646 0
175 0 clueweb09-en0027-61-10619 0
154 0 clueweb09-en0007-04-13012 0
166 0 clueweb09-en0003-59-25003 0
183 0 clueweb09-en0009-57-16298 0
153 0 clueweb09-en0053-75-03800 0
152 0 clueweb09-en0035-56-16048 0
151 0 clueweb09-en0009-24-15225 1
192 0 clueweb09-en0000-10-19298 0
177 0 clueweb09-en0038-64-00832 0
177 0 clueweb09-en0038-64-00833 0
197 0 clueweb09-en0007-52-36677 0
151 0 clueweb09-en0022-68-34384 0
156 0 clueweb09-en0015-27-18683 0
153 0 clueweb09-en0010-70-06413 0
183 0 clueweb09-en0011-24-20620 0
158 0 clueweb09-en0010-88-32329 4
177 0 clueweb09-en0051-95-44209 0
182 0 clueweb09-en0002-84-23326 0
171 0 clueweb09-en0131-89-04615 1
165 0 clueweb09-en0025-09-09567 2
183 0 clueweb09-en0033-78-40064 0
155 0 clueweb09-en0022-36-18081 -2
172 0 clueweb09-en0000-20-30797 0
171 0 clueweb09-en0012-07-21563 0
160 0 clueweb09-en0007-67-34699 0
167 0 clueweb09-en0010-78-31005 0
163 0 clueweb09-en0006-83-26995 0
173 0 clueweb09-en0008-07-12162 1
199 0 clueweb09-en0000-15-27119 4
178 0 clueweb09-en0004-88-19165 0
177 0 clueweb09-en0022-77-29294 0
194 0 clueweb09-en0006-84-15353 0
161 0 clueweb09-en0005-70-02624 0
156 0 clueweb09-en0009-53-01451 1
175 0 clueweb09-en0009-66-17305 4
181 0 clueweb09-en0024-94-26227 0
181 0 clueweb09-en0024-94-26225 0
181 0 clueweb09-en0024-94-26226 0
166 0 clueweb09-en0010-57-09133 0
157 0 clueweb09-en0133-23-21640 0
182 0 clueweb09-en0003-99-20224 4
172 0 clueweb09-en0081-40-16629 0
192 0 clueweb09-en0006-15-22591 0
177 0 clueweb09-en0006-22-31655 0
177 0 clueweb09-en0006-22-31652 0
164 0 clueweb09-en0010-42-09308 0
165 0 clueweb09-en0010-57-05944 0
191 0 clueweb09-en0005-97-26810 1
156 0 clueweb09-en0001-50-14713 0
165 0 clueweb09-en0006-09-14149 0
192 0 clueweb09-en0005-96-25099 1
181 0 clueweb09-en0008-04-00910 0
162 0 clueweb09-en0001-23-14160 0
168 0 clueweb09-en0002-60-01514 0
154 0 clueweb09-en0009-08-29609 0
192 0 clueweb09-en0005-86-21648 0
169 0 clueweb09-en0008-42-26841 1
199 0 clueweb09-en0006-02-30050 1
200 0 clueweb09-en0025-52-08902 0
170 0 clueweb09-en0011-17-43345 0
170 0 clueweb09-en0011-26-06388 0
169 0 clueweb09-en0096-38-04026 0
199 0 clueweb09-en0006-02-30060 0
151 0 clueweb09-en0012-19-07908 1
153 0 clueweb09-en0011-08-00020 1
200 0 clueweb09-en0011-83-13599 0
183 0 clueweb09-en0011-76-17781 4
173 0 clueweb09-en0010-24-18945 0
154 0 clueweb09-en0130-27-13722 0
160 0 clueweb09-en0009-81-31521 0
184 0 clueweb09-en0004-50-23540 0
151 0 clueweb09-en0022-68-34319 1
192 0 clueweb09-en0012-24-02628 1
182 0 clueweb09-en0011-01-14479 3
162 0 clueweb09-en0021-29-17207 0
169 0 clueweb09-en0008-00-04320 1
180 0 clueweb09-en0007-26-27185 0
192 0 clueweb09-en0029-24-15641 0
197 0 clueweb09-en0000-63-02446 0
173 0 clueweb09-en0001-97-02921 1
155 0 clueweb09-en0008-71-29542 0
182 0 clueweb09-en0008-07-27802 4
177 0 clueweb09-en0033-07-22285 0
185 0 clueweb09-en0008-69-10212 0
178 0 clueweb09-en0006-31-25495 0
162 0 clueweb09-en0001-43-11644 2
171 0 clueweb09-en0020-57-20444 0
175 0 clueweb09-en0011-63-16634 0
154 0 clueweb09-en0018-72-26961 0
188 0 clueweb09-en0007-67-03511 0
184 0 clueweb09-en0004-17-06709 0
158 0 clueweb09-en0054-55-38023 1
165 0 clueweb09-en0034-16-13717 0
165 0 clueweb09-en0024-37-18950 2
184 0 clueweb09-en0004-17-06715 0
184 0 clueweb09-en0004-17-06716 0
184 0 clueweb09-en0004-17-06711 0
196 0 clueweb09-en0007-70-22331 0
175 0 clueweb09-en0008-89-10465 0
164 0 clueweb09-en0025-34-01435 2
154 0 clueweb09-en0003-46-31581 0
154 0 clueweb09-en0003-46-31565 1
196 0 clueweb09-en0020-00-25013 4
197 0 clueweb09-en0010-03-23951 0
194 0 clueweb09-en0010-07-06830 0
194 0 clueweb09-en0009-53-14741 0
199 0 clueweb09-en0037-34-04423 1
199 0 clueweb09-en0037-34-04422 1
157 0 clueweb09-en0118-29-36621 0
153 0 clueweb09-en0003-16-05722 1
153 0 clueweb09-en0003-16-05724 0
153 0 clueweb09-en0003-16-05723 1
153 0 clueweb09-en0003-16-05726 1
153 0 clueweb09-en0003-16-05725 1
176 0 clueweb09-en0004-85-00986 0
189 0 clueweb09-en0009-75-27865 0
163 0 clueweb09-en0009-22-18137 1
170 0 clueweb09-en0010-91-32649 0
179 0 clueweb09-en0005-80-24571 0
179 0 clueweb09-en0005-80-24570 0
170 0 clueweb09-en0006-23-34981 1
181 0 clueweb09-en0010-43-09482 0
181 0 clueweb09-en0010-43-09481 0
182 0 clueweb09-en0011-01-14545 1
182 0 clueweb09-en0011-01-14590 1
180 0 clueweb09-en0025-89-33035 3
153 0 clueweb09-en0088-74-28881 0
182 0 clueweb09-en0011-01-14594 1
195 0 clueweb09-en0000-06-17524 0
182 0 clueweb09-en0011-01-14585 1
174 0 clueweb09-en0000-98-12870 0
183 0 clueweb09-en0008-34-08700 0
155 0 clueweb09-en0004-50-22376 0
199 0 clueweb09-en0078-13-25192 1
197 0 clueweb09-en0007-60-17862 0
168 0 clueweb09-en0026-20-11560 1
153 0 clueweb09-en0005-84-27160 1
169 0 clueweb09-en0040-40-16914 1
187 0 clueweb09-en0012-12-26960 0
174 0 clueweb09-en0000-69-14141 0
169 0 clueweb09-en0017-84-00269 0
174 0 clueweb09-en0000-69-14155 0
185 0 clueweb09-en0009-61-11534 -2
199 0 clueweb09-en0001-24-08360 1
184 0 clueweb09-en0038-80-20939 0
182 0 clueweb09-en0009-04-31660 1
183 0 clueweb09-en0128-30-35790 0
186 0 clueweb09-en0003-44-22429 0
192 0 clueweb09-en0006-15-22640 0
199 0 clueweb09-en0005-65-43840 1
163 0 clueweb09-en0000-30-10221 0
186 0 clueweb09-en0127-21-19016 0
182 0 clueweb09-en0011-01-14609 1
163 0 clueweb09-en0000-30-10224 0
173 0 clueweb09-en0007-90-20249 0
172 0 clueweb09-en0021-57-25157 0
166 0 clueweb09-en0037-71-40010 0
179 0 clueweb09-en0133-91-43792 0
165 0 clueweb09-en0054-38-39709 1
189 0 clueweb09-en0009-75-27779 0
162 0 clueweb09-en0005-52-39577 0
194 0 clueweb09-en0006-45-31303 0
177 0 clueweb09-en0008-32-48646 0
197 0 clueweb09-en0004-48-16445 1
194 0 clueweb09-en0003-90-08853 0
181 0 clueweb09-en0031-10-21900 0
195 0 clueweb09-en0011-89-00478 0
161 0 clueweb09-en0130-51-05176 0
188 0 clueweb09-en0007-67-03475 0
154 0 clueweb09-en0003-46-31667 1
188 0 clueweb09-en0007-67-03463 0
188 0 clueweb09-en0007-67-03465 0
176 0 clueweb09-en0011-62-10637 0
159 0 clueweb09-en0011-36-09198 0
159 0 clueweb09-en0011-36-09197 0
171 0 clueweb09-en0007-88-16924 0
182 0 clueweb09-en0011-01-14684 1
191 0 clueweb09-en0078-03-21574 0
151 0 clueweb09-en0048-17-04439 1
193 0 clueweb09-en0010-91-11129 0
155 0 clueweb09-en0003-68-31611 4
192 0 clueweb09-en0036-10-22540 4
173 0 clueweb09-en0130-16-50196 0
154 0 clueweb09-en0092-36-31320 0
178 0 clueweb09-en0005-80-15365 0
151 0 clueweb09-en0044-31-27574 -2
175 0 clueweb09-en0033-61-38388 0
185 0 clueweb09-en0004-63-33779 1
154 0 clueweb09-en0002-56-15974 0
155 0 clueweb09-en0006-48-02070 0
164 0 clueweb09-en0008-85-34461 4
163 0 clueweb09-en0008-91-00279 1
158 0 clueweb09-en0009-94-36521 0
195 0 clueweb09-en0000-06-17443 0
173 0 clueweb09-en0009-09-10760 0
164 0 clueweb09-en0040-27-18250 4
181 0 clueweb09-en0008-10-18416 0
169 0 clueweb09-en0002-30-26255 0
167 0 clueweb09-en0005-26-06908 0
197 0 clueweb09-en0008-86-07550 4
186 0 clueweb09-en0041-50-14272 1
186 0 clueweb09-en0041-50-14266 1
186 0 clueweb09-en0041-50-14268 1
176 0 clueweb09-en0005-65-01578 0
177 0 clueweb09-en0023-13-20335 0
163 0 clueweb09-en0009-29-08679 0
182 0 clueweb09-en0011-01-14714 1
153 0 clueweb09-en0056-19-01179 0
181 0 clueweb09-en0009-34-26054 0
158 0 clueweb09-en0010-02-31844 1
196 0 clueweb09-en0007-13-30814 0
183 0 clueweb09-en0001-53-31497 0
174 0 clueweb09-en0006-68-02539 0
199 0 clueweb09-en0010-03-25419 1
174 0 clueweb09-en0006-68-02547 1
197 0 clueweb09-en0074-55-24711 0
196 0 clueweb09-en0040-10-04762 0
185 0 clueweb09-en0020-57-08349 -2
179 0 clueweb09-en0005-62-07727 0
188 0 clueweb09-en0009-01-08468 0
161 0 clueweb09-en0011-77-18065 0
188 0 clueweb09-en0006-36-25206 0
188 0 clueweb09-en0006-36-25200 0
165 0 clueweb09-en0006-06-43533 0
180 0 clueweb09-en0011-90-01284 1
183 0 clueweb09-en0030-17-38035 0
177 0 clueweb09-en0080-23-24622 0
190 0 clueweb09-en0006-16-02384 0
189 0 clueweb09-en0009-75-26812 3
173 0 clueweb09-en0023-38-34078 1
163 0 clueweb09-en0010-44-11382 0
174 0 clueweb09-en0067-49-13693 0
174 0 clueweb09-en0006-68-02574 0
197 0 clueweb09-en0008-32-38389 0
169 0 clueweb09-en0011-58-18788 0
177 0 clueweb09-en0100-42-30850 0
177 0 clueweb09-en0011-58-19414 0
151 0 clueweb09-en0037-43-23906 0
188 0 clueweb09-en0005-78-09032 0
175 0 clueweb09-en0068-79-01801 0
167 0 clueweb09-en0005-44-27928 0
195 0 clueweb09-en0030-29-27781 0
165 0 clueweb09-en0024-86-17858 0
164 0 clueweb09-en0011-01-16873 0
155 0 clueweb09-en0004-28-20799 0
166 0 clueweb09-en0006-12-01862 0
160 0 clueweb09-en0011-25-03474 0
157 0 clueweb09-en0004-43-09815 0
167 0 clueweb09-en0091-95-18493 1
199 0 clueweb09-en0092-45-08508 0
197 0 clueweb09-en0009-54-15850 -2
173 0 clueweb09-en0006-22-31298 0
165 0 clueweb09-en0009-47-16174 0
155 0 clueweb09-en0006-82-07107 0
170 0 clueweb09-en0004-29-39418 0
180 0 clueweb09-en0010-65-04734 0
164 0 clueweb09-en0082-91-40478 0
179 0 clueweb09-en0009-37-06128 0
188 0 clueweb09-en0006-12-04536 0
161 0 clueweb09-en0006-98-01028 0
176 0 clueweb09-en0107-96-39068 0
188 0 clueweb09-en0007-05-07181 1
166 0 clueweb09-en0045-92-07147 -2
166 0 clueweb09-en0006-35-35341 0
195 0 clueweb09-en0009-93-19844 0
163 0 clueweb09-en0043-14-07867 0
161 0 clueweb09-en0022-32-36748 0
154 0 clueweb09-en0005-70-18969 0
156 0 clueweb09-en0007-74-10476 0
179 0 clueweb09-en0005-72-20338 0
197 0 clueweb09-en0007-86-34817 0
197 0 clueweb09-en0008-11-14997 0
174 0 clueweb09-en0129-52-31144 0
176 0 clueweb09-en0038-45-12729 0
157 0 clueweb09-en0011-64-39780 0
193 0 clueweb09-en0081-48-35581 0
152 0 clueweb09-en0113-44-31662 0
169 0 clueweb09-en0001-73-32082 1
160 0 clueweb09-en0000-95-14620 0
187 0 clueweb09-en0001-77-02459 0
168 0 clueweb09-en0050-24-27827 -2
165 0 clueweb09-en0025-23-19485 4
169 0 clueweb09-en0016-13-28360 0
197 0 clueweb09-en0008-01-23635 0
181 0 clueweb09-en0006-38-27071 0
181 0 clueweb09-en0133-89-44418 0
183 0 clueweb09-en0007-79-37915 0
182 0 clueweb09-en0036-33-28566 1
199 0 clueweb09-en0033-19-02634 1
176 0 clueweb09-en0064-12-30932 0
170 0 clueweb09-en0004-29-39448 0
179 0 clueweb09-en0005-39-13387 0
193 0 clueweb09-en0090-86-31395 1
186 0 clueweb09-en0005-92-43197 0
185 0 clueweb09-en0038-46-43136 1
170 0 clueweb09-en0011-12-01269 0
179 0 clueweb09-en0011-62-10062 0
169 0 clueweb09-en0133-68-55217 0
169 0 clueweb09-en0133-68-55216 0
169 0 clueweb09-en0133-68-55215 0
169 0 clueweb09-en0133-68-55218 0
196 0 clueweb09-en0008-75-21148 1
167 0 clueweb09-en0001-77-00685 1
167 0 clueweb09-en0018-83-22808 0
200 0 clueweb09-en0006-47-02068 0
181 0 clueweb09-en0001-88-02305 0
199 0 clueweb09-en0005-01-11681 0
169 0 clueweb09-en0021-61-01890 0
195 0 clueweb09-en0005-58-36026 0
195 0 clueweb09-en0005-58-36022 1
177 0 clueweb09-en0005-29-33711 0
186 0 clueweb09-en0002-05-29795 1
155 0 clueweb09-en0007-08-05021 0
156 0 clueweb09-en0017-85-32966 0
194 0 clueweb09-en0006-47-26406 0
151 0 clueweb09-en0011-62-17582 4
163 0 clueweb09-en0032-54-21157 4
197 0 clueweb09-en0036-67-15789 0
182 0 clueweb09-en0010-92-32718 1
172 0 clueweb09-en0001-17-15517 0
197 0 clueweb09-en0038-26-27559 0
174 0 clueweb09-en0049-23-35690 0
194 0 clueweb09-en0007-19-03463 0
169 0 clueweb09-en0010-00-08104 0
188 0 clueweb09-en0009-01-08376 0
188 0 clueweb09-en0009-01-08375 0
182 0 clueweb09-en0011-44-27523 4
188 0 clueweb09-en0009-01-08385 0
177 0 clueweb09-en0004-23-18186 0
174 0 clueweb09-en0131-15-11645 0
188 0 clueweb09-en0009-01-08377 0
162 0 clueweb09-en0016-11-10086 0
179 0 clueweb09-en0008-85-11745 0
185 0 clueweb09-en0005-68-22900 0
199 0 clueweb09-en0037-30-07285 0
167 0 clueweb09-en0022-85-04687 4
164 0 clueweb09-en0006-43-12610 2
183 0 clueweb09-en0034-27-09738 0
192 0 clueweb09-en0005-01-40777 0
164 0 clueweb09-en0006-43-12609 2
151 0 clueweb09-en0010-82-12588 1
177 0 clueweb09-en0006-47-23038 0
185 0 clueweb09-en0007-23-02202 4
172 0 clueweb09-en0002-58-21940 4
153 0 clueweb09-en0039-34-04046 0
167 0 clueweb09-en0005-27-27204 0
172 0 clueweb09-en0009-30-29508 4
153 0 clueweb09-en0128-51-31406 1
193 0 clueweb09-en0110-44-12930 0
183 0 clueweb09-en0033-01-12397 0
194 0 clueweb09-en0006-50-14335 0
189 0 clueweb09-en0025-47-01769 0
194 0 clueweb09-en0006-50-14339 0
192 0 clueweb09-en0081-90-25464 0
167 0 clueweb09-en0056-06-33017 0
198 0 clueweb09-en0004-55-01592 0
162 0 clueweb09-en0126-26-39413 0
186 0 clueweb09-en0036-80-12089 0
176 0 clueweb09-en0004-41-22919 0
184 0 clueweb09-en0062-03-18645 0
176 0 clueweb09-en0004-41-22917 0
176 0 clueweb09-en0004-41-22918 0
156 0 clueweb09-en0130-79-39134 0
151 0 clueweb09-en0008-05-01472 1
151 0 clueweb09-en0008-05-01483 1
175 0 clueweb09-en0035-72-41305 0
195 0 clueweb09-en0023-57-20063 0
174 0 clueweb09-en0130-56-14258 0
194 0 clueweb09-en0006-50-14399 0
168 0 clueweb09-en0060-25-24892 0
194 0 clueweb09-en0006-50-14386 0
179 0 clueweb09-en0009-48-11727 0
199 0 clueweb09-en0065-30-46673 1
151 0 clueweb09-en0126-05-35795 -2
165 0 clueweb09-en0008-85-33774 0
180 0 clueweb09-en0011-39-10739 0
160 0 clueweb09-en0132-69-20397 0
166 0 clueweb09-en0008-04-10234 0
174 0 clueweb09-en0000-50-01816 0
181 0 clueweb09-en0004-95-14884 0
193 0 clueweb09-en0067-50-24698 0
159 0 clueweb09-en0009-78-14916 0
180 0 clueweb09-en0081-45-10839 1
180 0 clueweb09-en0081-45-10838 1
180 0 clueweb09-en0081-45-10843 1
180 0 clueweb09-en0081-45-10842 1
180 0 clueweb09-en0081-45-10845 1
180 0 clueweb09-en0081-45-10844 1
180 0 clueweb09-en0081-45-10841 1
180 0 clueweb09-en0081-45-10840 1
171 0 clueweb09-en0040-32-37686 1
192 0 clueweb09-en0051-68-01143 0
151 0 clueweb09-en0008-68-05427 0
186 0 clueweb09-en0007-56-36231 0
186 0 clueweb09-en0007-56-36234 0
176 0 clueweb09-en0046-57-28240 0
189 0 clueweb09-en0025-47-01814 0
153 0 clueweb09-en0005-05-06866 0
164 0 clueweb09-en0009-69-14812 4
165 0 clueweb09-en0008-85-33755 0
194 0 clueweb09-en0000-89-31943 0
168 0 clueweb09-en0005-15-11854 0
194 0 clueweb09-en0000-89-31952 0
168 0 clueweb09-en0011-28-21139 0
180 0 clueweb09-en0011-82-14969 0
168 0 clueweb09-en0011-28-21129 0
192 0 clueweb09-en0081-62-29164 0
166 0 clueweb09-en0004-97-35278 0
166 0 clueweb09-en0004-97-35279 0
192 0 clueweb09-en0081-62-29181 0
160 0 clueweb09-en0037-77-20283 0
160 0 clueweb09-en0037-77-20284 0
185 0 clueweb09-en0065-51-22992 -2
194 0 clueweb09-en0006-50-14422 0
194 0 clueweb09-en0006-50-14423 0
194 0 clueweb09-en0006-50-14424 0
185 0 clueweb09-en0065-51-22994 -2
185 0 clueweb09-en0065-51-22993 -2
169 0 clueweb09-en0107-15-20581 0
177 0 clueweb09-en0029-59-08817 0
151 0 clueweb09-en0005-98-00099 1
199 0 clueweb09-en0004-95-08126 1
152 0 clueweb09-en0078-80-03017 0
158 0 clueweb09-en0010-65-14361 0
187 0 clueweb09-en0008-35-17013 0
196 0 clueweb09-en0006-11-15230 1
194 0 clueweb09-en0012-05-24031 0
199 0 clueweb09-en0008-37-31183 0
166 0 clueweb09-en0009-92-21662 0
179 0 clueweb09-en0003-64-10328 0
169 0 clueweb09-en0001-96-22025 0
176 0 clueweb09-en0000-91-06642 0
174 0 clueweb09-en0053-38-16434 0
156 0 clueweb09-en0057-27-33622 0
179 0 clueweb09-en0008-20-15302 0
168 0 clueweb09-en0032-02-10177 1
162 0 clueweb09-en0129-51-18330 0
194 0 clueweb09-en0012-05-24009 0
179 0 clueweb09-en0009-01-39471 0
188 0 clueweb09-en0005-29-23205 0
166 0 clueweb09-en0005-87-18774 0
195 0 clueweb09-en0122-59-39808 0
162 0 clueweb09-en0092-72-15672 0
185 0 clueweb09-en0005-14-38018 0
170 0 clueweb09-en0005-12-17858 0
196 0 clueweb09-en0000-72-07072 1
165 0 clueweb09-en0010-62-20027 0
170 0 clueweb09-en0005-12-17829 0
195 0 clueweb09-en0005-16-00192 0
187 0 clueweb09-en0038-85-09229 1
162 0 clueweb09-en0003-60-19607 2
170 0 clueweb09-en0003-08-15855 0
180 0 clueweb09-en0024-32-19531 0
153 0 clueweb09-en0010-43-00715 0
153 0 clueweb09-en0010-43-00717 1
171 0 clueweb09-en0051-66-23162 0
153 0 clueweb09-en0010-43-00718 1
153 0 clueweb09-en0010-43-00719 1
172 0 clueweb09-en0053-51-13901 1
165 0 clueweb09-en0036-06-15795 3
169 0 clueweb09-en0006-29-00039 0
163 0 clueweb09-en0009-67-05664 0
172 0 clueweb09-en0008-87-32763 1
180 0 clueweb09-en0037-38-12240 0
153 0 clueweb09-en0010-43-00720 1
153 0 clueweb09-en0010-43-00721 0
171 0 clueweb09-en0006-36-25405 4
177 0 clueweb09-en0003-93-00266 1
193 0 clueweb09-en0051-23-17463 0
197 0 clueweb09-en0068-39-09201 0
154 0 clueweb09-en0008-44-37179 4
166 0 clueweb09-en0011-06-41119 -2
166 0 clueweb09-en0001-08-27696 0
187 0 clueweb09-en0009-01-09906 0
176 0 clueweb09-en0007-04-29134 0
167 0 clueweb09-en0004-94-03091 0
166 0 clueweb09-en0004-50-18346 0
177 0 clueweb09-en0009-64-17499 0
175 0 clueweb09-en0024-68-21064 2
169 0 clueweb09-en0039-93-02252 0
178 0 clueweb09-en0102-38-24602 0
166 0 clueweb09-en0008-40-12851 0
151 0 clueweb09-en0005-58-00376 0
192 0 clueweb09-en0007-35-02615 1
199 0 clueweb09-en0007-02-10917 0
170 0 clueweb09-en0005-12-17771 0
166 0 clueweb09-en0010-21-01260 0
175 0 clueweb09-en0001-41-01406 0
173 0 clueweb09-en0010-15-08901 0
179 0 clueweb09-en0003-89-14193 0
199 0 clueweb09-en0006-99-12568 0
188 0 clueweb09-en0008-53-26559 0
180 0 clueweb09-en0010-01-07052 0
179 0 clueweb09-en0003-89-14185 0
179 0 clueweb09-en0003-89-14186 0
179 0 clueweb09-en0003-89-14189 1
197 0 clueweb09-en0008-22-31765 4
180 0 clueweb09-en0039-44-03558 0
166 0 clueweb09-en0001-84-05380 0
151 0 clueweb09-en0009-05-12500 0
161 0 clueweb09-en0009-41-08470 0
182 0 clueweb09-en0010-46-27177 1
196 0 clueweb09-en0005-16-21405 1
182 0 clueweb09-en0010-46-27171 1
182 0 clueweb09-en0010-46-27164 4
182 0 clueweb09-en0009-29-12527 1
176 0 clueweb09-en0004-11-25170 0
162 0 clueweb09-en0086-46-19584 0
182 0 clueweb09-en0011-50-19779 0
199 0 clueweb09-en0039-75-16229 1
199 0 clueweb09-en0004-09-26579 1
160 0 clueweb09-en0005-15-08782 0
174 0 clueweb09-en0020-14-30546 0
180 0 clueweb09-en0010-18-29153 0
184 0 clueweb09-en0007-16-09949 0
173 0 clueweb09-en0039-31-00872 0
161 0 clueweb09-en0123-62-20446 0
171 0 clueweb09-en0037-66-17848 -2
165 0 clueweb09-en0010-62-20055 0
165 0 clueweb09-en0010-62-20053 0
197 0 clueweb09-en0052-84-38344 4
166 0 clueweb09-en0002-05-37400 0
165 0 clueweb09-en0081-82-42186 0
176 0 clueweb09-en0000-41-08460 0
184 0 clueweb09-en0008-54-18217 0
169 0 clueweb09-en0000-33-20988 1
189 0 clueweb09-en0066-83-34475 0
197 0 clueweb09-en0037-37-14678 0
176 0 clueweb09-en0026-54-06091 0
186 0 clueweb09-en0088-51-31437 0
186 0 clueweb09-en0088-51-31436 0
185 0 clueweb09-en0010-91-22219 -2
194 0 clueweb09-en0006-32-17750 0
179 0 clueweb09-en0006-05-07221 -2
197 0 clueweb09-en0008-00-28821 4
168 0 clueweb09-en0074-03-35272 0
155 0 clueweb09-en0034-36-36555 4
179 0 clueweb09-en0011-26-34029 0
184 0 clueweb09-en0002-40-23287 0
151 0 clueweb09-en0011-80-08664 1
154 0 clueweb09-en0009-81-12644 0
169 0 clueweb09-en0006-29-00300 1
151 0 clueweb09-en0007-55-00719 1
151 0 clueweb09-en0007-55-00718 1
162 0 clueweb09-en0007-36-38293 0
196 0 clueweb09-en0005-79-13170 0
177 0 clueweb09-en0085-64-03564 0
169 0 clueweb09-en0006-29-00229 0
166 0 clueweb09-en0010-02-28536 0
197 0 clueweb09-en0118-99-02964 0
157 0 clueweb09-en0009-73-42614 0
182 0 clueweb09-en0007-28-11481 1
194 0 clueweb09-en0074-98-29073 0
174 0 clueweb09-en0005-06-29704 0
166 0 clueweb09-en0005-28-04392 0
179 0 clueweb09-en0000-45-13766 0
177 0 clueweb09-en0037-60-36914 0
192 0 clueweb09-en0058-97-33494 0
188 0 clueweb09-en0131-64-47920 0
158 0 clueweb09-en0020-33-08986 0
199 0 clueweb09-en0131-50-41513 0
162 0 clueweb09-en0002-78-06259 0
156 0 clueweb09-en0026-75-28364 0
176 0 clueweb09-en0010-17-22346 0
194 0 clueweb09-en0094-27-24443 0
169 0 clueweb09-en0007-23-36622 1
167 0 clueweb09-en0026-02-08028 0
180 0 clueweb09-en0008-44-10692 1
176 0 clueweb09-en0004-75-04543 0
155 0 clueweb09-en0011-14-30723 0
175 0 clueweb09-en0004-08-26575 0
185 0 clueweb09-en0093-14-42157 1
163 0 clueweb09-en0000-13-08329 4
168 0 clueweb09-en0021-56-22642 0
169 0 clueweb09-en0035-26-18041 0
186 0 clueweb09-en0116-86-15228 0
174 0 clueweb09-en0049-57-26592 0
183 0 clueweb09-en0035-93-35724 0
183 0 clueweb09-en0007-74-16653 0
189 0 clueweb09-en0039-86-14787 0
155 0 clueweb09-en0009-68-09408 0
182 0 clueweb09-en0010-74-33278 0
151 0 clueweb09-en0004-50-32815 0
199 0 clueweb09-en0010-02-01406 1
175 0 clueweb09-en0023-25-20771 2
151 0 clueweb09-en0007-55-00754 0
194 0 clueweb09-en0059-24-20195 0
159 0 clueweb09-en0021-67-00499 0
154 0 clueweb09-en0005-70-19014 0
192 0 clueweb09-en0096-50-15924 0
197 0 clueweb09-en0079-18-24288 0
183 0 clueweb09-en0002-65-19340 0
199 0 clueweb09-en0029-87-22325 1
196 0 clueweb09-en0006-57-35139 1
194 0 clueweb09-en0030-36-04311 0
165 0 clueweb09-en0041-39-14025 0
182 0 clueweb09-en0009-40-20191 0
151 0 clueweb09-en0005-98-00108 1
151 0 clueweb09-en0005-98-00107 2
151 0 clueweb09-en0005-98-00119 1
176 0 clueweb09-en0059-39-31995 0
174 0 clueweb09-en0007-77-36217 0
160 0 clueweb09-en0000-95-15123 1
154 0 clueweb09-en0005-78-39782 0
180 0 clueweb09-en0039-00-24466 0
197 0 clueweb09-en0124-66-10658 0
168 0 clueweb09-en0001-75-00190 0
179 0 clueweb09-en0007-04-29030 -2
175 0 clueweb09-en0073-20-06564 2
155 0 clueweb09-en0063-65-16590 0
151 0 clueweb09-en0012-23-03552 0
165 0 clueweb09-en0010-29-00161 0
155 0 clueweb09-en0080-21-15067 0
184 0 clueweb09-en0005-39-13387 0
169 0 clueweb09-en0129-82-21899 0
197 0 clueweb09-en0120-38-39208 0
174 0 clueweb09-en0066-89-05223 0
155 0 clueweb09-en0009-68-09171 0
173 0 clueweb09-en0007-71-13364 0
183 0 clueweb09-en0002-71-30996 0
177 0 clueweb09-en0011-84-36873 0
151 0 clueweb09-en0081-77-25189 0
185 0 clueweb09-en0009-10-07026 -2
185 0 clueweb09-en0002-01-17549 0
175 0 clueweb09-en0001-68-21462 2
175 0 clueweb09-en0001-68-21463 0
185 0 clueweb09-en0002-01-17545 0
152 0 clueweb09-en0033-02-06291 0
169 0 clueweb09-en0132-28-12559 0
197 0 clueweb09-en0008-00-28973 0
156 0 clueweb09-en0000-39-03293 0
185 0 clueweb09-en0002-01-17553 0
185 0 clueweb09-en0002-01-17550 0
185 0 clueweb09-en0002-01-17552 0
177 0 clueweb09-en0007-84-20645 0
162 0 clueweb09-en0130-05-47994 0
199 0 clueweb09-en0015-69-18280 0
186 0 clueweb09-en0001-12-21073 0
151 0 clueweb09-en0059-39-10214 4
165 0 clueweb09-en0005-87-09825 0
174 0 clueweb09-en0007-77-36134 0
174 0 clueweb09-en0132-79-52086 0
174 0 clueweb09-en0132-79-52087 0
165 0 clueweb09-en0089-91-11985 0
182 0 clueweb09-en0023-11-07713 1
180 0 clueweb09-en0008-10-19294 0
174 0 clueweb09-en0002-63-17563 0
173 0 clueweb09-en0027-18-12669 1
168 0 clueweb09-en0062-96-07982 0
161 0 clueweb09-en0009-51-25742 0
166 0 clueweb09-en0006-68-38297 0
166 0 clueweb09-en0010-02-28660 0
157 0 clueweb09-en0004-50-21969 0
166 0 clueweb09-en0010-02-28662 0
188 0 clueweb09-en0004-36-03035 0
168 0 clueweb09-en0064-12-16753 0
189 0 clueweb09-en0066-83-34844 0
165 0 clueweb09-en0004-43-38096 0
183 0 clueweb09-en0064-10-27195 0
188 0 clueweb09-en0007-89-39622 0
188 0 clueweb09-en0007-89-39623 0
188 0 clueweb09-en0007-89-39624 0
188 0 clueweb09-en0007-89-39626 0
188 0 clueweb09-en0007-89-39628 0
181 0 clueweb09-en0006-56-02551 0
166 0 clueweb09-en0009-13-31837 0
174 0 clueweb09-en0037-68-16103 1
199 0 clueweb09-en0064-21-04160 1
197 0 clueweb09-en0011-37-10253 4
175 0 clueweb09-en0001-88-17229 0
152 0 clueweb09-en0003-53-07613 0
175 0 clueweb09-en0001-88-17236 4
175 0 clueweb09-en0001-88-17232 4
175 0 clueweb09-en0001-88-17231 2
187 0 clueweb09-en0038-45-05113 0
164 0 clueweb09-en0006-46-37155 4
199 0 clueweb09-en0123-44-06392 1
171 0 clueweb09-en0007-62-16620 0
154 0 clueweb09-en0005-88-15435 0
182 0 clueweb09-en0007-44-02588 4
181 0 clueweb09-en0006-56-02493 0
192 0 clueweb09-en0009-48-16017 0
168 0 clueweb09-en0026-85-22508 0
167 0 clueweb09-en0126-16-15817 0
163 0 clueweb09-en0066-40-20431 1
184 0 clueweb09-en0133-17-04096 0
174 0 clueweb09-en0002-25-30886 0
158 0 clueweb09-en0008-34-00987 1
166 0 clueweb09-en0087-46-23803 0
191 0 clueweb09-en0008-48-04494 0
179 0 clueweb09-en0003-06-01965 0
163 0 clueweb09-en0019-52-11007 0
188 0 clueweb09-en0010-43-15339 0
155 0 clueweb09-en0004-07-07695 0
155 0 clueweb09-en0004-07-07696 0
169 0 clueweb09-en0000-33-21154 1
151 0 clueweb09-en0067-64-18753 0
182 0 clueweb09-en0002-34-20081 0
184 0 clueweb09-en0026-58-15926 0
160 0 clueweb09-en0004-87-06913 0
186 0 clueweb09-en0005-14-08789 0
181 0 clueweb09-en0038-42-14723 0
181 0 clueweb09-en0038-42-14724 0
181 0 clueweb09-en0038-42-14725 0
162 0 clueweb09-en0000-77-03682 4
180 0 clueweb09-en0003-69-05915 1
189 0 clueweb09-en0100-03-21269 0
181 0 clueweb09-en0038-42-14719 0
173 0 clueweb09-en0079-71-25162 1
181 0 clueweb09-en0038-42-14715 0
154 0 clueweb09-en0001-80-25876 0
199 0 clueweb09-en0079-70-22655 1
161 0 clueweb09-en0038-73-29708 0
194 0 clueweb09-en0006-27-16968 0
162 0 clueweb09-en0131-63-03147 0
154 0 clueweb09-en0005-03-27624 0
161 0 clueweb09-en0038-73-29711 0
172 0 clueweb09-en0008-79-23782 4
187 0 clueweb09-en0001-09-25627 4
169 0 clueweb09-en0006-36-16559 0
176 0 clueweb09-en0009-57-07513 0
161 0 clueweb09-en0009-65-08373 0
192 0 clueweb09-en0012-28-03434 4
161 0 clueweb09-en0009-65-08388 0
161 0 clueweb09-en0009-65-08390 0
161 0 clueweb09-en0009-65-08394 0
151 0 clueweb09-en0038-81-24098 0
161 0 clueweb09-en0009-65-08378 0
161 0 clueweb09-en0009-65-08381 0
153 0 clueweb09-en0081-00-04432 0
179 0 clueweb09-en0004-16-36416 0
161 0 clueweb09-en0009-65-08397 0
186 0 clueweb09-en0003-36-10440 0
170 0 clueweb09-en0003-82-21144 0
151 0 clueweb09-en0001-54-14652 1
177 0 clueweb09-en0011-19-02474 0
178 0 clueweb09-en0009-39-24595 0
187 0 clueweb09-en0013-47-27243 0
169 0 clueweb09-en0008-67-40001 0
163 0 clueweb09-en0005-02-21615 1
160 0 clueweb09-en0121-67-26850 0
161 0 clueweb09-en0039-54-42764 0
194 0 clueweb09-en0005-19-41831 0
160 0 clueweb09-en0121-67-26849 0
160 0 clueweb09-en0121-67-26848 0
176 0 clueweb09-en0010-22-23976 0
174 0 clueweb09-en0048-93-33383 0
156 0 clueweb09-en0007-51-19976 0
194 0 clueweb09-en0006-53-13247 0
167 0 clueweb09-en0005-27-26946 0
168 0 clueweb09-en0037-13-37280 0
163 0 clueweb09-en0027-82-30622 4
195 0 clueweb09-en0006-22-07594 0
195 0 clueweb09-en0006-22-07588 0
163 0 clueweb09-en0009-68-09980 1
156 0 clueweb09-en0010-92-37340 0
185 0 clueweb09-en0006-46-32132 2
179 0 clueweb09-en0052-31-11171 0
200 0 clueweb09-en0005-99-31278 0
185 0 clueweb09-en0006-46-32153 2
160 0 clueweb09-en0093-66-29812 0
199 0 clueweb09-en0132-86-55260 1
177 0 clueweb09-en0008-63-27908 0
170 0 clueweb09-en0001-03-08959 0
182 0 clueweb09-en0009-40-34377 0
161 0 clueweb09-en0022-52-32444 0
192 0 clueweb09-en0009-40-06431 0
163 0 clueweb09-en0096-15-25625 0
182 0 clueweb09-en0004-04-26695 1
183 0 clueweb09-en0005-29-24354 0
178 0 clueweb09-en0011-79-25884 0
151 0 clueweb09-en0010-28-37996 0
174 0 clueweb09-en0021-60-10878 0
196 0 clueweb09-en0131-44-06947 1
165 0 clueweb09-en0016-20-18245 0
170 0 clueweb09-en0007-25-22764 0
199 0 clueweb09-en0127-62-15081 0
171 0 clueweb09-en0002-91-25506 0
165 0 clueweb09-en0081-50-14711 0
154 0 clueweb09-en0005-88-15648 0
185 0 clueweb09-en0067-29-26455 -2
197 0 clueweb09-en0008-00-29012 2
154 0 clueweb09-en0131-83-19979 0
154 0 clueweb09-en0131-83-19964 0
154 0 clueweb09-en0006-48-14571 0
180 0 clueweb09-en0009-75-18849 0
197 0 clueweb09-en0008-00-29086 1
183 0 clueweb09-en0007-69-15761 0
183 0 clueweb09-en0000-41-29766 0
174 0 clueweb09-en0026-06-03649 0
187 0 clueweb09-en0008-60-33462 0
165 0 clueweb09-en0051-36-06557 0
183 0 clueweb09-en0023-73-15201 1
167 0 clueweb09-en0011-29-00288 0
153 0 clueweb09-en0017-10-31252 1
162 0 clueweb09-en0064-28-11818 0
153 0 clueweb09-en0039-02-06319 0
153 0 clueweb09-en0039-02-06310 1
167 0 clueweb09-en0019-52-30284 2
197 0 clueweb09-en0009-59-35765 0
163 0 clueweb09-en0095-66-23716 1
153 0 clueweb09-en0010-08-18272 0
199 0 clueweb09-en0050-34-14689 1
171 0 clueweb09-en0106-08-27622 0
175 0 clueweb09-en0009-02-07468 2
165 0 clueweb09-en0004-54-22724 0
186 0 clueweb09-en0010-43-08918 0
160 0 clueweb09-en0007-88-33269 0
194 0 clueweb09-en0007-62-20811 0
185 0 clueweb09-en0004-49-10517 0
173 0 clueweb09-en0011-73-21857 0
165 0 clueweb09-en0040-41-19242 4
180 0 clueweb09-en0000-04-14025 -2
175 0 clueweb09-en0005-98-02301 0
165 0 clueweb09-en0017-44-30445 0
193 0 clueweb09-en0010-12-25307 0
172 0 clueweb09-en0002-48-22473 0
166 0 clueweb09-en0004-47-30028 0
172 0 clueweb09-en0054-66-25852 1
188 0 clueweb09-en0081-40-16683 0
172 0 clueweb09-en0054-66-25838 1
172 0 clueweb09-en0009-05-04574 0
197 0 clueweb09-en0024-37-03705 0
154 0 clueweb09-en0118-22-11011 0
154 0 clueweb09-en0118-22-11013 0
167 0 clueweb09-en0000-16-19238 0
197 0 clueweb09-en0004-62-02543 0
174 0 clueweb09-en0002-58-19874 0
153 0 clueweb09-en0039-02-06299 1
180 0 clueweb09-en0005-87-39714 0
188 0 clueweb09-en0000-58-00728 -2
165 0 clueweb09-en0066-43-19558 0
189 0 clueweb09-en0053-55-05607 0
189 0 clueweb09-en0053-55-05609 0
168 0 clueweb09-en0036-82-42458 -2
172 0 clueweb09-en0006-17-18253 0
196 0 clueweb09-en0006-53-21184 4
165 0 clueweb09-en0010-84-29893 0
180 0 clueweb09-en0007-44-18603 0
172 0 clueweb09-en0001-42-13765 1
197 0 clueweb09-en0017-29-03246 0
183 0 clueweb09-en0007-23-20731 0
168 0 clueweb09-en0112-12-15181 0
167 0 clueweb09-en0005-47-00303 0
185 0 clueweb09-en0000-58-00661 -2
185 0 clueweb09-en0000-58-00662 -2
170 0 clueweb09-en0038-46-42613 0
165 0 clueweb09-en0051-36-06499 0
151 0 clueweb09-en0061-17-29565 1
151 0 clueweb09-en0005-56-35975 1
182 0 clueweb09-en0008-85-31954 4
197 0 clueweb09-en0024-37-03782 0
185 0 clueweb09-en0000-58-00697 -2
174 0 clueweb09-en0011-49-11944 4
192 0 clueweb09-en0010-10-19761 0
194 0 clueweb09-en0005-17-42933 0
172 0 clueweb09-en0128-26-25630 0
178 0 clueweb09-en0026-82-10851 4
197 0 clueweb09-en0002-40-04613 0
165 0 clueweb09-en0007-72-20665 0
165 0 clueweb09-en0007-72-20664 3
195 0 clueweb09-en0021-68-07031 0
165 0 clueweb09-en0007-72-20677 0
199 0 clueweb09-en0007-57-24170 1
192 0 clueweb09-en0002-71-20769 0
177 0 clueweb09-en0005-65-03700 1
165 0 clueweb09-en0007-72-20651 0
164 0 clueweb09-en0004-54-10537 4
186 0 clueweb09-en0132-65-35123 0
156 0 clueweb09-en0029-27-23181 0
177 0 clueweb09-en0023-24-27537 0
177 0 clueweb09-en0023-24-27538 0
157 0 clueweb09-en0000-63-15185 4
165 0 clueweb09-en0007-72-20683 0
168 0 clueweb09-en0130-57-13747 0
165 0 clueweb09-en0007-72-20686 0
156 0 clueweb09-en0121-01-39389 0
165 0 clueweb09-en0007-72-20697 0
196 0 clueweb09-en0006-51-00746 1
163 0 clueweb09-en0007-70-05433 0
162 0 clueweb09-en0080-69-29271 0
181 0 clueweb09-en0130-80-47329 0
199 0 clueweb09-en0086-83-32347 -2
151 0 clueweb09-en0036-37-25986 1
182 0 clueweb09-en0007-10-11338 1
151 0 clueweb09-en0087-46-23775 1
192 0 clueweb09-en0008-04-07029 0
192 0 clueweb09-en0026-69-17163 0
161 0 clueweb09-en0001-56-15261 0
188 0 clueweb09-en0022-14-33932 0
174 0 clueweb09-en0010-40-28603 0
182 0 clueweb09-en0007-18-22204 0
199 0 clueweb09-en0011-05-02458 -2
174 0 clueweb09-en0133-41-23201 0
155 0 clueweb09-en0006-24-13552 2
155 0 clueweb09-en0006-24-13555 0
194 0 clueweb09-en0012-05-23999 0
194 0 clueweb09-en0012-05-23996 0
170 0 clueweb09-en0095-36-25787 0
163 0 clueweb09-en0017-90-27549 0
194 0 clueweb09-en0012-05-23977 0
172 0 clueweb09-en0007-34-02177 0
160 0 clueweb09-en0008-85-24944 0
176 0 clueweb09-en0109-22-09366 0
174 0 clueweb09-en0006-66-36362 0
177 0 clueweb09-en0126-59-12441 0
180 0 clueweb09-en0005-22-24710 0
172 0 clueweb09-en0008-00-24680 0
163 0 clueweb09-en0035-58-27319 0
157 0 clueweb09-en0003-35-12356 0
162 0 clueweb09-en0005-18-17956 0
182 0 clueweb09-en0000-69-01520 1
194 0 clueweb09-en0008-69-03314 0
177 0 clueweb09-en0005-93-37786 0
176 0 clueweb09-en0001-09-25480 0
186 0 clueweb09-en0007-39-10668 1
151 0 clueweb09-en0008-14-34093 0
199 0 clueweb09-en0006-47-25494 0
152 0 clueweb09-en0008-94-23591 0
162 0 clueweb09-en0021-19-37380 0
174 0 clueweb09-en0010-17-34500 0
161 0 clueweb09-en0011-84-20832 0
196 0 clueweb09-en0011-88-13012 1
153 0 clueweb09-en0007-75-29960 0
153 0 clueweb09-en0007-75-29955 0
163 0 clueweb09-en0011-33-02140 0
186 0 clueweb09-en0130-41-05446 -2
185 0 clueweb09-en0000-41-23926 0
154 0 clueweb09-en0023-47-37253 4
196 0 clueweb09-en0000-71-28171 0
154 0 clueweb09-en0008-55-17752 0
192 0 clueweb09-en0002-03-13506 0
163 0 clueweb09-en0034-47-04306 0
170 0 clueweb09-en0007-89-00323 0
179 0 clueweb09-en0011-66-23405 0
194 0 clueweb09-en0002-12-10899 0
171 0 clueweb09-en0007-79-32450 0
156 0 clueweb09-en0043-27-30986 0
175 0 clueweb09-en0008-13-32077 0
172 0 clueweb09-en0031-57-02802 0
177 0 clueweb09-en0000-58-00965 -2
154 0 clueweb09-en0005-78-34061 2
174 0 clueweb09-en0005-51-08893 0
166 0 clueweb09-en0007-68-14070 0
154 0 clueweb09-en0008-52-08409 1
199 0 clueweb09-en0106-95-04197 0
180 0 clueweb09-en0009-57-24547 0
156 0 clueweb09-en0003-13-04443 0
171 0 clueweb09-en0007-85-37018 0
174 0 clueweb09-en0010-33-32158 0
173 0 clueweb09-en0007-13-31125 0
174 0 clueweb09-en0010-33-32161 0
197 0 clueweb09-en0026-09-12857 0
180 0 clueweb09-en0010-27-34120 0
163 0 clueweb09-en0025-27-28528 0
169 0 clueweb09-en0101-25-31158 0
187 0 clueweb09-en0010-53-06421 1
169 0 clueweb09-en0101-25-31156 0
194 0 clueweb09-en0008-69-03281 0
180 0 clueweb09-en0010-01-06961 0
180 0 clueweb09-en0010-01-06960 0
162 0 clueweb09-en0001-23-12883 0
180 0 clueweb09-en0010-01-06956 0
180 0 clueweb09-en0010-01-06955 0
180 0 clueweb09-en0010-01-06958 0
180 0 clueweb09-en0010-01-06957 0
180 0 clueweb09-en0010-01-06959 0
163 0 clueweb09-en0050-72-32975 0
170 0 clueweb09-en0064-87-03434 0
172 0 clueweb09-en0008-57-11213 0
185 0 clueweb09-en0008-86-14621 1
191 0 clueweb09-en0079-14-22232 0
168 0 clueweb09-en0050-33-11108 0
176 0 clueweb09-en0003-86-14168 0
165 0 clueweb09-en0001-39-15473 0
165 0 clueweb09-en0001-39-15472 0
165 0 clueweb09-en0001-39-15475 0
165 0 clueweb09-en0001-39-15474 0
177 0 clueweb09-en0001-54-14682 0
169 0 clueweb09-en0000-33-21041 1
199 0 clueweb09-en0010-58-09280 0
180 0 clueweb09-en0002-01-18924 0
169 0 clueweb09-en0133-69-36476 0
199 0 clueweb09-en0011-54-01274 1
178 0 clueweb09-en0005-69-04044 0
176 0 clueweb09-en0003-97-29915 0
183 0 clueweb09-en0009-25-09688 2
174 0 clueweb09-en0000-84-11806 0
182 0 clueweb09-en0005-43-05387 4
154 0 clueweb09-en0009-51-09996 0
170 0 clueweb09-en0008-78-09424 0
170 0 clueweb09-en0010-89-00115 0
173 0 clueweb09-en0000-98-33142 0
199 0 clueweb09-en0106-95-04202 0
168 0 clueweb09-en0002-25-30737 0
184 0 clueweb09-en0008-60-00829 0
175 0 clueweb09-en0001-01-04569 0
176 0 clueweb09-en0086-96-03402 0