263 0 clueweb12-0011wb-07-02375 1
284 0 clueweb12-0706wb-76-19627 2
288 0 clueweb12-1103wb-35-05374 2
264 0 clueweb12-0013wb-71-21212 0
266 0 clueweb12-0711wb-63-09400 2
285 0 clueweb12-1211wb-03-29609 2
277 0 clueweb12-1503wb-27-12525 0
263 0 clueweb12-0004wb-16-14335 0
277 0 clueweb12-1503wb-27-12520 0
283 0 clueweb12-0910wb-27-19173 0
260 0 clueweb12-0013wb-80-21417 0
257 0 clueweb12-1908wb-59-07154 4
294 0 clueweb12-0013wb-07-17793 1
286 0 clueweb12-1111wb-59-02350 0
297 0 clueweb12-0303wb-32-10278 0
286 0 clueweb12-0914wb-08-05200 0
295 0 clueweb12-1305wb-09-11389 1
281 0 clueweb12-0309wb-23-28729 0
263 0 clueweb12-1511wb-62-05706 1
276 0 clueweb12-0101wb-18-23097 1
262 0 clueweb12-0212wb-24-15124 0
294 0 clueweb12-1603wb-35-07293 0
270 0 clueweb12-1809wb-97-24038 0
279 0 clueweb12-1017wb-16-08486 1
282 0 clueweb12-0303wb-78-18662 1
294 0 clueweb12-0204wb-30-03414 0
264 0 clueweb12-0206wb-85-20494 0
282 0 clueweb12-1001tw-00-03223 1
260 0 clueweb12-0706wb-26-23242 1
284 0 clueweb12-0001wb-33-16227 2
298 0 clueweb12-0108wb-49-25907 0
268 0 clueweb12-1900wb-81-31956 0
283 0 clueweb12-1704wb-54-04242 0
251 0 clueweb12-0206wb-44-00982 0
300 0 clueweb12-0108wb-20-15236 0
254 0 clueweb12-0811wb-86-12864 0
251 0 clueweb12-0009wb-90-28282 1
273 0 clueweb12-1012wb-62-02377 0
260 0 clueweb12-1109wb-11-02453 0
263 0 clueweb12-0303wb-88-04848 2
283 0 clueweb12-1312wb-62-15075 0
270 0 clueweb12-1809wb-94-10022 0
282 0 clueweb12-0103wb-57-21579 1
300 0 clueweb12-0006wb-89-10710 0
282 0 clueweb12-0306wb-67-18226 1
268 0 clueweb12-1414wb-44-30560 0
264 0 clueweb12-0610wb-26-31481 0
264 0 clueweb12-0200tw-42-08576 2
259 0 clueweb12-1809wb-11-21126 2
272 0 clueweb12-0206wb-85-26760 0
272 0 clueweb12-0200wb-98-18960 3
293 0 clueweb12-0816wb-31-13159 2
251 0 clueweb12-0403wb-35-05894 1
276 0 clueweb12-1802wb-16-22170 2
261 0 clueweb12-0107wb-21-10640 0
275 0 clueweb12-0101wb-81-22612 1
269 0 clueweb12-0611wb-22-34730 0
260 0 clueweb12-0705wb-48-24745 0
254 0 clueweb12-1815wb-06-07585 0
267 0 clueweb12-0512wb-53-19873 -2
260 0 clueweb12-0709wb-54-13068 0
270 0 clueweb12-1413wb-37-04200 0
261 0 clueweb12-0912wb-87-22685 0
265 0 clueweb12-0304wb-88-22540 0
251 0 clueweb12-0600wb-02-04095 1
294 0 clueweb12-0012wb-20-22407 1
251 0 clueweb12-0600wb-02-04092 2
260 0 clueweb12-0301wb-21-29984 0
291 0 clueweb12-0211wb-14-25794 0
254 0 clueweb12-0508wb-62-07303 1
277 0 clueweb12-0200wb-89-02833 0
281 0 clueweb12-1304wb-07-03024 2
259 0 clueweb12-1212wb-56-11075 1
261 0 clueweb12-0912wb-87-22686 0
253 0 clueweb12-1510wb-28-30137 1
252 0 clueweb12-0602wb-83-34300 1
260 0 clueweb12-0211wb-44-00479 0
275 0 clueweb12-1716wb-33-20508 1
300 0 clueweb12-0209wb-19-15523 0
282 0 clueweb12-1804wb-49-27052 0
259 0 clueweb12-0206wb-36-06413 1
269 0 clueweb12-1607wb-52-08433 0
300 0 clueweb12-0008wb-97-31282 0
260 0 clueweb12-0401wb-71-11434 0
284 0 clueweb12-0905wb-66-29353 2
277 0 clueweb12-0111wb-48-04357 2
298 0 clueweb12-0106wb-43-14232 2
282 0 clueweb12-1716wb-48-01664 0
276 0 clueweb12-1801wb-82-16440 2
263 0 clueweb12-0812wb-54-19828 1
256 0 clueweb12-0102wb-45-05583 1
285 0 clueweb12-1011wb-51-04256 1
264 0 clueweb12-0003wb-63-26358 0
283 0 clueweb12-1302wb-65-03071 0
294 0 clueweb12-1608wb-20-11129 0
258 0 clueweb12-1700wb-63-03701 1
259 0 clueweb12-0204wb-70-10411 0
263 0 clueweb12-1301wb-87-24588 1
255 0 clueweb12-1300tw-46-08242 0
282 0 clueweb12-0807wb-96-19841 1
294 0 clueweb12-0104wb-06-02782 1
263 0 clueweb12-1311wb-34-02408 1
279 0 clueweb12-0907wb-57-13873 0
258 0 clueweb12-0200tw-09-09820 1
270 0 clueweb12-1810wb-50-19041 0
277 0 clueweb12-0501wb-82-02158 2
260 0 clueweb12-1407wb-35-05796 0
294 0 clueweb12-0210wb-22-13081 1
265 0 clueweb12-0210wb-72-05308 0
297 0 clueweb12-1006wb-82-23171 1
280 0 clueweb12-0000wb-74-01857 0
258 0 clueweb12-0111wb-63-32404 0
266 0 clueweb12-0008wb-14-11477 0
263 0 clueweb12-0410wb-17-19175 1
263 0 clueweb12-0410wb-17-19173 1
284 0 clueweb12-0201wb-52-14802 1
293 0 clueweb12-1505wb-81-02088 3
268 0 clueweb12-0005wb-77-37775 0
287 0 clueweb12-0008wb-01-03881 0
251 0 clueweb12-0300wb-74-09092 1
273 0 clueweb12-0100wb-66-19683 0
263 0 clueweb12-0301wb-59-26314 1
274 0 clueweb12-1415wb-31-14848 0
285 0 clueweb12-1212wb-64-00681 0
265 0 clueweb12-0700wb-29-22478 0
288 0 clueweb12-0005wb-75-26524 1
284 0 clueweb12-1905wb-54-24768 1
261 0 clueweb12-1603wb-53-31032 0
279 0 clueweb12-0204wb-32-17966 0
286 0 clueweb12-0208wb-89-23115 0
298 0 clueweb12-0206wb-97-00929 0
252 0 clueweb12-0211wb-58-15716 1
300 0 clueweb12-1407wb-08-24438 1
260 0 clueweb12-0200wb-82-31098 0
261 0 clueweb12-1400wb-06-21425 0
290 0 clueweb12-0308wb-17-22582 0
263 0 clueweb12-0410wb-97-01696 0
275 0 clueweb12-0012wb-26-20810 0
266 0 clueweb12-0005wb-26-11153 2
257 0 clueweb12-0000wb-97-21920 2
258 0 clueweb12-1211wb-51-35745 0
275 0 clueweb12-0203wb-22-23528 0
251 0 clueweb12-0302wb-00-17272 1
259 0 clueweb12-0508wb-12-27563 1
260 0 clueweb12-0001wb-84-06909 0
256 0 clueweb12-0308wb-19-00224 1
254 0 clueweb12-1907wb-69-16873 2
279 0 clueweb12-1016wb-99-11753 0
261 0 clueweb12-0713wb-75-10216 0
261 0 clueweb12-1909wb-40-23233 0
271 0 clueweb12-0107wb-05-07348 0
281 0 clueweb12-1716wb-97-15513 0
272 0 clueweb12-0102wb-72-20805 0
284 0 clueweb12-0203wb-89-07429 1
280 0 clueweb12-0206wb-34-08034 0
280 0 clueweb12-0206wb-34-08045 0
280 0 clueweb12-0001wb-81-29716 1
253 0 clueweb12-1801wb-80-23017 0
285 0 clueweb12-0206wb-45-06125 2
285 0 clueweb12-1011wb-04-23243 1
293 0 clueweb12-0700wb-08-06785 0
253 0 clueweb12-0302wb-78-11248 3
292 0 clueweb12-1507wb-87-05435 3
264 0 clueweb12-1806wb-28-08663 -2
259 0 clueweb12-0103wb-46-28341 0
275 0 clueweb12-1503wb-97-21894 0
264 0 clueweb12-0105wb-06-01001 1
273 0 clueweb12-0108wb-83-27176 0
288 0 clueweb12-0500wb-39-14276 1
288 0 clueweb12-0102wb-77-17364 2
278 0 clueweb12-0005wb-69-26100 0
261 0 clueweb12-0206wb-55-26925 0
284 0 clueweb12-0305wb-49-04075 3
260 0 clueweb12-1104wb-77-05531 1
280 0 clueweb12-0500wb-54-13737 0
295 0 clueweb12-0302wb-57-07596 0
277 0 clueweb12-0500wb-79-33271 1
251 0 clueweb12-0203wb-40-09484 0
252 0 clueweb12-0300wb-39-20859 0
274 0 clueweb12-1012wb-20-29436 0
255 0 clueweb12-0001wb-71-00678 0
255 0 clueweb12-1208wb-10-02152 0
296 0 clueweb12-0202wb-84-03890 0
266 0 clueweb12-1904wb-15-04332 2
252 0 clueweb12-0604wb-21-26646 1
267 0 clueweb12-0307wb-64-03284 3
267 0 clueweb12-0307wb-64-03286 0
263 0 clueweb12-1011wb-91-24543 1
276 0 clueweb12-0002wb-49-11050 1
251 0 clueweb12-0701wb-65-23025 1
287 0 clueweb12-0202wb-15-00140 0
287 0 clueweb12-0309wb-61-01518 3
296 0 clueweb12-0108wb-52-08218 1
287 0 clueweb12-0202wb-44-22868 1
256 0 clueweb12-0101wb-42-00976 0
272 0 clueweb12-0202wb-51-27669 1
270 0 clueweb12-0812wb-55-28424 0
253 0 clueweb12-0107wb-82-29113 1
279 0 clueweb12-0710wb-46-13533 1
291 0 clueweb12-0211wb-29-34322 0
294 0 clueweb12-1400wb-43-11597 2
259 0 clueweb12-1311wb-07-13454 1
276 0 clueweb12-0206wb-59-15108 2
272 0 clueweb12-0111wb-14-19860 1
270 0 clueweb12-0107wb-13-04299 0
298 0 clueweb12-0101wb-95-12918 0
280 0 clueweb12-0713wb-64-22454 0
267 0 clueweb12-0005wb-13-01688 3
298 0 clueweb12-0001wb-72-20544 2
282 0 clueweb12-0006wb-19-16066 1
271 0 clueweb12-0918wb-07-04004 0
287 0 clueweb12-1408wb-10-10052 0
292 0 clueweb12-0302wb-88-30548 2
282 0 clueweb12-0205wb-68-09923 1
264 0 clueweb12-0202wb-24-18118 0
264 0 clueweb12-0202wb-24-18119 0
260 0 clueweb12-0013wb-32-23203 0
263 0 clueweb12-0111wb-37-28047 1
259 0 clueweb12-0806wb-24-36807 0
263 0 clueweb12-0206wb-97-08530 1
262 0 clueweb12-0711wb-73-13797 0
299 0 clueweb12-1500tw-35-13601 1
291 0 clueweb12-0209wb-80-17879 2
256 0 clueweb12-0100wb-83-12566 1
259 0 clueweb12-0206wb-01-00960 1
265 0 clueweb12-0000wt-00-05763 0
294 0 clueweb12-1800wb-36-20272 0
285 0 clueweb12-0200wb-89-08859 0
282 0 clueweb12-0012wb-38-22208 1
294 0 clueweb12-0012wb-80-24059 2
280 0 clueweb12-0201wb-43-28730 0
282 0 clueweb12-0406wb-67-05732 0
261 0 clueweb12-0108wb-06-28448 0
292 0 clueweb12-1715wb-69-08221 1
280 0 clueweb12-0201wb-43-28723 0
280 0 clueweb12-0201wb-43-28724 0
280 0 clueweb12-0201wb-43-28726 0
280 0 clueweb12-0201wb-43-28727 0
280 0 clueweb12-0201wb-43-28729 0
280 0 clueweb12-0201wb-43-28720 0
280 0 clueweb12-0201wb-43-28721 0
280 0 clueweb12-0201wb-43-28722 0
280 0 clueweb12-0201wb-43-28716 0
280 0 clueweb12-0201wb-43-28717 0
280 0 clueweb12-0201wb-43-28719 0
265 0 clueweb12-1700tw-44-06143 0
253 0 clueweb12-1908wb-93-27663 2
263 0 clueweb12-0912wb-19-18534 1
285 0 clueweb12-0201wb-91-32494 2
294 0 clueweb12-0910wb-48-03324 1
266 0 clueweb12-0404wb-44-10836 0
255 0 clueweb12-0003wb-91-16278 0
260 0 clueweb12-0901wb-51-12830 0
286 0 clueweb12-0006wb-43-29852 2
300 0 clueweb12-1900wb-83-26141 0
260 0 clueweb12-0104wb-21-26286 0
263 0 clueweb12-0509wb-79-22954 1
255 0 clueweb12-0300wb-48-14371 0
265 0 clueweb12-0200wb-21-05320 1
260 0 clueweb12-0006wb-62-27901 0
252 0 clueweb12-0602wb-51-25886 1
282 0 clueweb12-1303wb-65-09705 1
268 0 clueweb12-0706wb-57-29106 0
270 0 clueweb12-1810wb-62-14197 0
256 0 clueweb12-1005wb-56-13580 1
272 0 clueweb12-1409wb-17-12277 0
300 0 clueweb12-1414wb-48-07498 0
260 0 clueweb12-1507wb-06-20099 0
287 0 clueweb12-0103wb-87-16217 2
261 0 clueweb12-0308wb-65-14594 0
256 0 clueweb12-0300wb-34-06060 0
282 0 clueweb12-0304wb-25-21835 1
269 0 clueweb12-0210wb-82-20158 0
284 0 clueweb12-1905wb-38-11825 2
271 0 clueweb12-1009wb-06-13382 0
276 0 clueweb12-1311wb-13-05485 -2
260 0 clueweb12-0011wb-26-24115 0
251 0 clueweb12-0109wb-74-24051 0
294 0 clueweb12-0008wb-01-16785 0
286 0 clueweb12-0604wb-79-16062 0
297 0 clueweb12-0006wb-53-11037 1
277 0 clueweb12-0100wb-54-03953 0
277 0 clueweb12-1113wb-64-19328 2
277 0 clueweb12-0500wb-20-12250 2
257 0 clueweb12-0005wb-64-26572 0
257 0 clueweb12-0005wb-64-26573 0
260 0 clueweb12-0111wb-80-22351 0
261 0 clueweb12-0913wb-40-03582 0
273 0 clueweb12-0009wb-02-33926 0
279 0 clueweb12-0106wb-76-28076 0
264 0 clueweb12-0205wb-06-17542 0
283 0 clueweb12-0903wb-58-15852 3
297 0 clueweb12-0013wb-81-07782 1
297 0 clueweb12-0007wb-40-33923 1
256 0 clueweb12-1414wb-91-08242 0
252 0 clueweb12-1313wb-92-20024 0
275 0 clueweb12-0007wb-75-09623 0
294 0 clueweb12-1601wb-84-03913 1
293 0 clueweb12-1107wb-10-17787 1
286 0 clueweb12-0001wb-72-08986 2
280 0 clueweb12-0201wb-25-23693 0
277 0 clueweb12-0411wb-04-04644 2
277 0 clueweb12-0411wb-04-04645 1
261 0 clueweb12-0814wb-59-19361 0
294 0 clueweb12-0108wb-66-33863 2
276 0 clueweb12-0402wb-14-15558 1
263 0 clueweb12-1410wb-41-18867 1
283 0 clueweb12-0504wb-39-21766 0
277 0 clueweb12-0205wb-22-08054 0
263 0 clueweb12-0013wb-30-18071 1
264 0 clueweb12-0804wb-14-04187 -2
260 0 clueweb12-1111wb-36-13470 0
259 0 clueweb12-0106wb-00-00271 1
298 0 clueweb12-0502wb-33-20344 0
283 0 clueweb12-1206wb-42-35142 0
270 0 clueweb12-1810wb-20-17926 0
252 0 clueweb12-1111wb-00-22665 1
284 0 clueweb12-1012wb-82-00994 0
279 0 clueweb12-1020wb-09-10969 1
286 0 clueweb12-0603wb-75-12456 1
266 0 clueweb12-0105wb-25-24723 1
287 0 clueweb12-1205wb-23-07264 3
251 0 clueweb12-0105wb-14-23279 0
258 0 clueweb12-0305wb-34-08888 0
265 0 clueweb12-0202wb-77-04974 0
260 0 clueweb12-0108wb-72-16710 0
261 0 clueweb12-1908wb-83-13396 0
279 0 clueweb12-0106wb-91-04570 0
279 0 clueweb12-0106wb-91-04578 0
267 0 clueweb12-1101wb-24-32229 0
260 0 clueweb12-0210wb-69-02087 0
265 0 clueweb12-0300wb-73-29895 0
253 0 clueweb12-1403wb-20-10920 -2
291 0 clueweb12-0604wb-48-29715 0
289 0 clueweb12-0100wb-54-12336 0
286 0 clueweb12-0104wb-50-00674 2
284 0 clueweb12-0106wb-80-33653 2
294 0 clueweb12-0105wb-58-29516 2
300 0 clueweb12-0203wb-11-16944 1
264 0 clueweb12-0112wb-09-10763 2
274 0 clueweb12-0212wb-01-28382 0
251 0 clueweb12-0812wb-12-30064 1
292 0 clueweb12-0100wb-26-24991 2
268 0 clueweb12-1414wb-84-17916 0
284 0 clueweb12-0203wb-58-31278 1
277 0 clueweb12-1106wb-21-03022 0
283 0 clueweb12-0611wb-64-10550 0
286 0 clueweb12-0604wb-43-12473 1
283 0 clueweb12-1511wb-70-37781 0
284 0 clueweb12-0703wb-08-17627 1
276 0 clueweb12-0101wb-03-24304 1
294 0 clueweb12-1611wb-87-23512 0
251 0 clueweb12-1808wb-27-30044 0
281 0 clueweb12-0917wb-32-10927 1
270 0 clueweb12-0103wb-49-08795 0
287 0 clueweb12-0012wb-38-23757 0
300 0 clueweb12-0005wb-42-22338 0
265 0 clueweb12-0305wb-84-13398 0
282 0 clueweb12-1611wb-99-17086 0
272 0 clueweb12-0002wb-20-22398 0
270 0 clueweb12-0813wb-99-06312 0
263 0 clueweb12-0301wb-90-07029 1
263 0 clueweb12-0301wb-90-07030 0
286 0 clueweb12-0207wb-66-32350 0
277 0 clueweb12-0809wb-58-02622 0
300 0 clueweb12-1814wb-09-01376 1
296 0 clueweb12-0606wb-31-00084 2
253 0 clueweb12-0110wb-17-24972 0
297 0 clueweb12-0110wb-52-26509 1
279 0 clueweb12-0203wb-08-29480 3
283 0 clueweb12-0904wb-79-19661 1
253 0 clueweb12-1712wb-27-05829 1
291 0 clueweb12-1101wb-23-08254 0
282 0 clueweb12-0600wb-92-19254 0
286 0 clueweb12-0207wb-66-32356 0
280 0 clueweb12-0907wb-19-19531 2
263 0 clueweb12-0817wb-08-14040 0
296 0 clueweb12-0112wb-27-00162 1
254 0 clueweb12-0305wb-42-06791 2
300 0 clueweb12-0009wb-83-17449 0
290 0 clueweb12-0210wb-79-14058 0
300 0 clueweb12-1306wb-90-07148 0
272 0 clueweb12-0202wb-46-15232 0
284 0 clueweb12-0003wb-97-32350 1
254 0 clueweb12-0309wb-01-03408 0
291 0 clueweb12-0603wb-23-29842 0
263 0 clueweb12-1012wb-52-23694 1
284 0 clueweb12-0110wb-38-23919 2
251 0 clueweb12-0202wb-02-31960 1
255 0 clueweb12-0110wb-52-30355 0
265 0 clueweb12-0604wb-41-06839 0
274 0 clueweb12-0108wb-99-22215 0
277 0 clueweb12-0306wb-59-01830 0
281 0 clueweb12-0815wb-85-13470 0
251 0 clueweb12-1700wb-91-30387 1
279 0 clueweb12-1405wb-50-01995 2
256 0 clueweb12-0808wb-97-04216 0
258 0 clueweb12-0203wb-38-24032 0
257 0 clueweb12-0010wb-47-10831 1
291 0 clueweb12-1612wb-28-24075 0
259 0 clueweb12-0009wb-86-12256 1
264 0 clueweb12-1608wb-67-02074 0
256 0 clueweb12-1407wb-89-02629 1
275 0 clueweb12-0400wb-20-29317 0
257 0 clueweb12-0206wb-96-10669 1
263 0 clueweb12-0200wb-87-11097 1
288 0 clueweb12-1716wb-60-02036 1
286 0 clueweb12-0208wb-06-09496 2
293 0 clueweb12-0604wb-33-16902 1
266 0 clueweb12-0208wb-08-18950 2
295 0 clueweb12-0301wb-89-07842 2
286 0 clueweb12-0211wb-96-09771 0
291 0 clueweb12-0708wb-72-16301 0
263 0 clueweb12-0101wb-60-18376 1
288 0 clueweb12-0201wb-12-05899 -2
288 0 clueweb12-0305wb-84-16910 0
252 0 clueweb12-1414wb-34-15962 0
300 0 clueweb12-0202wb-74-07778 0
297 0 clueweb12-1414wb-43-13919 1
264 0 clueweb12-1210wb-26-17237 1
263 0 clueweb12-0804wb-90-07651 2
296 0 clueweb12-1007wb-87-27722 1
253 0 clueweb12-0207wb-50-27273 1
263 0 clueweb12-0108wb-05-18603 1
254 0 clueweb12-1710wb-43-30924 1
284 0 clueweb12-0701wb-88-25930 2
283 0 clueweb12-0903wb-20-32090 3
265 0 clueweb12-0001wb-50-32895 1
300 0 clueweb12-0509wb-62-13011 0
254 0 clueweb12-0109wb-29-13900 1
267 0 clueweb12-1008wb-40-09713 0
283 0 clueweb12-0506wb-41-21966 0
298 0 clueweb12-0302wb-81-13626 0
277 0 clueweb12-0501wb-65-33991 1
294 0 clueweb12-0908wb-44-06600 1
297 0 clueweb12-0100wb-02-32732 0
263 0 clueweb12-1012wb-03-07108 1
279 0 clueweb12-0006wb-18-09174 1
274 0 clueweb12-1810wb-57-17318 1
293 0 clueweb12-1506wb-43-04044 1
300 0 clueweb12-1308wb-46-23553 0
259 0 clueweb12-0708wb-75-04894 1
279 0 clueweb12-0008wb-21-07676 0
277 0 clueweb12-0201wb-71-28829 2
290 0 clueweb12-0406wb-69-24276 0
255 0 clueweb12-0102wb-90-16858 0
256 0 clueweb12-0100wb-88-00398 0
265 0 clueweb12-0304wb-88-01100 0
264 0 clueweb12-0307wb-17-18888 0
269 0 clueweb12-1714wb-47-26799 0
263 0 clueweb12-0509wb-80-04857 1
284 0 clueweb12-1909wb-91-25726 0
282 0 clueweb12-0210wb-11-26256 1
264 0 clueweb12-0908wb-02-16877 -2
288 0 clueweb12-0002wb-24-02632 0
286 0 clueweb12-0207wb-18-32748 0
296 0 clueweb12-0104wb-36-02399 1
263 0 clueweb12-0001wb-02-03740 0
269 0 clueweb12-1506wb-69-14569 0
284 0 clueweb12-0300wb-37-17555 1
284 0 clueweb12-0300wb-37-17556 1
284 0 clueweb12-0300wb-37-17554 3
284 0 clueweb12-0300wb-37-17557 1
255 0 clueweb12-1006wb-62-26357 0
264 0 clueweb12-1608wb-45-15716 1
272 0 clueweb12-0500wb-18-24899 1
298 0 clueweb12-0012wb-72-31492 1
297 0 clueweb12-0310wb-59-25351 1
259 0 clueweb12-1713wb-88-30050 0
295 0 clueweb12-1900wb-12-07350 0
276 0 clueweb12-0100wb-59-19625 1
251 0 clueweb12-0915wb-99-28778 1
266 0 clueweb12-0811wb-53-20872 1
263 0 clueweb12-0105wb-88-30279 1
266 0 clueweb12-0300wb-36-00977 2
288 0 clueweb12-0312wb-32-16152 1
284 0 clueweb12-0300wb-93-00696 1
286 0 clueweb12-0504wb-37-12529 1
259 0 clueweb12-1507wb-52-10725 1
289 0 clueweb12-1501wb-93-21048 0
286 0 clueweb12-0604wb-96-05840 1
271 0 clueweb12-1415wb-35-11984 0
290 0 clueweb12-1505wb-75-16799 1
259 0 clueweb12-1212wb-05-31013 0
293 0 clueweb12-0602wb-35-28407 0
282 0 clueweb12-0304wb-57-00862 0
282 0 clueweb12-0303wb-16-02820 1
277 0 clueweb12-1115wb-76-16920 2
279 0 clueweb12-1811wb-77-06971 1
272 0 clueweb12-1710wb-20-25363 1
264 0 clueweb12-0108wb-56-11336 0
259 0 clueweb12-0300wb-34-17305 0
294 0 clueweb12-0300wb-62-04920 2
300 0 clueweb12-0711wb-92-16550 0
290 0 clueweb12-0606wb-92-02660 0
280 0 clueweb12-0302wb-38-04351 1
277 0 clueweb12-0309wb-30-01896 2
251 0 clueweb12-0608wb-08-26935 1
263 0 clueweb12-0306wb-42-21860 2
284 0 clueweb12-0205wb-42-19379 1
263 0 clueweb12-1012wb-62-12874 1
263 0 clueweb12-0207wb-04-32185 1
279 0 clueweb12-0006wb-40-16350 1
251 0 clueweb12-0909wb-74-24364 0
264 0 clueweb12-1811wb-47-12328 0
265 0 clueweb12-0602wb-68-02683 0
275 0 clueweb12-0001wb-27-33452 0
286 0 clueweb12-1404wb-00-29423 0
284 0 clueweb12-0211wb-84-32635 2
253 0 clueweb12-1308wb-63-18981 -2
286 0 clueweb12-0211wb-56-03630 0
280 0 clueweb12-0701wb-49-16197 0
256 0 clueweb12-1006wb-15-31194 0
263 0 clueweb12-0304wb-11-16069 0
290 0 clueweb12-0807wb-81-15813 1
256 0 clueweb12-0013wb-66-19329 0
270 0 clueweb12-0305wb-70-20734 2
277 0 clueweb12-0502wb-07-22404 0
277 0 clueweb12-0502wb-07-22405 2
280 0 clueweb12-0201wb-15-23971 0
254 0 clueweb12-0503wb-89-02816 0
279 0 clueweb12-0108wb-06-12454 0
268 0 clueweb12-1500wb-75-24112 0
276 0 clueweb12-1106wb-00-07670 1
294 0 clueweb12-0717wb-14-22219 2
282 0 clueweb12-1303wb-58-13960 1
271 0 clueweb12-0011wb-89-20043 0
251 0 clueweb12-0202wb-39-22291 0
270 0 clueweb12-0103wb-21-14308 0
264 0 clueweb12-1118wb-68-27347 -2
282 0 clueweb12-1303wb-58-13959 1
251 0 clueweb12-0602wb-37-17314 1
260 0 clueweb12-0001wb-39-11996 0
263 0 clueweb12-1111wb-43-06707 1
287 0 clueweb12-0703wb-34-28772 -2
260 0 clueweb12-0210wb-08-33715 0
256 0 clueweb12-0100wb-66-00383 0
277 0 clueweb12-0111wb-04-30680 2
273 0 clueweb12-1408wb-45-16491 4
286 0 clueweb12-0013wb-32-27068 1
278 0 clueweb12-1017wb-38-03259 0
292 0 clueweb12-0203wb-56-24771 1
285 0 clueweb12-0304wb-20-02163 2
256 0 clueweb12-0917wb-32-01347 0
284 0 clueweb12-0301wb-96-01977 1
262 0 clueweb12-0713wb-76-12082 0
294 0 clueweb12-0108wb-84-31944 1
279 0 clueweb12-0111wb-42-21880 1
298 0 clueweb12-0101wb-74-04262 0
260 0 clueweb12-0509wb-96-15279 0
280 0 clueweb12-0302wb-46-23983 0
254 0 clueweb12-0010wb-95-15797 1
297 0 clueweb12-0100wb-94-29641 1
296 0 clueweb12-0012wb-41-09681 1
252 0 clueweb12-0800wb-13-08207 0
291 0 clueweb12-0211wb-44-03984 2
264 0 clueweb12-0911wb-18-02281 0
279 0 clueweb12-0818wb-85-20859 0
298 0 clueweb12-0302wb-17-24614 0
279 0 clueweb12-1512wb-09-20109 0
263 0 clueweb12-1018wb-51-21009 0
294 0 clueweb12-0206wb-21-10676 1
260 0 clueweb12-0203wb-94-29691 0
252 0 clueweb12-0211wb-66-14474 1
261 0 clueweb12-0101wb-24-00444 0
271 0 clueweb12-1612wb-92-24508 0
251 0 clueweb12-0208wb-82-22192 0
265 0 clueweb12-0305wb-06-01310 0
251 0 clueweb12-0611wb-31-01934 1
284 0 clueweb12-0212wb-08-19414 1
293 0 clueweb12-0816wb-30-18040 1
263 0 clueweb12-0511wb-04-18265 1
256 0 clueweb12-0604wb-42-26374 0
278 0 clueweb12-1904wb-00-14593 0
266 0 clueweb12-0611wb-01-13185 0
261 0 clueweb12-0912wb-83-24100 0
251 0 clueweb12-1311wb-78-02668 1
259 0 clueweb12-0106wb-42-31557 1
256 0 clueweb12-0205wb-64-05650 0
264 0 clueweb12-0103wb-21-15537 0
298 0 clueweb12-0003wb-01-25929 0
261 0 clueweb12-0912wb-83-24099 0
251 0 clueweb12-1804wb-20-18328 1
285 0 clueweb12-0918wb-22-13512 1
251 0 clueweb12-0604wb-92-22824 1
288 0 clueweb12-0506wb-26-16547 1
300 0 clueweb12-0509wb-25-06472 2
285 0 clueweb12-0011wb-99-03205 2
264 0 clueweb12-1704wb-19-02190 0
291 0 clueweb12-1210wb-91-08994 1
275 0 clueweb12-1415wb-52-03107 0
251 0 clueweb12-0404wb-70-01801 1
280 0 clueweb12-1503wb-86-08055 2
255 0 clueweb12-0005wb-20-21174 0
277 0 clueweb12-0200wb-36-20047 0
280 0 clueweb12-0201wb-34-14994 0
280 0 clueweb12-0201wb-34-14992 0
280 0 clueweb12-0201wb-34-14991 0
257 0 clueweb12-0106wb-14-22516 2
265 0 clueweb12-0602wb-11-00186 0
280 0 clueweb12-0201wb-34-14988 0
280 0 clueweb12-0201wb-34-14983 0
280 0 clueweb12-0201wb-34-14984 0
280 0 clueweb12-0201wb-34-14981 0
276 0 clueweb12-0205wb-69-00527 1
264 0 clueweb12-0310wb-49-22320 1
263 0 clueweb12-0101wb-46-04144 1
263 0 clueweb12-0101wb-46-04145 1
276 0 clueweb12-0000wb-61-09631 3
263 0 clueweb12-0001wb-17-00071 1
263 0 clueweb12-1310wb-70-30449 1
251 0 clueweb12-0012wb-33-31849 1
276 0 clueweb12-1701wb-76-08569 1
291 0 clueweb12-0815wb-58-21913 0
285 0 clueweb12-0201wb-56-06614 0
254 0 clueweb12-1307wb-55-11291 1
268 0 clueweb12-0400tw-26-06377 2
263 0 clueweb12-0108wb-90-20895 1
295 0 clueweb12-0301wb-73-35465 0
254 0 clueweb12-0609wb-39-21044 1
254 0 clueweb12-0609wb-39-21041 1
285 0 clueweb12-0709wb-27-19220 3
253 0 clueweb12-1020wb-18-06191 0
286 0 clueweb12-0000wb-46-22718 2
277 0 clueweb12-0411wb-96-25607 2
272 0 clueweb12-0711wb-37-03949 2
263 0 clueweb12-0714wb-42-13622 0
272 0 clueweb12-0711wb-37-03948 1
272 0 clueweb12-0711wb-37-03947 1
272 0 clueweb12-0711wb-37-03946 1
284 0 clueweb12-1101tw-06-01290 1
282 0 clueweb12-0405wb-00-25777 0
262 0 clueweb12-0809wb-97-11108 1
270 0 clueweb12-0201wb-82-13625 1
272 0 clueweb12-0711wb-37-03964 2
286 0 clueweb12-0605wb-32-10278 0
253 0 clueweb12-0605wb-83-21232 -2
265 0 clueweb12-0304wb-14-27166 0
254 0 clueweb12-1802wb-59-27704 1
287 0 clueweb12-1813wb-17-14141 0
285 0 clueweb12-0602wb-48-06594 1
284 0 clueweb12-1906wb-48-04400 1
266 0 clueweb12-0501wb-83-18051 2
288 0 clueweb12-1403wb-53-05986 0
256 0 clueweb12-1202wb-53-25247 1
277 0 clueweb12-0410wb-93-29178 2
297 0 clueweb12-0307wb-97-22203 1
252 0 clueweb12-0818wb-53-25680 1
265 0 clueweb12-0112wb-37-19766 0
284 0 clueweb12-0211wb-69-08330 2
285 0 clueweb12-0205wb-03-30363 3
258 0 clueweb12-0305wb-05-16619 1
286 0 clueweb12-0211wb-79-29280 1
252 0 clueweb12-0210wb-54-02069 0
297 0 clueweb12-0512wb-27-32667 -2
275 0 clueweb12-0401wb-09-22155 0
263 0 clueweb12-0109wb-30-30598 1
298 0 clueweb12-0604wb-96-25253 0
286 0 clueweb12-0606wb-76-08963 0
251 0 clueweb12-0009wb-84-05357 0
272 0 clueweb12-1707wb-60-20263 1
261 0 clueweb12-1316wb-34-07307 0
271 0 clueweb12-0300wb-42-14852 0
277 0 clueweb12-1705wb-28-06178 1
278 0 clueweb12-0109wb-32-30936 0
277 0 clueweb12-0816wb-90-01422 0
259 0 clueweb12-0408wb-10-32391 0
251 0 clueweb12-0009wb-84-05364 1
282 0 clueweb12-0000wb-90-06227 0
257 0 clueweb12-0609wb-68-30544 1
267 0 clueweb12-0401wb-77-02942 3
261 0 clueweb12-0917wb-99-02689 0
269 0 clueweb12-1302wb-63-02246 0
266 0 clueweb12-1501wb-17-13663 0
300 0 clueweb12-1602wb-38-31097 0
254 0 clueweb12-1019wb-68-21049 2
300 0 clueweb12-1011wb-52-07910 1
266 0 clueweb12-1500wb-91-11276 2
282 0 clueweb12-0715wb-25-00790 1
294 0 clueweb12-0210wb-22-09773 0
260 0 clueweb12-0308wb-23-18757 0
264 0 clueweb12-1805wb-83-10631 2
286 0 clueweb12-0903wb-18-26168 0
264 0 clueweb12-0310wb-73-27516 0
265 0 clueweb12-1600tw-23-00158 0
286 0 clueweb12-0208wb-21-34895 0
256 0 clueweb12-0403wb-69-11458 0
260 0 clueweb12-1011wb-54-15182 0
255 0 clueweb12-0100wb-22-04339 0
261 0 clueweb12-1207wb-94-14316 0
265 0 clueweb12-0804wb-17-21745 0
292 0 clueweb12-0716wb-50-03724 0
258 0 clueweb12-1701wb-13-14909 0
279 0 clueweb12-0106wb-33-07828 0
279 0 clueweb12-0106wb-33-07832 0
289 0 clueweb12-0202wb-03-29328 0
300 0 clueweb12-0007wb-55-08186 0
263 0 clueweb12-0013wb-20-02953 0
261 0 clueweb12-0002wb-81-15091 0
284 0 clueweb12-1909wb-93-05824 0
284 0 clueweb12-1909wb-93-05821 0
276 0 clueweb12-0914wb-71-20426 0
263 0 clueweb12-0811wb-57-10612 1
279 0 clueweb12-0106wb-33-07826 0
291 0 clueweb12-1615wb-32-20418 0
272 0 clueweb12-1812wb-96-14193 1
285 0 clueweb12-1401wb-59-02463 1
294 0 clueweb12-0309wb-31-09866 0
294 0 clueweb12-0309wb-31-09869 0
269 0 clueweb12-1007wb-50-12263 0
275 0 clueweb12-1310wb-57-17013 0
251 0 clueweb12-0409wb-75-31776 1
294 0 clueweb12-0911wb-46-09009 1
263 0 clueweb12-0811wb-53-11814 1
258 0 clueweb12-0104wb-65-05186 1
265 0 clueweb12-0201wb-44-14108 0
272 0 clueweb12-1200tw-23-10330 1
266 0 clueweb12-0502wb-47-11133 1
256 0 clueweb12-1111wb-91-20644 0
294 0 clueweb12-0909wb-00-23502 1
294 0 clueweb12-0909wb-00-23503 1
286 0 clueweb12-0913wb-50-16898 0
286 0 clueweb12-0913wb-50-16897 0
274 0 clueweb12-0911wb-44-28211 0
277 0 clueweb12-0107wb-86-03338 3
278 0 clueweb12-1206wb-96-02421 0
261 0 clueweb12-0818wb-82-19878 0
260 0 clueweb12-0604wb-32-28343 0
282 0 clueweb12-0009wb-65-03218 1
258 0 clueweb12-1304wb-63-25257 0
269 0 clueweb12-1201wb-31-15509 0
291 0 clueweb12-0006wb-46-20365 1
258 0 clueweb12-1304wb-63-25262 0
279 0 clueweb12-0106wb-39-21894 0
279 0 clueweb12-0106wb-39-21884 0
279 0 clueweb12-0205wb-38-15215 0
280 0 clueweb12-0201wb-52-24581 0
280 0 clueweb12-0201wb-52-24583 0
253 0 clueweb12-0602wb-15-18498 2
273 0 clueweb12-0303wb-20-32277 0
288 0 clueweb12-0110wb-31-16691 0
275 0 clueweb12-0303wb-06-30369 0
300 0 clueweb12-0307wb-91-01267 0
264 0 clueweb12-0602wb-30-18167 0
275 0 clueweb12-0916wb-33-17427 0
273 0 clueweb12-0400tw-40-09206 0
258 0 clueweb12-0010wb-99-09392 1
279 0 clueweb12-0107wb-50-06991 2
297 0 clueweb12-0200wb-79-05496 1
300 0 clueweb12-0206wb-26-32601 0
263 0 clueweb12-1012wb-84-04643 1
263 0 clueweb12-1012wb-84-04646 1
252 0 clueweb12-1110wb-87-15284 1
252 0 clueweb12-0211wb-49-00128 0
282 0 clueweb12-0302wb-19-28000 1
263 0 clueweb12-0807wb-82-29015 1
272 0 clueweb12-1504wb-84-10884 1
261 0 clueweb12-0206wb-16-32520 0
269 0 clueweb12-0005wb-15-19494 0
276 0 clueweb12-1311wb-41-33776 1
272 0 clueweb12-0302wb-03-26689 1
300 0 clueweb12-0511wb-05-19311 0
291 0 clueweb12-0000wt-00-04394 3
282 0 clueweb12-0211wb-08-14054 2
300 0 clueweb12-1207wb-45-12339 1
273 0 clueweb12-1408wb-79-01203 0
274 0 clueweb12-1012wb-04-14499 0
258 0 clueweb12-0208wb-36-35914 1
258 0 clueweb12-0208wb-36-35916 1
284 0 clueweb12-0211wb-91-25903 1
297 0 clueweb12-0009wb-54-19218 1
294 0 clueweb12-0903wb-44-00753 1
294 0 clueweb12-0013wb-79-10978 0
271 0 clueweb12-0917wb-19-17237 0
263 0 clueweb12-0816wb-41-01676 1
282 0 clueweb12-1415wb-04-31946 0
298 0 clueweb12-0103wb-71-14050 1
265 0 clueweb12-0301wb-84-27205 0
254 0 clueweb12-0311wb-54-18746 0
263 0 clueweb12-1017wb-85-17656 1
266 0 clueweb12-0205wb-41-21220 2
276 0 clueweb12-0904wb-11-15079 0
252 0 clueweb12-0204wb-75-27982 0
283 0 clueweb12-1508wb-58-26127 1
273 0 clueweb12-0510wb-74-19421 3
260 0 clueweb12-0105wb-11-16349 0
276 0 clueweb12-0002wb-84-27262 1
275 0 clueweb12-1807wb-64-15197 0
253 0 clueweb12-0409wb-64-27704 1
265 0 clueweb12-0106wb-36-03446 1
300 0 clueweb12-0008wb-08-06400 0
267 0 clueweb12-1201wb-32-16949 0
279 0 clueweb12-0602wb-77-23607 0
269 0 clueweb12-0108wb-52-11183 0
259 0 clueweb12-0201wb-69-05036 1
300 0 clueweb12-0401wb-82-25616 0
297 0 clueweb12-0601wb-45-14662 1
263 0 clueweb12-1516wb-70-21516 0
284 0 clueweb12-0201wb-49-27747 1
296 0 clueweb12-1116wb-84-09822 1
286 0 clueweb12-0109wb-84-20160 3
300 0 clueweb12-0208wb-35-32526 0
264 0 clueweb12-0108wb-44-32081 0
281 0 clueweb12-1006wb-56-05839 1
251 0 clueweb12-0507wb-45-01482 0
277 0 clueweb12-0502wb-30-15028 1
300 0 clueweb12-1802wb-75-04852 0
286 0 clueweb12-0108wb-79-24050 0
293 0 clueweb12-0812wb-79-28313 3
264 0 clueweb12-1314wb-37-16120 0
260 0 clueweb12-1800tw-26-18374 0
259 0 clueweb12-1611wb-01-27014 1
293 0 clueweb12-0208wb-18-25083 0
298 0 clueweb12-0011wb-27-01562 0
253 0 clueweb12-0109wb-79-14226 0
284 0 clueweb12-0212wb-00-05668 1
271 0 clueweb12-0203wb-47-25540 0
281 0 clueweb12-1006wb-68-04886 1
281 0 clueweb12-1006wb-68-04883 1
280 0 clueweb12-0207wb-71-33853 0
274 0 clueweb12-1500wb-48-00757 0
269 0 clueweb12-0011wb-90-24443 1
259 0 clueweb12-0210wb-39-15880 0
288 0 clueweb12-1809wb-54-24499 0
282 0 clueweb12-0004wb-37-21165 0
276 0 clueweb12-0608wb-53-26583 1
266 0 clueweb12-1813wb-62-33417 2
259 0 clueweb12-1311wb-25-02318 1
283 0 clueweb12-0203wb-75-22869 0
277 0 clueweb12-0302wb-48-18913 1
276 0 clueweb12-0510wb-92-24521 0
260 0 clueweb12-0107wb-24-00446 0
294 0 clueweb12-0012wb-95-07493 2
294 0 clueweb12-0012wb-95-07492 2
273 0 clueweb12-0704wb-18-00787 3
294 0 clueweb12-0012wb-95-07489 2
294 0 clueweb12-0012wb-95-07488 2
263 0 clueweb12-1502wb-68-16098 1
269 0 clueweb12-1507wb-14-24290 0
297 0 clueweb12-0010wb-21-01455 1
290 0 clueweb12-0408wb-05-19252 1
260 0 clueweb12-0910wb-27-15688 0
284 0 clueweb12-1906wb-82-11481 2
264 0 clueweb12-0112wb-45-02372 2
253 0 clueweb12-0807wb-12-26114 1
282 0 clueweb12-0800tw-63-01468 1
260 0 clueweb12-0701wb-02-22493 2
282 0 clueweb12-0714wb-52-18526 1
296 0 clueweb12-0111wb-22-13643 0
288 0 clueweb12-0400wb-18-27038 1
260 0 clueweb12-1004wb-72-01058 0
277 0 clueweb12-0202wb-76-08980 2
281 0 clueweb12-0205wb-81-11311 0
275 0 clueweb12-0102wb-76-00563 2
286 0 clueweb12-0200tw-50-02790 0
271 0 clueweb12-1716wb-31-14675 0
284 0 clueweb12-0201wb-94-29069 2
263 0 clueweb12-0000wb-33-17313 0
277 0 clueweb12-1813wb-49-05343 2
272 0 clueweb12-0500wb-28-30933 1
264 0 clueweb12-0211wb-06-26391 1
251 0 clueweb12-0013wb-19-06381 1
258 0 clueweb12-0200wb-70-02925 0
260 0 clueweb12-0817wb-51-05734 0
276 0 clueweb12-0011wb-83-02680 1
282 0 clueweb12-0012wb-14-26128 1
276 0 clueweb12-0201wb-32-03286 3
255 0 clueweb12-0209wb-87-08859 0
274 0 clueweb12-0212wb-18-25082 0
270 0 clueweb12-1706wb-34-23368 -2
294 0 clueweb12-0904wb-86-21332 0
296 0 clueweb12-0104wb-34-27718 1
278 0 clueweb12-0102wb-10-08151 0
276 0 clueweb12-0404wb-98-25218 1
294 0 clueweb12-0910wb-82-09687 1
277 0 clueweb12-0410wb-55-03376 2
273 0 clueweb12-0814wb-97-33574 3
282 0 clueweb12-0007wb-44-05472 1
260 0 clueweb12-0701wb-31-34405 0
285 0 clueweb12-0202wb-77-28040 1
293 0 clueweb12-0001wb-79-09856 -2
298 0 clueweb12-0207wb-18-13470 0
263 0 clueweb12-0301wb-89-27812 1
285 0 clueweb12-0008wb-65-14613 2
264 0 clueweb12-0111wb-37-29316 0
251 0 clueweb12-0507wb-97-18377 0
257 0 clueweb12-1205wb-05-27812 0
258 0 clueweb12-1508wb-55-09860 1
283 0 clueweb12-0200wb-32-30504 0
280 0 clueweb12-1405wb-99-17264 1
295 0 clueweb12-1404wb-30-04190 2
265 0 clueweb12-1500tw-09-09282 0
282 0 clueweb12-0806wb-66-16736 1
282 0 clueweb12-0004wb-64-23658 1
300 0 clueweb12-1308wb-94-15472 0
272 0 clueweb12-0301wb-70-14693 1
272 0 clueweb12-0301wb-70-14694 1
277 0 clueweb12-0411wb-43-08123 1
290 0 clueweb12-0307wb-53-03327 1
259 0 clueweb12-0104wb-98-03589 1
288 0 clueweb12-0603wb-46-02481 1
278 0 clueweb12-0010wb-63-12286 0
264 0 clueweb12-0501wb-12-03358 1
281 0 clueweb12-0013wb-37-01539 1
260 0 clueweb12-1600wb-89-18714 0
278 0 clueweb12-1207wb-31-19417 0
300 0 clueweb12-0000wb-17-37068 0
264 0 clueweb12-0111wb-56-25840 1
262 0 clueweb12-0207wb-71-13171 1
268 0 clueweb12-1900wb-11-30803 3
285 0 clueweb12-0302wb-63-02475 2
280 0 clueweb12-1401wb-34-25618 0
256 0 clueweb12-0105wb-51-20667 1
272 0 clueweb12-0301wb-77-23338 1
286 0 clueweb12-0603wb-92-22177 0
278 0 clueweb12-0108wb-20-08393 0
275 0 clueweb12-1211wb-50-05010 0
258 0 clueweb12-0917wb-99-03785 1
277 0 clueweb12-0013wb-19-19271 1
254 0 clueweb12-0107wb-90-11097 1
260 0 clueweb12-1813wb-04-04380 0
263 0 clueweb12-0100wb-63-30798 0
263 0 clueweb12-0810wb-39-17690 1
260 0 clueweb12-1702wb-10-26460 2
260 0 clueweb12-0110wb-58-29350 0
285 0 clueweb12-0202wb-27-20013 2
277 0 clueweb12-1113wb-81-07411 2
258 0 clueweb12-0002wb-07-11211 0
259 0 clueweb12-0205wb-59-04994 0
258 0 clueweb12-1801wb-63-05716 0
297 0 clueweb12-0309wb-47-23875 1
263 0 clueweb12-0108wb-19-00881 1
272 0 clueweb12-0301wb-70-14701 1
263 0 clueweb12-0207wb-20-00001 1
255 0 clueweb12-0207wb-12-01071 0
280 0 clueweb12-0011wb-93-01101 2
259 0 clueweb12-0312wb-20-01675 0
281 0 clueweb12-0100wb-98-29937 0
268 0 clueweb12-1612wb-83-00177 2
288 0 clueweb12-0008wb-50-22625 2
260 0 clueweb12-0904wb-09-24342 0
256 0 clueweb12-1407wb-78-17064 0
270 0 clueweb12-1810wb-70-07755 0
286 0 clueweb12-0309wb-38-19902 2
288 0 clueweb12-0306wb-62-11169 2
280 0 clueweb12-0000wb-47-32511 0
277 0 clueweb12-0709wb-93-16709 0
282 0 clueweb12-0005wb-89-11233 1
263 0 clueweb12-0112wb-62-25393 0
267 0 clueweb12-0005wb-76-04504 1
278 0 clueweb12-1610wb-27-03400 0
294 0 clueweb12-0309wb-43-03276 0
287 0 clueweb12-0206wb-07-16595 0
294 0 clueweb12-0309wb-43-03269 0
300 0 clueweb12-0006wb-32-27197 0
277 0 clueweb12-0501wb-11-12738 0
286 0 clueweb12-0209wb-67-19499 0
251 0 clueweb12-0306wb-57-33461 1
252 0 clueweb12-0301wb-20-00459 0
261 0 clueweb12-1616wb-95-34770 0
254 0 clueweb12-0206wb-14-13602 1
282 0 clueweb12-1303wb-55-08405 1
285 0 clueweb12-0912wb-50-08838 1
279 0 clueweb12-0106wb-68-32455 0
282 0 clueweb12-0200wb-79-18181 1
279 0 clueweb12-0106wb-68-32451 0
281 0 clueweb12-0405wb-14-02869 0
284 0 clueweb12-0210wb-07-11141 0
264 0 clueweb12-0204wb-93-28737 1
256 0 clueweb12-0205wb-25-02660 0
273 0 clueweb12-0405wb-69-01567 0
275 0 clueweb12-0203wb-09-00397 1
265 0 clueweb12-0304wb-22-06981 0
298 0 clueweb12-0002wb-71-05896 1
269 0 clueweb12-0508wb-90-30612 0
286 0 clueweb12-0211wb-12-29252 0
300 0 clueweb12-1811wb-49-13206 2
284 0 clueweb12-0307wb-43-01242 1
275 0 clueweb12-1712wb-80-03389 0
263 0 clueweb12-0304wb-26-06359 1
273 0 clueweb12-0007wb-33-06211 0
275 0 clueweb12-0209wb-66-29360 0
266 0 clueweb12-0512wb-62-06691 2
256 0 clueweb12-0102wb-80-17807 0
263 0 clueweb12-0201wb-82-17113 1
263 0 clueweb12-1605wb-64-31845 1
266 0 clueweb12-0205wb-34-25636 1
257 0 clueweb12-0512wb-47-10960 1
294 0 clueweb12-0309wb-59-22279 0
251 0 clueweb12-0807wb-96-19628 1
300 0 clueweb12-0003wb-08-38629 0
264 0 clueweb12-0100wb-47-02266 2
294 0 clueweb12-0309wb-59-22298 0
264 0 clueweb12-0713wb-36-14339 0
288 0 clueweb12-1802wb-03-20736 0
293 0 clueweb12-0201wb-36-26663 1
287 0 clueweb12-1710wb-51-09108 2
281 0 clueweb12-1203wb-03-01031 0
280 0 clueweb12-0200wb-52-23121 0
274 0 clueweb12-0111wb-23-30652 1
279 0 clueweb12-0108wb-99-17118 1
294 0 clueweb12-1611wb-05-01060 0
278 0 clueweb12-0610wb-28-19394 0
276 0 clueweb12-0108wb-29-29169 2
259 0 clueweb12-0005wb-82-35758 0
280 0 clueweb12-0000wb-33-34663 2
288 0 clueweb12-1021wb-11-09865 1
273 0 clueweb12-1703wb-07-15806 3
271 0 clueweb12-0409wb-87-33257 0
298 0 clueweb12-0209wb-31-12924 1
276 0 clueweb12-1301wb-40-07347 3
256 0 clueweb12-0100wb-92-19973 1
260 0 clueweb12-0007wb-89-26297 0
294 0 clueweb12-0309wb-59-22312 0
252 0 clueweb12-0208wb-95-20400 0
260 0 clueweb12-1316wb-05-30341 0
296 0 clueweb12-0109wb-42-24008 1
294 0 clueweb12-0910wb-64-03117 1
293 0 clueweb12-1106wb-31-19353 2
288 0 clueweb12-0811wb-62-08623 1
279 0 clueweb12-0800tw-60-22612 0
300 0 clueweb12-1109wb-17-03264 1
264 0 clueweb12-0012wb-42-25191 -2
279 0 clueweb12-0303wb-79-26282 1
300 0 clueweb12-1603wb-43-11329 2
282 0 clueweb12-0711wb-32-10066 1
284 0 clueweb12-0203wb-80-05752 1
276 0 clueweb12-1301wb-38-32756 2
264 0 clueweb12-0004wb-62-26053 0
286 0 clueweb12-0605wb-96-14497 0
253 0 clueweb12-1012wb-13-11360 0
300 0 clueweb12-0202wb-87-08263 0
256 0 clueweb12-0101wb-02-03146 1
256 0 clueweb12-0101wb-02-03138 0
263 0 clueweb12-0705wb-38-13067 0
260 0 clueweb12-1509wb-89-13201 0
272 0 clueweb12-0006wb-23-20707 0
273 0 clueweb12-0603wb-88-16009 3
269 0 clueweb12-0108wb-24-29189 0
292 0 clueweb12-1705wb-37-09249 1
282 0 clueweb12-0101wb-10-12743 1
269 0 clueweb12-0103wb-49-31726 1
261 0 clueweb12-0108wb-83-27468 0
256 0 clueweb12-0700wb-00-30925 0
295 0 clueweb12-0202wb-26-17075 0
255 0 clueweb12-0001wb-99-23266 0
263 0 clueweb12-1305wb-99-02483 0
265 0 clueweb12-0201wb-81-13471 0
251 0 clueweb12-0012wb-36-23232 1
255 0 clueweb12-0307wb-24-21988 0
282 0 clueweb12-0210wb-22-33564 1
255 0 clueweb12-0307wb-24-21991 0
293 0 clueweb12-1107wb-59-27389 0
269 0 clueweb12-0110wb-02-20866 0
269 0 clueweb12-0110wb-02-20864 0
278 0 clueweb12-0612wb-18-02131 0
294 0 clueweb12-1603wb-27-13629 1
269 0 clueweb12-1907wb-65-23305 1
286 0 clueweb12-0604wb-86-22821 0
279 0 clueweb12-0112wb-03-22838 0
271 0 clueweb12-1606wb-21-06057 0
252 0 clueweb12-0206wb-88-17639 1
263 0 clueweb12-0008wb-70-20901 0
264 0 clueweb12-1510wb-17-07477 0
300 0 clueweb12-1516wb-66-19957 0
277 0 clueweb12-0200wb-65-21147 0
282 0 clueweb12-0300wb-97-31100 1
254 0 clueweb12-1009wb-56-18961 0
267 0 clueweb12-0912wb-06-12058 3
286 0 clueweb12-0606wb-66-26820 1
286 0 clueweb12-0606wb-66-26819 0
260 0 clueweb12-1210wb-47-04171 0