186 0 clueweb09-en0128-07-20539 0
199 0 clueweb09-en0021-36-09842 0
173 0 clueweb09-en0010-18-29893 1
176 0 clueweb09-en0023-64-10110 0
169 0 clueweb09-en0086-31-06036 1
154 0 clueweb09-en0073-95-01494 0
163 0 clueweb09-en0050-01-20173 0
157 0 clueweb09-en0001-40-19962 1
179 0 clueweb09-en0024-79-31469 0
183 0 clueweb09-en0007-79-37992 0
192 0 clueweb09-en0009-30-14103 1
194 0 clueweb09-en0011-40-20956 0
166 0 clueweb09-en0005-60-19982 0
154 0 clueweb09-en0005-21-28112 0
184 0 clueweb09-en0000-41-10934 0
160 0 clueweb09-en0011-25-02609 0
174 0 clueweb09-en0008-08-02969 0
184 0 clueweb09-en0002-30-25443 0
196 0 clueweb09-en0011-58-21499 1
163 0 clueweb09-en0007-60-07530 1
168 0 clueweb09-en0008-41-32557 0
151 0 clueweb09-en0019-21-33839 1
153 0 clueweb09-en0024-73-38531 1
153 0 clueweb09-en0024-73-38537 1
168 0 clueweb09-en0011-14-18013 0
193 0 clueweb09-en0002-56-17104 0
184 0 clueweb09-en0005-70-13507 4
167 0 clueweb09-en0009-26-14286 2
151 0 clueweb09-en0005-29-23517 0
175 0 clueweb09-en0007-34-26964 2
197 0 clueweb09-en0002-54-23232 0
183 0 clueweb09-enwp01-49-07846 0
187 0 clueweb09-en0009-26-18188 1
181 0 clueweb09-en0005-68-03936 1
182 0 clueweb09-en0010-57-41275 -2
172 0 clueweb09-en0009-12-24896 0
155 0 clueweb09-en0007-78-26702 0
174 0 clueweb09-en0129-06-16057 0
162 0 clueweb09-en0001-98-12549 0
154 0 clueweb09-en0036-91-25835 4
199 0 clueweb09-en0036-52-19530 1
163 0 clueweb09-en0007-33-13608 0
184 0 clueweb09-en0007-80-05198 4
169 0 clueweb09-en0129-13-17252 0
165 0 clueweb09-en0030-40-18476 2
154 0 clueweb09-en0002-77-33988 0
193 0 clueweb09-en0006-50-14428 0
168 0 clueweb09-en0009-82-12849 1
184 0 clueweb09-en0022-46-32972 0
169 0 clueweb09-en0127-19-22922 0
156 0 clueweb09-en0003-99-25503 0
165 0 clueweb09-en0002-45-12564 0
165 0 clueweb09-en0002-45-12561 0
170 0 clueweb09-en0132-37-28801 0
165 0 clueweb09-en0019-05-09283 0
162 0 clueweb09-en0011-17-38786 2
169 0 clueweb09-en0001-36-12101 0
175 0 clueweb09-en0010-58-09305 0
169 0 clueweb09-en0011-66-37319 0
169 0 clueweb09-en0011-66-37322 0
169 0 clueweb09-en0011-66-37335 1
172 0 clueweb09-en0010-83-03248 0
175 0 clueweb09-en0052-86-28611 0
172 0 clueweb09-en0024-35-32381 0
151 0 clueweb09-en0133-94-18427 0
181 0 clueweb09-en0005-71-05792 0
191 0 clueweb09-en0063-07-12904 0
198 0 clueweb09-en0009-57-07263 1
170 0 clueweb09-en0123-11-19788 0
160 0 clueweb09-en0007-86-02481 0
176 0 clueweb09-en0006-26-28419 0
195 0 clueweb09-en0132-64-25121 0
187 0 clueweb09-en0011-50-16065 0
168 0 clueweb09-en0036-32-24484 1
155 0 clueweb09-en0000-76-25040 0
185 0 clueweb09-en0006-63-27399 -2
193 0 clueweb09-en0004-09-09416 0
169 0 clueweb09-en0011-66-37439 0
200 0 clueweb09-en0006-74-28213 1
155 0 clueweb09-en0039-34-19796 0
192 0 clueweb09-en0005-41-24321 0
199 0 clueweb09-en0035-30-27212 1
157 0 clueweb09-en0009-77-28131 0
151 0 clueweb09-en0007-01-07907 1
195 0 clueweb09-en0039-62-18351 0
165 0 clueweb09-en0077-12-33594 0
154 0 clueweb09-en0004-68-20052 0
189 0 clueweb09-en0009-75-27351 0
189 0 clueweb09-en0009-75-27353 0
189 0 clueweb09-en0009-75-27347 0
155 0 clueweb09-en0051-75-03076 0
181 0 clueweb09-en0004-95-15180 0
154 0 clueweb09-en0022-75-21092 1
185 0 clueweb09-en0093-45-16119 1
186 0 clueweb09-en0133-41-07620 0
176 0 clueweb09-en0002-06-04246 0
169 0 clueweb09-en0011-26-34063 0
178 0 clueweb09-en0011-25-03934 -2
189 0 clueweb09-en0108-49-30106 0
165 0 clueweb09-en0009-26-15829 0
172 0 clueweb09-en0000-20-30797 0
178 0 clueweb09-en0123-58-23818 0
194 0 clueweb09-en0006-84-15353 0
185 0 clueweb09-en0016-81-04591 0
166 0 clueweb09-en0010-57-09133 0
191 0 clueweb09-en0005-97-26810 1
181 0 clueweb09-en0008-04-00910 0
199 0 clueweb09-en0006-02-30050 1
170 0 clueweb09-en0011-26-06388 0
161 0 clueweb09-en0003-09-28440 0
154 0 clueweb09-en0003-46-31405 0
200 0 clueweb09-en0011-83-13599 0
160 0 clueweb09-en0009-81-31521 0
173 0 clueweb09-en0005-81-37166 4
169 0 clueweb09-en0008-00-04320 1
173 0 clueweb09-en0001-97-02921 1
182 0 clueweb09-en0008-07-27802 4
177 0 clueweb09-en0033-07-22285 0
160 0 clueweb09-en0025-35-11033 0
184 0 clueweb09-en0004-17-06716 0
184 0 clueweb09-en0004-17-06711 0
154 0 clueweb09-en0003-46-31581 0
154 0 clueweb09-en0003-46-31565 1
170 0 clueweb09-en0010-91-32649 0
179 0 clueweb09-en0049-16-19255 0
169 0 clueweb09-en0040-40-16914 1
169 0 clueweb09-en0017-84-00269 0
199 0 clueweb09-en0012-16-22876 0
166 0 clueweb09-en0048-20-36440 0
186 0 clueweb09-en0127-21-19016 0
173 0 clueweb09-en0007-90-20249 0
178 0 clueweb09-en0040-68-02210 0
179 0 clueweb09-en0133-91-43792 0
194 0 clueweb09-en0006-45-31303 0
197 0 clueweb09-en0004-48-16445 1
154 0 clueweb09-en0002-94-21214 0
170 0 clueweb09-en0003-73-08061 0
193 0 clueweb09-en0010-91-11129 0
154 0 clueweb09-en0092-36-31320 0
157 0 clueweb09-en0009-05-33412 0
195 0 clueweb09-en0010-55-39650 0
151 0 clueweb09-en0044-31-27574 -2
154 0 clueweb09-en0002-56-15974 0
164 0 clueweb09-en0008-85-34461 4
197 0 clueweb09-en0008-86-07550 4
176 0 clueweb09-en0005-65-01578 0
153 0 clueweb09-en0056-19-01179 0
168 0 clueweb09-en0053-46-32646 0
181 0 clueweb09-en0009-68-27998 1
179 0 clueweb09-en0005-62-07727 0
154 0 clueweb09-en0060-85-27426 1
177 0 clueweb09-en0080-23-24622 0
174 0 clueweb09-en0006-68-02574 0
197 0 clueweb09-en0008-32-38389 0
172 0 clueweb09-en0019-10-22036 0
167 0 clueweb09-en0005-44-27928 0
170 0 clueweb09-en0008-37-22198 0
170 0 clueweb09-en0008-37-22199 0
170 0 clueweb09-en0008-37-22193 0
170 0 clueweb09-en0008-37-22197 0
170 0 clueweb09-en0008-37-22194 0
195 0 clueweb09-en0030-29-27781 0
160 0 clueweb09-en0011-25-03474 0
170 0 clueweb09-en0008-37-22224 0
170 0 clueweb09-en0008-37-22245 0
172 0 clueweb09-en0006-06-40444 1
157 0 clueweb09-en0010-03-06399 0
168 0 clueweb09-en0001-20-18132 0
176 0 clueweb09-en0013-30-02479 0
184 0 clueweb09-en0024-27-00871 0
162 0 clueweb09-en0037-80-37589 1
164 0 clueweb09-en0010-17-34343 0
194 0 clueweb09-en0082-31-37693 0
174 0 clueweb09-en0129-52-31144 0
165 0 clueweb09-en0025-23-19485 4
194 0 clueweb09-en0004-93-34271 0
181 0 clueweb09-en0006-38-27071 0
181 0 clueweb09-en0129-86-39625 0
179 0 clueweb09-en0005-39-13387 0
193 0 clueweb09-en0090-86-31395 1
160 0 clueweb09-en0002-53-27212 0
196 0 clueweb09-en0008-75-21148 1
179 0 clueweb09-en0044-41-10799 -2
200 0 clueweb09-en0006-47-02068 0
181 0 clueweb09-en0001-88-02305 0
169 0 clueweb09-en0021-61-01890 0
186 0 clueweb09-en0002-05-29795 1
151 0 clueweb09-en0011-62-17582 4
169 0 clueweb09-en0008-62-30883 0
172 0 clueweb09-en0001-17-15517 0
197 0 clueweb09-en0038-26-27559 0
174 0 clueweb09-en0049-23-35690 0
154 0 clueweb09-en0092-41-16058 0
194 0 clueweb09-en0007-19-03463 0
197 0 clueweb09-en0038-26-27501 0
174 0 clueweb09-en0003-41-04379 0
165 0 clueweb09-en0001-65-20149 0
171 0 clueweb09-en0007-91-29619 1
177 0 clueweb09-en0006-47-23038 0
153 0 clueweb09-en0039-34-04046 0
183 0 clueweb09-en0033-01-12397 0
189 0 clueweb09-en0025-47-01769 0
170 0 clueweb09-en0133-85-26474 0
152 0 clueweb09-en0006-66-24287 0
195 0 clueweb09-en0023-57-20063 0
196 0 clueweb09-en0096-12-17208 1
174 0 clueweb09-en0130-56-14258 0
179 0 clueweb09-en0128-39-36287 0
159 0 clueweb09-en0009-78-14916 0
171 0 clueweb09-en0040-32-37686 1
181 0 clueweb09-en0009-68-28046 1
189 0 clueweb09-en0025-47-01814 0
171 0 clueweb09-en0008-20-15516 0
199 0 clueweb09-en0008-37-31183 0
162 0 clueweb09-en0129-51-18330 0
165 0 clueweb09-en0010-62-20027 0
162 0 clueweb09-en0003-60-19607 2
153 0 clueweb09-en0010-43-00715 0
176 0 clueweb09-en0079-89-18007 0
169 0 clueweb09-en0006-29-00039 0
171 0 clueweb09-en0006-36-25405 4
166 0 clueweb09-en0011-06-41119 -2
165 0 clueweb09-en0005-87-10401 0
177 0 clueweb09-en0009-64-17499 0
175 0 clueweb09-en0024-68-21064 2
169 0 clueweb09-en0039-93-02252 0
169 0 clueweb09-en0000-72-09682 0
192 0 clueweb09-en0007-35-02615 1
163 0 clueweb09-en0004-44-28925 0
179 0 clueweb09-en0003-89-14193 0
179 0 clueweb09-en0003-89-14185 0
179 0 clueweb09-en0003-89-14189 1
176 0 clueweb09-en0004-11-25170 0
160 0 clueweb09-en0005-15-08782 0
180 0 clueweb09-en0010-18-29153 0
184 0 clueweb09-en0007-16-09949 0
161 0 clueweb09-en0123-62-20446 0
171 0 clueweb09-en0037-66-17848 -2
165 0 clueweb09-en0010-62-20053 0
182 0 clueweb09-en0011-10-29697 0
182 0 clueweb09-en0011-10-29695 3
165 0 clueweb09-en0081-82-42186 0
194 0 clueweb09-en0006-32-17750 0
197 0 clueweb09-en0008-00-28821 4
179 0 clueweb09-en0011-26-34029 0
184 0 clueweb09-en0002-40-23287 0
163 0 clueweb09-en0009-26-14147 4
169 0 clueweb09-en0006-29-00300 1
177 0 clueweb09-en0085-64-03564 0
169 0 clueweb09-en0006-29-00229 0
166 0 clueweb09-en0010-02-28536 0
174 0 clueweb09-en0005-06-29704 0
173 0 clueweb09-en0064-18-19044 1
176 0 clueweb09-en0011-21-14913 0
156 0 clueweb09-en0026-75-28364 0
169 0 clueweb09-en0007-23-36622 1
176 0 clueweb09-en0004-75-04543 0
155 0 clueweb09-en0011-14-30723 0
175 0 clueweb09-en0004-08-26575 0
163 0 clueweb09-en0000-13-08329 4
168 0 clueweb09-en0021-56-22642 0
183 0 clueweb09-en0007-74-16653 0
199 0 clueweb09-en0010-02-01406 1
159 0 clueweb09-en0021-67-00499 0
154 0 clueweb09-en0005-70-19014 0
154 0 clueweb09-en0005-78-39782 0
165 0 clueweb09-en0002-23-15142 4
168 0 clueweb09-en0001-75-00190 0
170 0 clueweb09-en0011-26-06443 0
170 0 clueweb09-en0011-26-06455 0
170 0 clueweb09-en0011-26-06463 0
184 0 clueweb09-en0005-39-13387 0
189 0 clueweb09-en0000-60-21983 0
183 0 clueweb09-en0002-71-30996 0
197 0 clueweb09-en0008-00-28973 0
194 0 clueweb09-en0002-80-35917 0
177 0 clueweb09-en0007-84-20645 0
162 0 clueweb09-en0130-05-47994 0
164 0 clueweb09-en0081-59-31136 2
171 0 clueweb09-en0011-56-44275 0
186 0 clueweb09-en0001-12-21073 0
165 0 clueweb09-en0005-87-09825 0
174 0 clueweb09-en0002-63-17563 0
166 0 clueweb09-en0010-02-28660 0
166 0 clueweb09-en0010-02-28662 0
154 0 clueweb09-en0011-57-06974 0
183 0 clueweb09-en0064-10-27195 0
188 0 clueweb09-en0007-89-39626 0
154 0 clueweb09-en0009-26-15339 1
177 0 clueweb09-en0081-35-22202 1
199 0 clueweb09-en0123-44-06392 1
154 0 clueweb09-en0005-88-15435 0
168 0 clueweb09-en0026-85-22508 0
167 0 clueweb09-en0126-16-15817 0
184 0 clueweb09-en0133-17-04096 0
158 0 clueweb09-en0008-34-00987 1
191 0 clueweb09-en0008-48-04494 0
191 0 clueweb09-en0008-48-04495 0
179 0 clueweb09-en0003-06-01965 0
182 0 clueweb09-en0133-63-01038 0
169 0 clueweb09-en0000-33-21154 1
176 0 clueweb09-en0108-33-01363 0
173 0 clueweb09-en0107-33-27557 1
154 0 clueweb09-en0089-49-09016 0
154 0 clueweb09-en0001-80-25876 0
199 0 clueweb09-en0079-70-22655 1
194 0 clueweb09-en0006-27-16968 0
176 0 clueweb09-en0009-57-07513 0
179 0 clueweb09-en0004-16-36416 0
187 0 clueweb09-en0013-47-27243 0
163 0 clueweb09-en0005-02-21615 1
176 0 clueweb09-en0005-63-00240 0
168 0 clueweb09-en0037-13-37280 0
163 0 clueweb09-en0009-68-09980 1
156 0 clueweb09-en0010-92-37340 0
174 0 clueweb09-en0003-94-05191 1
179 0 clueweb09-en0050-43-13013 0
163 0 clueweb09-en0025-27-32959 0
183 0 clueweb09-en0005-29-24354 0
186 0 clueweb09-en0076-20-01720 0
165 0 clueweb09-en0016-20-18245 0
155 0 clueweb09-en0090-36-28345 0
165 0 clueweb09-enwp03-09-11245 0
197 0 clueweb09-en0008-00-29012 2
154 0 clueweb09-en0131-83-19979 0
154 0 clueweb09-en0006-48-14571 0
180 0 clueweb09-en0009-75-18849 0
183 0 clueweb09-en0007-69-15761 0
186 0 clueweb09-en0010-43-08918 0
160 0 clueweb09-en0007-88-33269 0
194 0 clueweb09-en0007-62-20811 0
151 0 clueweb09-en0005-29-24032 1
154 0 clueweb09-en0008-44-04211 0
165 0 clueweb09-en0040-41-19242 4
153 0 clueweb09-en0010-29-10353 0
172 0 clueweb09-en0054-66-25838 1
172 0 clueweb09-en0009-05-04574 0
159 0 clueweb09-en0088-72-24420 0
197 0 clueweb09-en0024-37-03705 0
191 0 clueweb09-en0010-66-23733 0
154 0 clueweb09-en0008-50-02720 0
172 0 clueweb09-en0004-89-12723 0
199 0 clueweb09-en0007-84-23226 0
153 0 clueweb09-en0039-02-06299 1
181 0 clueweb09-en0000-29-00694 0
196 0 clueweb09-en0006-53-21184 4
197 0 clueweb09-en0017-29-03246 0
165 0 clueweb09-en0051-36-06499 0
182 0 clueweb09-en0008-90-25174 1
194 0 clueweb09-en0005-17-42933 0
165 0 clueweb09-en0007-72-20665 0
165 0 clueweb09-en0007-72-20664 3
199 0 clueweb09-en0007-57-24170 1
165 0 clueweb09-en0007-72-20651 0
186 0 clueweb09-en0132-65-35123 0
157 0 clueweb09-en0000-63-15185 4
165 0 clueweb09-en0007-72-20683 0
165 0 clueweb09-en0007-72-20686 0
165 0 clueweb09-en0007-72-20697 0
165 0 clueweb09-en0007-26-28696 0
163 0 clueweb09-en0001-22-30103 0
180 0 clueweb09-en0005-22-24710 0
162 0 clueweb09-en0005-18-17956 0
176 0 clueweb09-en0001-09-25480 0
152 0 clueweb09-en0008-94-23591 0
162 0 clueweb09-en0021-19-37380 0
182 0 clueweb09-en0002-87-13063 1
160 0 clueweb09-en0121-78-26225 0
154 0 clueweb09-en0023-47-37253 4
169 0 clueweb09-en0006-90-34073 0
154 0 clueweb09-en0005-78-34061 2
174 0 clueweb09-en0023-47-38147 0
196 0 clueweb09-en0010-58-09455 0
181 0 clueweb09-en0007-40-11904 0
181 0 clueweb09-en0002-57-03883 0
184 0 clueweb09-en0010-57-25556 0
171 0 clueweb09-en0007-85-37018 0
174 0 clueweb09-en0010-33-32161 0
179 0 clueweb09-en0013-10-05690 0
191 0 clueweb09-en0079-14-22232 0
165 0 clueweb09-enwp01-24-03986 0
165 0 clueweb09-en0001-39-15473 0
165 0 clueweb09-en0001-39-15472 0
165 0 clueweb09-en0001-39-15475 0
169 0 clueweb09-en0000-33-21041 1
169 0 clueweb09-en0133-69-36476 0
176 0 clueweb09-en0003-97-29915 0
154 0 clueweb09-en0009-51-09996 0
168 0 clueweb09-en0002-25-30737 0
193 0 clueweb09-en0002-28-28294 0
176 0 clueweb09-en0086-96-03402 0