247 0 clueweb12-1710wb-76-09905 0
204 0 clueweb12-1313wb-31-00143 0
236 0 clueweb12-0208wb-29-30998 1
213 0 clueweb12-0011wb-27-23554 1
219 0 clueweb12-1310wb-13-38130 1
211 0 clueweb12-0002wb-23-31790 2
206 0 clueweb12-1003wb-11-08642 1
206 0 clueweb12-1000wb-87-13673 1
231 0 clueweb12-0302wb-56-24400 1
228 0 clueweb12-0109wb-39-22383 0
220 0 clueweb12-0304wb-98-30500 0
241 0 clueweb12-0917wb-30-05283 0
215 0 clueweb12-0503wb-58-26560 0
219 0 clueweb12-1311wb-85-05678 0
241 0 clueweb12-0911wb-85-26743 1
219 0 clueweb12-1311wb-85-05681 1
235 0 clueweb12-1000wb-29-03201 2
211 0 clueweb12-1105wb-65-04573 0
228 0 clueweb12-0011wb-90-25174 0
215 0 clueweb12-1201tw-00-12177 2
216 0 clueweb12-0200wb-33-04563 0
214 0 clueweb12-0209wb-37-30731 1
211 0 clueweb12-1007wb-29-14855 -2
240 0 clueweb12-0406wb-71-18045 2
249 0 clueweb12-1312wb-47-19457 0
221 0 clueweb12-0012wb-41-27279 1
211 0 clueweb12-0404wb-13-07604 0
234 0 clueweb12-1102wb-41-21831 0
235 0 clueweb12-0109wb-03-32287 2
246 0 clueweb12-0000wb-34-35794 0
249 0 clueweb12-0211wb-41-27880 0
241 0 clueweb12-0008wb-19-32593 0
225 0 clueweb12-0511wb-23-33626 0
221 0 clueweb12-1903wb-82-11091 0
215 0 clueweb12-0404wb-43-23712 1
205 0 clueweb12-0809wb-39-27697 0
243 0 clueweb12-0110wb-62-17529 2
243 0 clueweb12-0406wb-91-20479 0
246 0 clueweb12-0703wb-30-25808 1
224 0 clueweb12-0809wb-33-07261 0
204 0 clueweb12-0109wb-54-09710 2
223 0 clueweb12-0918wb-50-10692 0
215 0 clueweb12-0111wb-72-05614 1
250 0 clueweb12-0704wb-34-05892 0
235 0 clueweb12-0104wb-16-13190 0
205 0 clueweb12-1207wb-94-02739 0
219 0 clueweb12-1311wb-29-27410 0
204 0 clueweb12-0301wb-53-28234 0
233 0 clueweb12-0108wb-91-34100 0
246 0 clueweb12-0003wb-42-12430 1
219 0 clueweb12-1211wb-43-14213 0
205 0 clueweb12-0105wb-99-13908 0
232 0 clueweb12-0111wb-89-08148 0
207 0 clueweb12-0305wb-53-27499 2
202 0 clueweb12-0601wb-18-11856 0
221 0 clueweb12-0110wb-05-07441 0
219 0 clueweb12-0507wb-48-27996 0
219 0 clueweb12-0507wb-48-27993 0
220 0 clueweb12-1711wb-37-24600 0
201 0 clueweb12-0700tw-74-19724 1
221 0 clueweb12-0000wb-11-24195 2
221 0 clueweb12-0211wb-75-04122 2
222 0 clueweb12-0202wb-12-10652 1
228 0 clueweb12-0002wb-08-31066 2
210 0 clueweb12-1212wb-00-29001 0
228 0 clueweb12-0010wb-45-28371 0
211 0 clueweb12-0609wb-75-08587 0
219 0 clueweb12-1908wb-33-11862 0
225 0 clueweb12-0409wb-09-11675 0
204 0 clueweb12-0303wb-97-28735 0
239 0 clueweb12-0512wb-02-01874 1
211 0 clueweb12-1703wb-59-16455 1
227 0 clueweb12-0009wb-96-05687 0
243 0 clueweb12-1415wb-10-15501 0
240 0 clueweb12-0005wb-82-34392 0
247 0 clueweb12-0411wb-69-09263 -2
220 0 clueweb12-1206wb-95-11016 3
209 0 clueweb12-1609wb-84-08469 0
224 0 clueweb12-0000wb-10-23388 0
230 0 clueweb12-1604wb-83-11713 1
239 0 clueweb12-1009wb-87-02970 0
234 0 clueweb12-1609wb-99-28275 0
243 0 clueweb12-0011wb-53-30448 0
233 0 clueweb12-0300tw-86-15677 0
219 0 clueweb12-1310wb-04-21481 0
204 0 clueweb12-0109wb-49-06267 1
235 0 clueweb12-0008wb-61-22094 0
220 0 clueweb12-0600tw-43-18126 1
205 0 clueweb12-0206wb-32-26316 0
214 0 clueweb12-0011wb-17-26705 1
204 0 clueweb12-1400wb-17-27989 1
246 0 clueweb12-0009wb-20-13649 0
223 0 clueweb12-0403wb-73-07244 1
240 0 clueweb12-0501wb-57-33834 2
224 0 clueweb12-0406wb-66-04404 0
243 0 clueweb12-0008wb-25-00083 1
219 0 clueweb12-1609wb-04-16912 0
241 0 clueweb12-1506wb-03-10921 0
219 0 clueweb12-1206wb-29-05754 0
245 0 clueweb12-0805wb-12-11942 0
211 0 clueweb12-0401wb-28-17017 0
211 0 clueweb12-0401wb-28-17016 0
211 0 clueweb12-0401wb-28-17015 0
226 0 clueweb12-0305wb-11-19251 0
219 0 clueweb12-1610wb-00-00837 0
228 0 clueweb12-0001wb-98-18573 0
238 0 clueweb12-1406wb-06-21412 1
228 0 clueweb12-0710wb-44-13053 0
214 0 clueweb12-0200wb-63-33160 1
223 0 clueweb12-0204wb-38-15889 3
210 0 clueweb12-0200wb-38-06252 1
240 0 clueweb12-0001wb-14-04857 0
223 0 clueweb12-0101wb-68-28894 0
205 0 clueweb12-0306wb-06-19634 1
246 0 clueweb12-1715wb-70-19089 1
246 0 clueweb12-1501wb-88-25925 1
225 0 clueweb12-0411wb-51-05141 0
212 0 clueweb12-0012wb-30-33377 0
211 0 clueweb12-0006wb-07-31905 0
247 0 clueweb12-1516wb-25-09560 0
206 0 clueweb12-0200wb-87-03198 0
220 0 clueweb12-0604wb-86-13627 0
221 0 clueweb12-1305wb-36-04835 1
246 0 clueweb12-1705wb-79-26257 1
201 0 clueweb12-0700tw-43-07348 1
241 0 clueweb12-0104wb-47-22142 2
217 0 clueweb12-0000wb-59-11798 0
205 0 clueweb12-0812wb-93-21778 0
216 0 clueweb12-1303wb-95-03059 0
216 0 clueweb12-1303wb-95-03061 0
238 0 clueweb12-0901wb-01-03613 1
243 0 clueweb12-0103wb-10-16813 1
215 0 clueweb12-0001wb-58-05464 0
215 0 clueweb12-0511wb-04-15848 0
201 0 clueweb12-0810wb-78-21417 2
220 0 clueweb12-1710wb-82-18963 0
228 0 clueweb12-0001wb-36-24973 0
228 0 clueweb12-0001wb-36-24975 3
228 0 clueweb12-0001wb-36-24971 0
238 0 clueweb12-0309wb-46-06670 0
236 0 clueweb12-0205wb-85-21521 1
246 0 clueweb12-0405wb-80-32859 0
214 0 clueweb12-0404wb-02-02634 1
210 0 clueweb12-0110wb-76-12434 0
215 0 clueweb12-0005wb-54-03412 0
216 0 clueweb12-0709wb-23-09364 1
207 0 clueweb12-0701wb-45-27485 1
243 0 clueweb12-0407wb-79-12486 0
211 0 clueweb12-1507wb-55-17504 1
234 0 clueweb12-1907wb-87-20395 0
238 0 clueweb12-0013wb-40-20806 0
243 0 clueweb12-0306wb-35-20583 1
235 0 clueweb12-0000wb-33-06540 0
215 0 clueweb12-1200tw-21-01397 1
246 0 clueweb12-1804wb-47-13438 0
241 0 clueweb12-1203wb-09-20986 1
235 0 clueweb12-1610wb-36-17013 0
227 0 clueweb12-1215wb-30-23164 0
234 0 clueweb12-1415wb-64-04772 1
215 0 clueweb12-1500tw-73-02555 1
241 0 clueweb12-0201wb-62-12186 0
239 0 clueweb12-1006wb-18-10292 1
225 0 clueweb12-0103wb-58-19920 0
234 0 clueweb12-0603wb-26-22241 0
243 0 clueweb12-0100wb-85-18058 1
206 0 clueweb12-0812wb-09-01604 1
224 0 clueweb12-1615wb-58-21561 0
208 0 clueweb12-0916wb-73-20945 0
223 0 clueweb12-0200wb-64-31130 1
218 0 clueweb12-1902wb-48-10985 0
240 0 clueweb12-1502wb-85-28812 0
225 0 clueweb12-1810wb-48-25343 0
237 0 clueweb12-0307wb-58-29891 0
220 0 clueweb12-0100wb-79-13471 1
246 0 clueweb12-0010wb-02-32806 0
243 0 clueweb12-0105wb-87-18729 0
214 0 clueweb12-0001wb-54-32792 2
228 0 clueweb12-0709wb-94-17490 0
234 0 clueweb12-1012wb-59-21559 1
205 0 clueweb12-0206wb-09-28585 0
211 0 clueweb12-0404wb-40-27215 0
219 0 clueweb12-1312wb-07-33720 0
219 0 clueweb12-1312wb-07-33719 0
215 0 clueweb12-0106wb-11-22322 1
215 0 clueweb12-0106wb-11-22321 1
221 0 clueweb12-0009wb-63-27897 1
221 0 clueweb12-0009wb-63-27896 1
236 0 clueweb12-0806wb-79-03864 1
228 0 clueweb12-0812wb-25-02734 0
220 0 clueweb12-0100wb-95-01906 2
215 0 clueweb12-0009wb-01-19324 0
240 0 clueweb12-0002wb-48-05401 1
228 0 clueweb12-0311wb-68-02774 0
236 0 clueweb12-0007wb-65-13293 0
230 0 clueweb12-1714wb-42-10136 1
205 0 clueweb12-0108wb-54-03003 0
205 0 clueweb12-0108wb-54-03018 0
242 0 clueweb12-0916wb-44-16246 2
244 0 clueweb12-0205wb-88-31656 0
244 0 clueweb12-0205wb-88-31657 0
228 0 clueweb12-0011wb-43-27011 0
211 0 clueweb12-0005wb-37-15804 0
219 0 clueweb12-1311wb-95-21502 0
221 0 clueweb12-0100wb-40-02406 1
211 0 clueweb12-0005wb-37-15839 0
236 0 clueweb12-0300wb-07-04407 0
238 0 clueweb12-0900wb-14-17662 0
206 0 clueweb12-0102wb-89-08995 0
211 0 clueweb12-0706wb-42-10594 2
238 0 clueweb12-0813wb-91-06393 0
205 0 clueweb12-1404wb-32-16452 0
239 0 clueweb12-1006wb-80-16687 1
228 0 clueweb12-0100wb-01-28176 1
228 0 clueweb12-0100wb-01-28175 0
213 0 clueweb12-1001wb-43-18646 1
211 0 clueweb12-0006wb-76-20865 0
207 0 clueweb12-0800tw-86-05210 1
219 0 clueweb12-0109wb-30-01559 0
247 0 clueweb12-0404wb-27-13990 0
231 0 clueweb12-1111wb-07-00276 0
246 0 clueweb12-0405wb-54-18649 0
201 0 clueweb12-0908wb-98-10600 1
203 0 clueweb12-1309wb-45-13338 0
203 0 clueweb12-1309wb-45-13337 0
240 0 clueweb12-0001wb-27-31132 0
240 0 clueweb12-1803wb-67-15122 0
207 0 clueweb12-0001wb-77-13689 0
228 0 clueweb12-0013wb-51-09640 0
235 0 clueweb12-1204wb-74-11105 0
211 0 clueweb12-0006wb-36-21354 0
223 0 clueweb12-0009wb-01-31002 1
224 0 clueweb12-0906wb-25-13173 2
231 0 clueweb12-0007wb-51-17998 1
203 0 clueweb12-1403wb-72-16075 3
216 0 clueweb12-0010wb-53-32379 1
230 0 clueweb12-0209wb-72-10280 0
205 0 clueweb12-0500wb-14-24187 0
211 0 clueweb12-0006wb-00-08035 0
227 0 clueweb12-0211wb-67-18399 0
238 0 clueweb12-1700wb-11-32395 1
247 0 clueweb12-1801wb-65-08748 0
247 0 clueweb12-0402wb-20-24194 0
247 0 clueweb12-0012wb-57-01735 0
237 0 clueweb12-0102wb-47-09248 0
208 0 clueweb12-0302wb-63-25394 0
205 0 clueweb12-0808wb-25-12501 0
204 0 clueweb12-0006wb-00-03631 0
239 0 clueweb12-1504wb-68-33233 1
201 0 clueweb12-1700tw-11-11014 0
213 0 clueweb12-0305wb-53-27501 2
233 0 clueweb12-0805wb-91-14309 1
240 0 clueweb12-1211wb-15-08219 1
224 0 clueweb12-0211wb-50-14206 0
215 0 clueweb12-0112wb-12-14296 1
206 0 clueweb12-0102wb-78-12913 1
212 0 clueweb12-0101wb-15-18315 0
212 0 clueweb12-0101wb-15-18316 0
212 0 clueweb12-0101wb-15-18318 0
212 0 clueweb12-0101wb-15-18319 0
225 0 clueweb12-0103wb-20-11418 0
239 0 clueweb12-0104wb-76-05930 1
214 0 clueweb12-0001wb-32-16708 2
215 0 clueweb12-0307wb-11-26655 2
215 0 clueweb12-0307wb-11-26658 1
246 0 clueweb12-1414wb-79-13810 3
245 0 clueweb12-0006wb-97-09560 0
215 0 clueweb12-0307wb-11-26663 1
241 0 clueweb12-1508wb-05-11672 1
215 0 clueweb12-0308wb-32-06023 0
215 0 clueweb12-0307wb-11-26644 1
215 0 clueweb12-0307wb-11-26641 1
215 0 clueweb12-0307wb-11-26646 1
205 0 clueweb12-0809wb-23-06254 0
239 0 clueweb12-1408wb-69-00529 0
241 0 clueweb12-0907wb-47-23602 0
246 0 clueweb12-0609wb-84-09436 2
208 0 clueweb12-0508wb-95-14510 0
211 0 clueweb12-0401wb-11-16178 0
232 0 clueweb12-0001wb-17-27522 0
237 0 clueweb12-0204wb-16-16165 0
224 0 clueweb12-0307wb-58-33822 0
235 0 clueweb12-0813wb-57-28998 1
211 0 clueweb12-0203wb-98-24613 0
203 0 clueweb12-1011wb-94-15357 2
235 0 clueweb12-0205wb-75-18255 0
205 0 clueweb12-0815wb-21-18719 0
205 0 clueweb12-0815wb-21-18728 0
236 0 clueweb12-1011wb-52-21344 1
215 0 clueweb12-0112wb-02-01048 0
223 0 clueweb12-0409wb-51-24797 0
210 0 clueweb12-1304wb-55-14396 0
213 0 clueweb12-1705wb-00-22348 2
208 0 clueweb12-1609wb-67-10400 0
220 0 clueweb12-0602wb-25-13392 1
206 0 clueweb12-0404wb-07-04264 1
201 0 clueweb12-1613wb-41-04806 2
206 0 clueweb12-0814wb-25-05870 1
221 0 clueweb12-0406wb-29-01780 1
245 0 clueweb12-0811wb-23-01560 0
219 0 clueweb12-0012wb-79-22479 0
220 0 clueweb12-0012wb-86-13807 1
214 0 clueweb12-0509wb-10-09665 1
239 0 clueweb12-1813wb-51-12081 0
235 0 clueweb12-0105wb-64-02504 0
215 0 clueweb12-0303wb-98-13418 0
238 0 clueweb12-0100wb-14-19242 0
211 0 clueweb12-0107wb-10-21083 1
238 0 clueweb12-1101tw-13-05186 0
228 0 clueweb12-0400wb-49-24877 2
211 0 clueweb12-0807wb-90-06974 0
246 0 clueweb12-1008wb-58-01875 0
201 0 clueweb12-1613wb-37-28549 1
217 0 clueweb12-0003wb-72-21546 2
230 0 clueweb12-0711wb-94-01978 1
224 0 clueweb12-1200tw-79-17196 2
201 0 clueweb12-0713wb-53-13641 0
234 0 clueweb12-1216wb-75-22869 1
246 0 clueweb12-0302wb-18-33324 0
203 0 clueweb12-0206wb-78-05476 3
202 0 clueweb12-1304wb-56-00880 0
219 0 clueweb12-1608wb-32-10837 0
215 0 clueweb12-0102wb-20-10420 0
246 0 clueweb12-0001wb-98-21650 0
226 0 clueweb12-1308wb-44-14306 0
215 0 clueweb12-0802wb-00-12720 0
241 0 clueweb12-1905wb-59-07684 0
206 0 clueweb12-0005wb-06-30181 1
206 0 clueweb12-0005wb-06-30183 0
219 0 clueweb12-1310wb-23-07850 0
211 0 clueweb12-0716wb-51-09067 1
219 0 clueweb12-1311wb-97-17078 0
223 0 clueweb12-1713wb-27-12321 2
209 0 clueweb12-1608wb-59-18270 0
228 0 clueweb12-0011wb-70-28216 0
203 0 clueweb12-1211wb-98-18684 0
237 0 clueweb12-0408wb-97-09847 0
201 0 clueweb12-0713wb-62-15328 0
221 0 clueweb12-0204wb-30-24601 1
211 0 clueweb12-0401wb-38-24325 0
211 0 clueweb12-0006wb-78-26703 0
206 0 clueweb12-0009wb-66-01883 0
206 0 clueweb12-0208wb-01-24619 2
247 0 clueweb12-1805wb-05-09121 0
206 0 clueweb12-0605wb-20-20232 0
225 0 clueweb12-0001wb-07-18429 0
202 0 clueweb12-0001wb-27-33452 0
220 0 clueweb12-0004wb-38-06120 0
211 0 clueweb12-0305wb-95-18813 1
247 0 clueweb12-0411wb-76-32717 -2
226 0 clueweb12-1811wb-49-23944 2
219 0 clueweb12-0200wb-84-21860 1
206 0 clueweb12-0100wb-28-24346 1
203 0 clueweb12-1705wb-33-08977 2
228 0 clueweb12-0004wb-13-01710 1
247 0 clueweb12-0305wb-37-06056 0
235 0 clueweb12-0301wb-91-22790 -2
211 0 clueweb12-1108wb-61-03215 2
231 0 clueweb12-0007wb-35-14716 0
219 0 clueweb12-0200wb-34-21306 0
242 0 clueweb12-0209wb-86-16758 1
206 0 clueweb12-0806wb-46-26830 0
250 0 clueweb12-0105wb-81-10801 0
206 0 clueweb12-0905wb-03-05823 1
243 0 clueweb12-0405wb-86-17004 0
223 0 clueweb12-0705wb-48-20549 1
211 0 clueweb12-0404wb-01-18643 0
245 0 clueweb12-0107wb-03-31847 0
239 0 clueweb12-1505wb-11-31041 1
206 0 clueweb12-0107wb-41-28271 1
221 0 clueweb12-0100wb-51-05249 1
217 0 clueweb12-0004wb-04-13141 1
204 0 clueweb12-0206wb-05-32091 2
211 0 clueweb12-0102wb-15-29916 3
217 0 clueweb12-0904wb-73-03555 0
241 0 clueweb12-0111wb-45-01887 1
247 0 clueweb12-0210wb-78-13570 0
215 0 clueweb12-1700tw-65-00800 1
228 0 clueweb12-0101wb-21-07873 0
214 0 clueweb12-0404wb-18-27339 1
223 0 clueweb12-1416wb-01-14476 0
202 0 clueweb12-0013wb-59-04778 0
215 0 clueweb12-1016wb-99-11705 0
205 0 clueweb12-0201wb-35-10289 0
221 0 clueweb12-0208wb-49-13773 1
215 0 clueweb12-0006wb-19-28991 0
215 0 clueweb12-0411wb-91-27065 0
236 0 clueweb12-0012wb-53-16719 1
214 0 clueweb12-0203wb-19-18575 1
215 0 clueweb12-0006wb-85-09861 0
219 0 clueweb12-0505wb-47-14841 0
202 0 clueweb12-0100wb-20-01372 0
215 0 clueweb12-0410wb-79-18707 0
245 0 clueweb12-0808wb-19-15600 0
245 0 clueweb12-1607wb-95-05215 0
210 0 clueweb12-1212wb-50-10764 0
219 0 clueweb12-1006wb-74-08032 0
224 0 clueweb12-1215wb-46-16439 0
215 0 clueweb12-0306wb-73-16055 1
215 0 clueweb12-0306wb-73-16050 1
215 0 clueweb12-0306wb-73-16040 1
215 0 clueweb12-0306wb-73-16043 1
233 0 clueweb12-0200tw-54-03934 1
215 0 clueweb12-0306wb-73-16075 1
246 0 clueweb12-0609wb-47-23143 2
246 0 clueweb12-0609wb-47-23135 1
219 0 clueweb12-0506wb-23-26802 1
225 0 clueweb12-0102wb-14-05576 0
247 0 clueweb12-0008wb-68-22949 0
236 0 clueweb12-0003wb-56-20728 1
223 0 clueweb12-1400wb-31-03335 0
217 0 clueweb12-0304wb-84-11532 0
215 0 clueweb12-0504wb-01-12873 0
233 0 clueweb12-0200wb-48-24415 1
250 0 clueweb12-0001wb-81-09251 0
238 0 clueweb12-0716wb-05-06544 3
216 0 clueweb12-0701wb-49-13703 1
240 0 clueweb12-0001wb-68-19506 1
236 0 clueweb12-0403wb-03-13920 1
219 0 clueweb12-1311wb-01-05530 0
213 0 clueweb12-0816wb-90-19956 0
227 0 clueweb12-1804wb-89-02606 0
215 0 clueweb12-0007wb-35-13069 1
239 0 clueweb12-0111wb-13-21955 1
223 0 clueweb12-0000wb-19-13325 1
201 0 clueweb12-0916wb-37-04526 1
215 0 clueweb12-1500tw-79-12322 0
205 0 clueweb12-0204wb-32-29917 1
217 0 clueweb12-1217wb-77-23770 0
215 0 clueweb12-0205wb-68-15393 0
215 0 clueweb12-0205wb-68-15392 0
216 0 clueweb12-0606wb-26-35035 1
221 0 clueweb12-1804wb-55-05688 1
240 0 clueweb12-0506wb-49-31189 1
223 0 clueweb12-0203wb-76-07248 1
238 0 clueweb12-0915wb-44-14537 0
219 0 clueweb12-0405wb-44-24415 0
231 0 clueweb12-0400wb-88-19954 2
215 0 clueweb12-0200wb-02-06410 0
241 0 clueweb12-1601wb-64-01528 0
206 0 clueweb12-0815wb-04-23767 1
215 0 clueweb12-0112wb-20-29798 1
215 0 clueweb12-0306wb-65-02894 1
209 0 clueweb12-1506wb-61-31260 0
234 0 clueweb12-1815wb-19-20606 1
209 0 clueweb12-1610wb-08-13224 0
221 0 clueweb12-1101wb-25-16153 0
242 0 clueweb12-0200wb-98-08424 2
230 0 clueweb12-0210wb-69-31955 0
227 0 clueweb12-0203wb-23-02468 0
236 0 clueweb12-0405wb-77-26041 1
249 0 clueweb12-0601wb-18-02017 0
221 0 clueweb12-0717wb-46-24696 2
203 0 clueweb12-0109wb-35-32691 1
217 0 clueweb12-0000wb-47-18753 0
240 0 clueweb12-1506wb-98-06357 1
215 0 clueweb12-0001wb-72-37688 1
224 0 clueweb12-1810wb-13-02365 -2
219 0 clueweb12-1310wb-26-03247 0
231 0 clueweb12-1704wb-46-25975 3
206 0 clueweb12-0904wb-51-11687 1
219 0 clueweb12-1311wb-77-17040 0
224 0 clueweb12-0008wb-54-21491 0
215 0 clueweb12-0405wb-56-28668 1
215 0 clueweb12-1602wb-02-28979 0
221 0 clueweb12-0609wb-76-24974 1
228 0 clueweb12-1702wb-50-14233 0
234 0 clueweb12-1800tw-10-07574 1
228 0 clueweb12-0601wb-96-04013 0
238 0 clueweb12-0400wb-18-04487 0
221 0 clueweb12-1905wb-05-09178 0
219 0 clueweb12-0505wb-80-10786 0
248 0 clueweb12-1400wb-29-05214 2
245 0 clueweb12-0502wb-73-14537 0
210 0 clueweb12-1304wb-59-25209 0
220 0 clueweb12-0309wb-09-12083 0
220 0 clueweb12-0002wb-32-30678 0
235 0 clueweb12-0004wb-81-05152 0
215 0 clueweb12-0307wb-02-02930 2
215 0 clueweb12-0307wb-02-02923 1
215 0 clueweb12-0307wb-02-02918 1
210 0 clueweb12-1213wb-58-28153 0
215 0 clueweb12-0307wb-02-02941 1
219 0 clueweb12-0505wb-65-12071 0
203 0 clueweb12-0706wb-43-27936 3
215 0 clueweb12-0307wb-02-02937 1
209 0 clueweb12-0112wb-45-30722 0
208 0 clueweb12-0301wb-80-24928 0
224 0 clueweb12-0200tw-24-18002 0
214 0 clueweb12-1301wb-53-25827 0
207 0 clueweb12-0405wb-66-04881 1
220 0 clueweb12-0815wb-47-20152 0
219 0 clueweb12-0507wb-55-09519 0
228 0 clueweb12-1116wb-68-07545 0
243 0 clueweb12-0712wb-43-16526 0
219 0 clueweb12-0110wb-37-15571 0
219 0 clueweb12-0507wb-44-02420 1
224 0 clueweb12-0900wb-34-26587 0
204 0 clueweb12-0004wb-28-22811 0
221 0 clueweb12-0506wb-95-15314 2
209 0 clueweb12-1608wb-13-11193 0
236 0 clueweb12-0402wb-92-16796 1
219 0 clueweb12-1311wb-42-21724 0
231 0 clueweb12-0204wb-56-16464 1
224 0 clueweb12-0108wb-20-08791 0
228 0 clueweb12-0406wb-03-17717 0
228 0 clueweb12-0406wb-03-17715 0
224 0 clueweb12-0007wb-06-23786 0
227 0 clueweb12-0005wb-02-15776 1
215 0 clueweb12-0306wb-81-00259 1
215 0 clueweb12-0306wb-81-00258 1
214 0 clueweb12-1103wb-86-18340 1
228 0 clueweb12-0406wb-03-17724 0
217 0 clueweb12-0905wb-55-18536 2
227 0 clueweb12-0212wb-09-16791 1
207 0 clueweb12-0206wb-68-25063 1
205 0 clueweb12-0102wb-75-14247 0
215 0 clueweb12-0306wb-81-00285 1
215 0 clueweb12-0306wb-81-00284 1
224 0 clueweb12-0004wb-47-03182 0
215 0 clueweb12-0306wb-81-00276 2
215 0 clueweb12-0306wb-81-00270 1
215 0 clueweb12-0306wb-81-00291 1
215 0 clueweb12-0306wb-81-00290 1
238 0 clueweb12-0211wb-82-17781 0
219 0 clueweb12-1609wb-80-00836 0
240 0 clueweb12-0006wb-71-22510 0
201 0 clueweb12-0917wb-66-01171 0
227 0 clueweb12-0004wb-70-22993 3
209 0 clueweb12-0209wb-67-07124 0
220 0 clueweb12-0004wb-26-28187 2
232 0 clueweb12-1114wb-73-29838 0
220 0 clueweb12-0013wb-16-09253 0
211 0 clueweb12-0007wb-52-06376 0
237 0 clueweb12-0205wb-44-21283 2
237 0 clueweb12-0205wb-44-21281 0
215 0 clueweb12-0715wb-13-05157 0
215 0 clueweb12-1200tw-26-18640 1
219 0 clueweb12-1310wb-45-15093 0
209 0 clueweb12-1608wb-50-23165 0
215 0 clueweb12-0105wb-62-12281 1
232 0 clueweb12-1806wb-37-05723 0
232 0 clueweb12-1806wb-37-05721 1
219 0 clueweb12-1606wb-13-27174 0
224 0 clueweb12-0100wb-69-15291 0
238 0 clueweb12-0311wb-55-34385 0
223 0 clueweb12-0207wb-17-28261 0
239 0 clueweb12-0605wb-32-05006 0
246 0 clueweb12-0108wb-37-10175 0
211 0 clueweb12-0306wb-63-28659 2
248 0 clueweb12-0110wb-20-24355 1
236 0 clueweb12-0403wb-33-31326 1
223 0 clueweb12-0106wb-03-06403 0
228 0 clueweb12-0702wb-03-05594 0
219 0 clueweb12-0403wb-09-36540 0
233 0 clueweb12-0101wb-40-28502 1
224 0 clueweb12-1516wb-54-03521 0
213 0 clueweb12-1707wb-93-28998 2
214 0 clueweb12-1406wb-12-16638 0
219 0 clueweb12-1310wb-24-25336 0
214 0 clueweb12-0003wb-84-12067 1
206 0 clueweb12-0000wb-54-15075 0
246 0 clueweb12-1013wb-52-32721 1
215 0 clueweb12-0306wb-96-00329 1
215 0 clueweb12-0306wb-96-00328 1
215 0 clueweb12-0306wb-96-00324 1
209 0 clueweb12-0301wb-72-04109 0
225 0 clueweb12-0103wb-25-19783 0
215 0 clueweb12-0306wb-96-00334 1
215 0 clueweb12-0306wb-96-00335 1
225 0 clueweb12-0101wb-44-21854 0
240 0 clueweb12-0312wb-09-00637 2
201 0 clueweb12-0108wb-86-18203 2
227 0 clueweb12-0901wb-49-18208 0
215 0 clueweb12-1005wb-50-26906 0
238 0 clueweb12-0111wb-89-08148 0
208 0 clueweb12-0702wb-60-31046 0
246 0 clueweb12-0008wb-94-24003 0
219 0 clueweb12-1609wb-72-13636 0
247 0 clueweb12-0111wb-80-22225 0
215 0 clueweb12-0206wb-28-00419 0
209 0 clueweb12-0011wb-71-24031 0
208 0 clueweb12-1207wb-81-14962 0
242 0 clueweb12-0302wb-56-19772 0
213 0 clueweb12-0406wb-10-17326 0
238 0 clueweb12-0209wb-66-01685 0
214 0 clueweb12-0003wb-84-12101 0
248 0 clueweb12-0007wb-93-12159 0
221 0 clueweb12-0300tw-54-02143 0
204 0 clueweb12-0108wb-24-32459 0
211 0 clueweb12-0304wb-99-02605 2
215 0 clueweb12-0007wb-31-23537 1
222 0 clueweb12-0000wb-44-33727 2
238 0 clueweb12-0715wb-35-15514 0
235 0 clueweb12-1516wb-29-22934 0
208 0 clueweb12-0610wb-09-27317 0
202 0 clueweb12-1502wb-88-24992 0
208 0 clueweb12-0602wb-60-02021 0
219 0 clueweb12-1608wb-52-20075 0
219 0 clueweb12-0302wb-87-19520 0
213 0 clueweb12-0106wb-74-24799 2
247 0 clueweb12-1615wb-58-03484 1
214 0 clueweb12-1700tw-01-13799 1
237 0 clueweb12-0511wb-19-32368 0
234 0 clueweb12-1103wb-99-21628 1
208 0 clueweb12-1611wb-32-16375 2
214 0 clueweb12-0919wb-66-07959 1
211 0 clueweb12-0300wb-87-07699 1
219 0 clueweb12-1000wb-92-14413 0
239 0 clueweb12-0204wb-00-26871 0
219 0 clueweb12-1312wb-51-07790 0
219 0 clueweb12-1312wb-51-07791 0
221 0 clueweb12-0400wb-18-04487 0
237 0 clueweb12-1209wb-10-14679 3
211 0 clueweb12-0007wb-59-17886 0
225 0 clueweb12-0001wb-30-18553 0
209 0 clueweb12-1608wb-39-23585 0
228 0 clueweb12-0013wb-82-07926 0
227 0 clueweb12-0200wb-42-21158 0
228 0 clueweb12-0100wb-22-00265 0
228 0 clueweb12-0010wb-16-21450 0
228 0 clueweb12-0100wb-22-00279 0
228 0 clueweb12-0000wb-19-33573 0
241 0 clueweb12-0200wb-91-01279 0
239 0 clueweb12-0003wb-36-29254 0
216 0 clueweb12-0311wb-68-10701 2
215 0 clueweb12-0004wb-90-09669 0
206 0 clueweb12-0107wb-40-08680 1
247 0 clueweb12-0011wb-95-17927 0
221 0 clueweb12-0510wb-07-22753 3
250 0 clueweb12-1906wb-06-11966 0
219 0 clueweb12-0111wb-91-33633 0
233 0 clueweb12-0110wb-99-16014 0
211 0 clueweb12-0403wb-47-29726 0
221 0 clueweb12-0100wb-91-16022 1
230 0 clueweb12-0901wb-71-15921 0
211 0 clueweb12-0305wb-02-07034 2
220 0 clueweb12-1202wb-24-03945 0
221 0 clueweb12-0503wb-12-31058 3
206 0 clueweb12-1501wb-66-13825 1
239 0 clueweb12-0209wb-71-29207 0
211 0 clueweb12-0609wb-72-15381 2
246 0 clueweb12-1903wb-54-13020 0
223 0 clueweb12-0403wb-90-04974 1
215 0 clueweb12-0103wb-71-28727 1
237 0 clueweb12-1509wb-36-29422 0
231 0 clueweb12-1009wb-33-15009 1
238 0 clueweb12-0008wb-26-31156 0
228 0 clueweb12-0101wb-02-11579 0
241 0 clueweb12-0013wb-16-02060 1
240 0 clueweb12-0208wb-98-16891 2
209 0 clueweb12-0007wb-02-26505 0
231 0 clueweb12-0805wb-08-08119 1
213 0 clueweb12-1117wb-67-14649 2
219 0 clueweb12-1311wb-08-31377 0
227 0 clueweb12-0001wb-97-24625 0
249 0 clueweb12-0009wb-74-29980 0
246 0 clueweb12-0904wb-51-08707 0
225 0 clueweb12-1502wb-12-05205 0
228 0 clueweb12-0702wb-56-10437 0
243 0 clueweb12-0307wb-39-29792 1
206 0 clueweb12-1117wb-66-20375 0
243 0 clueweb12-0307wb-39-29791 1
233 0 clueweb12-0107wb-99-09400 0
210 0 clueweb12-1212wb-63-01695 0
225 0 clueweb12-1802wb-11-06558 0
211 0 clueweb12-1504wb-25-29013 0
224 0 clueweb12-1815wb-17-14836 0
202 0 clueweb12-0412wb-03-03995 0
215 0 clueweb12-0411wb-62-28201 0
222 0 clueweb12-1107wb-62-07587 0
239 0 clueweb12-0700tw-35-10167 1
203 0 clueweb12-0111wb-55-23536 1
248 0 clueweb12-1304wb-05-12048 0
208 0 clueweb12-1003wb-76-16777 0
235 0 clueweb12-1210wb-43-29239 -2
205 0 clueweb12-1215wb-85-12745 0
215 0 clueweb12-0306wb-97-10912 1
215 0 clueweb12-0306wb-97-10916 1
215 0 clueweb12-0306wb-97-10917 1
215 0 clueweb12-0306wb-97-10914 1
215 0 clueweb12-0200tw-17-13959 1
226 0 clueweb12-1911wb-49-09819 0
236 0 clueweb12-0502wb-04-33643 1
242 0 clueweb12-0301wb-02-33165 0
203 0 clueweb12-1310wb-09-15085 1
205 0 clueweb12-0010wb-18-15099 0
221 0 clueweb12-0907wb-50-13279 2
232 0 clueweb12-0303wb-01-12353 1
228 0 clueweb12-0311wb-78-00418 0
214 0 clueweb12-1019wb-79-00865 0
249 0 clueweb12-0810wb-68-00357 0
224 0 clueweb12-1504wb-87-23052 2
228 0 clueweb12-1400tw-28-07364 1
249 0 clueweb12-1400wb-31-20663 0
222 0 clueweb12-0202wb-19-12240 1
226 0 clueweb12-0606wb-12-03164 2
214 0 clueweb12-1713wb-53-06461 1
241 0 clueweb12-0203wb-79-20002 1
211 0 clueweb12-0400wb-40-15583 0
220 0 clueweb12-0501wb-49-12906 0
211 0 clueweb12-1205wb-28-06475 1
240 0 clueweb12-0909wb-00-20391 0
246 0 clueweb12-1007wb-96-14962 0
202 0 clueweb12-0412wb-15-12461 0
211 0 clueweb12-0211wb-58-02987 0
232 0 clueweb12-0410wb-84-03412 0
249 0 clueweb12-0004wb-15-02220 0
223 0 clueweb12-1504wb-65-02511 0
241 0 clueweb12-1118wb-28-22082 1
211 0 clueweb12-0004wb-58-31261 0
202 0 clueweb12-1205wb-18-29328 0
246 0 clueweb12-0904wb-29-24095 0
250 0 clueweb12-1501wb-23-30099 0
228 0 clueweb12-0501wb-47-04628 0
232 0 clueweb12-0600tw-03-09830 0
226 0 clueweb12-0211wb-95-22061 1
203 0 clueweb12-0009wb-54-04018 0
246 0 clueweb12-0609wb-72-06643 2
246 0 clueweb12-0609wb-72-06638 0
206 0 clueweb12-0302wb-67-24746 0
246 0 clueweb12-0609wb-72-06631 1
219 0 clueweb12-1100wb-40-13331 0
215 0 clueweb12-0301wb-44-31598 0
224 0 clueweb12-0205wb-23-30936 0
231 0 clueweb12-0007wb-63-08973 1
206 0 clueweb12-1215wb-21-14473 1
238 0 clueweb12-0206wb-31-26040 1
215 0 clueweb12-0606wb-44-26225 0
238 0 clueweb12-0008wb-32-02389 0
233 0 clueweb12-0109wb-07-30378 0
217 0 clueweb12-0000wb-91-20312 1
236 0 clueweb12-0914wb-68-01319 1
246 0 clueweb12-0609wb-34-31490 0
246 0 clueweb12-0609wb-34-31497 0
246 0 clueweb12-0609wb-34-31499 1
224 0 clueweb12-1701wb-91-04164 0
246 0 clueweb12-0609wb-34-31488 0
246 0 clueweb12-0609wb-34-31489 2
221 0 clueweb12-1800wb-56-25056 1
249 0 clueweb12-0007wb-36-32617 2
237 0 clueweb12-0307wb-33-24328 0
247 0 clueweb12-0205wb-61-28555 0
208 0 clueweb12-0304wb-68-23890 0
220 0 clueweb12-0012wb-22-09167 0
219 0 clueweb12-1311wb-75-24606 0
214 0 clueweb12-0206wb-85-22605 1
217 0 clueweb12-0106wb-62-06739 0
224 0 clueweb12-0013wb-12-11992 2
215 0 clueweb12-1407wb-15-12883 0
219 0 clueweb12-1211wb-28-18842 0
219 0 clueweb12-1312wb-70-11361 0
245 0 clueweb12-1909wb-97-00215 0
236 0 clueweb12-0403wb-58-12394 1
232 0 clueweb12-0914wb-78-19390 0