58 0 clueweb09-en0009-77-27565 0
79 0 clueweb09-en0002-98-32792 1
73 0 clueweb09-en0054-50-28658 0
83 0 clueweb09-en0000-04-17593 0
56 0 clueweb09-en0025-58-29262 0
94 0 clueweb09-en0011-09-27755 0
62 0 clueweb09-en0058-30-11836 0
74 0 clueweb09-en0093-73-02631 0
66 0 clueweb09-en0000-58-00959 -2
75 0 clueweb09-en0012-36-22118 0
75 0 clueweb09-en0012-36-22113 0
66 0 clueweb09-en0000-58-00960 -2
82 0 clueweb09-en0035-33-35420 0
88 0 clueweb09-en0104-36-16113 1
61 0 clueweb09-en0133-74-31846 0
89 0 clueweb09-en0131-26-39273 0
81 0 clueweb09-en0001-77-14899 0
93 0 clueweb09-en0011-72-35107 0
79 0 clueweb09-en0008-91-25669 0
92 0 clueweb09-en0001-35-12146 0
92 0 clueweb09-en0001-35-12147 0
59 0 clueweb09-en0002-43-28849 0
87 0 clueweb09-en0012-23-13127 0
98 0 clueweb09-en0065-12-00473 2
54 0 clueweb09-en0004-43-13767 0
84 0 clueweb09-en0002-83-28882 2
54 0 clueweb09-en0008-00-08997 1
82 0 clueweb09-en0035-33-35452 0
54 0 clueweb09-en0002-24-26964 0
82 0 clueweb09-en0008-52-26492 1
64 0 clueweb09-en0021-40-02835 2
82 0 clueweb09-en0080-60-19375 0
83 0 clueweb09-en0123-70-08941 1
72 0 clueweb09-en0009-03-00917 0
71 0 clueweb09-en0007-34-34261 1
54 0 clueweb09-en0016-13-21883 0
70 0 clueweb09-en0051-44-26543 0
59 0 clueweb09-en0093-33-34728 0
71 0 clueweb09-en0032-38-12575 0
69 0 clueweb09-en0052-24-38973 0
61 0 clueweb09-en0012-46-27778 0
54 0 clueweb09-en0017-47-16346 1
81 0 clueweb09-en0127-81-23793 0
81 0 clueweb09-en0001-17-33039 0
71 0 clueweb09-en0019-45-32337 0
70 0 clueweb09-en0000-03-22521 0
66 0 clueweb09-en0131-06-01769 0
98 0 clueweb09-en0010-27-07066 0
64 0 clueweb09-en0091-86-26676 0
76 0 clueweb09-en0022-57-22134 0
71 0 clueweb09-en0009-36-34056 0
64 0 clueweb09-en0021-91-24958 2
77 0 clueweb09-en0076-33-41517 0
71 0 clueweb09-en0009-36-34035 0
78 0 clueweb09-en0013-04-24384 -2
82 0 clueweb09-en0049-71-01539 2
87 0 clueweb09-en0031-04-20569 1
94 0 clueweb09-en0010-55-32197 0
90 0 clueweb09-en0009-19-10717 0
90 0 clueweb09-en0009-19-10716 0
85 0 clueweb09-en0082-27-07281 0
94 0 clueweb09-en0012-83-00047 0
70 0 clueweb09-en0002-10-15771 0
75 0 clueweb09-en0003-00-32334 1
64 0 clueweb09-en0006-09-33462 1
94 0 clueweb09-en0012-83-00029 0
75 0 clueweb09-en0022-49-10602 0
58 0 clueweb09-en0011-58-18312 0
62 0 clueweb09-en0011-58-18312 0
72 0 clueweb09-en0051-90-11747 2
64 0 clueweb09-en0065-69-31557 0
75 0 clueweb09-en0009-11-15562 0
99 0 clueweb09-en0053-73-09514 0
66 0 clueweb09-en0000-58-00723 -2
60 0 clueweb09-en0009-44-13238 1
70 0 clueweb09-en0000-00-19229 0
89 0 clueweb09-en0010-96-15246 3
87 0 clueweb09-en0000-42-00274 0
96 0 clueweb09-en0003-45-04980 0
63 0 clueweb09-en0025-62-31783 0
66 0 clueweb09-en0106-50-06607 0
76 0 clueweb09-en0087-51-10098 0
71 0 clueweb09-en0022-76-10899 0
60 0 clueweb09-en0066-02-39625 1
75 0 clueweb09-en0011-88-31002 1
80 0 clueweb09-en0023-69-18849 0
79 0 clueweb09-en0011-58-18312 0
59 0 clueweb09-en0020-39-07732 0
93 0 clueweb09-en0012-95-27930 0
73 0 clueweb09-en0040-72-15393 1
76 0 clueweb09-en0064-35-32651 1
84 0 clueweb09-en0011-18-37884 1
65 0 clueweb09-en0001-09-33765 0
69 0 clueweb09-en0020-58-16609 0
82 0 clueweb09-en0011-60-35360 0
78 0 clueweb09-en0003-43-22144 -2
78 0 clueweb09-en0127-99-44498 1
96 0 clueweb09-en0011-61-42873 1
86 0 clueweb09-en0011-81-11849 0
69 0 clueweb09-en0038-69-07046 0
69 0 clueweb09-en0038-69-07045 0
68 0 clueweb09-en0038-58-07817 0
67 0 clueweb09-en0011-67-01000 0
66 0 clueweb09-en0045-66-13599 0
59 0 clueweb09-en0008-38-23558 0
59 0 clueweb09-en0079-19-31953 1
92 0 clueweb09-en0006-43-18724 0
69 0 clueweb09-en0024-20-15648 0
58 0 clueweb09-en0011-62-10085 0
74 0 clueweb09-en0026-14-38593 0
67 0 clueweb09-en0006-42-04259 0
54 0 clueweb09-en0008-79-34487 1
70 0 clueweb09-en0008-32-38939 0
96 0 clueweb09-en0004-02-33246 0
89 0 clueweb09-en0010-06-07620 1
73 0 clueweb09-en0003-43-08004 1
74 0 clueweb09-en0024-04-21688 0
85 0 clueweb09-en0007-18-30844 1
99 0 clueweb09-en0003-73-04019 0
65 0 clueweb09-en0002-65-08787 1
70 0 clueweb09-en0008-27-21361 0
68 0 clueweb09-en0007-16-07399 0
56 0 clueweb09-en0126-28-01458 0
51 0 clueweb09-en0127-28-23707 0
54 0 clueweb09-en0083-74-16136 0
91 0 clueweb09-en0011-95-25801 0
60 0 clueweb09-en0130-23-01809 0
85 0 clueweb09-en0001-74-04632 0
55 0 clueweb09-en0132-60-43807 1
90 0 clueweb09-en0024-18-01194 0
58 0 clueweb09-en0002-80-34741 0
88 0 clueweb09-en0009-50-23188 0
65 0 clueweb09-en0000-74-12539 0
81 0 clueweb09-en0000-62-03892 0
88 0 clueweb09-en0025-54-10699 0
56 0 clueweb09-en0004-26-15600 0
91 0 clueweb09-en0011-50-31067 2
60 0 clueweb09-en0132-24-01865 1
78 0 clueweb09-en0003-54-07397 -2
97 0 clueweb09-en0011-29-00272 0
88 0 clueweb09-en0005-67-35263 0
54 0 clueweb09-en0010-89-36725 1
89 0 clueweb09-en0004-37-00414 1
98 0 clueweb09-en0005-53-23372 1
73 0 clueweb09-en0003-52-12060 1
73 0 clueweb09-en0027-73-32524 1
92 0 clueweb09-en0006-87-08632 0
68 0 clueweb09-en0010-09-10301 0
51 0 clueweb09-en0035-25-12706 1
65 0 clueweb09-en0131-35-47127 0
93 0 clueweb09-en0011-51-09701 0
98 0 clueweb09-en0053-44-16271 0
99 0 clueweb09-en0006-01-35963 0
99 0 clueweb09-en0006-01-35958 0
71 0 clueweb09-en0008-10-34783 0
54 0 clueweb09-en0000-45-13479 1
75 0 clueweb09-en0005-59-36546 2
92 0 clueweb09-en0002-25-17679 0
70 0 clueweb09-en0048-14-14283 0
87 0 clueweb09-en0040-88-15315 0
78 0 clueweb09-en0005-00-05509 0
56 0 clueweb09-en0007-24-16582 0
79 0 clueweb09-en0000-32-16984 0
87 0 clueweb09-en0040-88-15326 0
86 0 clueweb09-en0051-86-34787 0
92 0 clueweb09-en0007-09-17443 0
65 0 clueweb09-en0010-95-39312 0
88 0 clueweb09-en0009-23-31626 2
64 0 clueweb09-en0002-01-06366 0
64 0 clueweb09-en0002-01-06367 0
73 0 clueweb09-en0020-67-07164 2
61 0 clueweb09-en0006-16-16226 1
93 0 clueweb09-en0003-46-16145 0
94 0 clueweb09-en0026-71-23652 0
96 0 clueweb09-en0005-34-33862 0
86 0 clueweb09-en0005-31-06506 0
54 0 clueweb09-en0009-80-00223 0
86 0 clueweb09-en0051-09-17021 1
97 0 clueweb09-en0010-29-37412 0
69 0 clueweb09-en0089-54-28519 0
77 0 clueweb09-en0006-77-03769 0
92 0 clueweb09-en0000-78-15471 0
86 0 clueweb09-en0006-45-17323 0
99 0 clueweb09-en0009-48-24659 0
92 0 clueweb09-en0005-70-09704 0
51 0 clueweb09-en0022-86-09587 0
87 0 clueweb09-en0058-36-10688 -2
89 0 clueweb09-en0047-89-07329 1
65 0 clueweb09-en0006-56-15879 0
55 0 clueweb09-en0008-74-16762 0
52 0 clueweb09-en0037-53-35241 0
54 0 clueweb09-en0009-46-02753 1
55 0 clueweb09-en0000-04-09865 1
55 0 clueweb09-en0000-04-09863 2
55 0 clueweb09-en0000-04-09864 1
70 0 clueweb09-en0092-80-12281 -2
70 0 clueweb09-en0092-80-12280 0
99 0 clueweb09-en0000-85-29420 0
63 0 clueweb09-en0009-71-07452 1
64 0 clueweb09-en0061-48-17392 1
79 0 clueweb09-en0000-32-16868 0
58 0 clueweb09-en0023-72-19369 0
56 0 clueweb09-en0133-42-52547 0
81 0 clueweb09-en0004-11-19973 0
71 0 clueweb09-en0007-36-24159 1
92 0 clueweb09-en0011-06-19161 0
86 0 clueweb09-en0003-76-13930 0
69 0 clueweb09-en0024-04-04691 0
72 0 clueweb09-en0001-72-21990 1
86 0 clueweb09-en0004-34-22538 0
78 0 clueweb09-en0052-25-13916 0
57 0 clueweb09-en0000-59-11800 0
64 0 clueweb09-en0012-99-13151 0
61 0 clueweb09-en0010-26-02103 0
58 0 clueweb09-en0087-48-31969 0
64 0 clueweb09-en0032-70-00176 0
67 0 clueweb09-en0011-72-06844 1
81 0 clueweb09-en0000-33-23421 0
73 0 clueweb09-en0064-24-36770 -2
75 0 clueweb09-en0009-49-00142 2
56 0 clueweb09-en0006-52-07091 0
78 0 clueweb09-en0013-74-11170 -2
56 0 clueweb09-en0031-11-17512 0
51 0 clueweb09-en0010-03-30909 0
97 0 clueweb09-en0007-43-21455 0
82 0 clueweb09-en0020-41-15821 0
84 0 clueweb09-en0011-39-26948 2
72 0 clueweb09-en0000-57-08041 0
58 0 clueweb09-en0000-84-02833 2
79 0 clueweb09-en0000-32-16765 0
97 0 clueweb09-en0005-56-06973 1
97 0 clueweb09-en0007-43-21466 0
71 0 clueweb09-en0026-55-04623 0
60 0 clueweb09-en0133-47-52623 1
51 0 clueweb09-en0023-33-01036 0
88 0 clueweb09-en0130-12-36661 0
82 0 clueweb09-en0000-31-05899 0
66 0 clueweb09-en0010-50-12982 -2
51 0 clueweb09-en0048-83-24071 -2
89 0 clueweb09-en0019-23-03390 1
85 0 clueweb09-en0093-43-32327 1
55 0 clueweb09-en0005-31-25475 0
89 0 clueweb09-en0019-23-03387 1
93 0 clueweb09-en0011-81-02200 0
93 0 clueweb09-en0011-51-09699 0
89 0 clueweb09-en0019-23-03388 1
93 0 clueweb09-en0011-51-09695 0
58 0 clueweb09-en0004-43-10859 1
92 0 clueweb09-en0016-65-20124 0
77 0 clueweb09-en0011-11-06116 0
60 0 clueweb09-en0040-44-40037 1
85 0 clueweb09-en0080-77-15572 1
85 0 clueweb09-en0080-77-15571 1
94 0 clueweb09-en0010-33-06313 0
85 0 clueweb09-en0013-90-03063 0
76 0 clueweb09-en0004-41-07050 0
76 0 clueweb09-en0004-41-07046 0
75 0 clueweb09-en0003-60-21368 0
51 0 clueweb09-en0049-16-41358 2
83 0 clueweb09-en0004-86-10232 -2
75 0 clueweb09-en0129-46-29349 1
83 0 clueweb09-en0122-67-08565 0
92 0 clueweb09-en0002-16-16693 0
68 0 clueweb09-en0011-58-18312 0
90 0 clueweb09-en0049-83-17581 1
51 0 clueweb09-en0023-02-18163 0
58 0 clueweb09-en0005-12-02710 0
70 0 clueweb09-en0001-32-01542 0
70 0 clueweb09-en0078-72-14460 0
82 0 clueweb09-en0009-24-23522 0
81 0 clueweb09-en0008-01-24269 0
87 0 clueweb09-en0004-90-09617 0
56 0 clueweb09-en0032-28-06742 1
73 0 clueweb09-en0037-20-18993 1
67 0 clueweb09-en0010-42-06198 0
89 0 clueweb09-en0011-58-18312 0
62 0 clueweb09-en0007-84-23867 0
59 0 clueweb09-en0131-12-51097 0
99 0 clueweb09-en0018-47-32944 0
72 0 clueweb09-en0005-98-09643 0
52 0 clueweb09-en0003-78-03123 0
55 0 clueweb09-en0133-74-49678 2
94 0 clueweb09-en0005-89-01994 0
82 0 clueweb09-en0006-05-11458 0
56 0 clueweb09-en0011-61-45078 0
54 0 clueweb09-en0009-81-19338 0
90 0 clueweb09-en0035-68-06705 2
66 0 clueweb09-en0053-70-43966 0
64 0 clueweb09-en0001-83-22975 2
79 0 clueweb09-en0010-17-10842 0
76 0 clueweb09-en0062-81-23479 0
64 0 clueweb09-en0008-65-17269 0
78 0 clueweb09-en0035-68-19228 1
96 0 clueweb09-en0010-16-40809 0
92 0 clueweb09-en0023-23-33899 0
88 0 clueweb09-en0001-99-12608 0
96 0 clueweb09-en0010-16-40811 0
55 0 clueweb09-en0009-15-10784 0
97 0 clueweb09-en0030-00-16449 1
62 0 clueweb09-en0024-82-07169 0
98 0 clueweb09-en0009-64-36452 0
82 0 clueweb09-en0009-24-23479 0
81 0 clueweb09-en0000-93-04982 0
87 0 clueweb09-en0030-73-07601 0
87 0 clueweb09-en0030-73-07607 0
62 0 clueweb09-en0010-16-05310 0
70 0 clueweb09-en0048-98-23763 0
54 0 clueweb09-en0001-13-09714 1
59 0 clueweb09-en0019-90-18242 0
70 0 clueweb09-en0008-31-28478 0
87 0 clueweb09-en0004-71-14401 0
70 0 clueweb09-en0008-31-28480 0
90 0 clueweb09-en0011-54-12912 0
60 0 clueweb09-en0128-01-07059 1
72 0 clueweb09-en0131-53-27122 0
60 0 clueweb09-en0128-01-07080 1
76 0 clueweb09-en0011-27-09452 1
53 0 clueweb09-en0011-53-07816 0
79 0 clueweb09-en0000-47-32376 0
54 0 clueweb09-en0000-91-06556 1
96 0 clueweb09-en0000-01-08644 0
96 0 clueweb09-en0000-01-08646 0
78 0 clueweb09-en0007-59-32926 0
51 0 clueweb09-en0008-37-05398 0
94 0 clueweb09-en0000-10-11519 0
96 0 clueweb09-en0000-01-08640 0
96 0 clueweb09-en0000-01-08643 0
96 0 clueweb09-en0000-01-08626 0
69 0 clueweb09-en0009-60-19973 0
96 0 clueweb09-en0000-01-08618 0
86 0 clueweb09-en0002-91-15853 0
61 0 clueweb09-en0004-55-26680 0
96 0 clueweb09-en0000-01-08619 0
96 0 clueweb09-en0000-01-08620 0
72 0 clueweb09-en0012-30-24832 0
90 0 clueweb09-en0052-15-00108 0
78 0 clueweb09-en0004-43-08421 0
96 0 clueweb09-en0133-54-10284 1
72 0 clueweb09-en0012-24-38959 0
66 0 clueweb09-en0029-68-14001 -2
96 0 clueweb09-en0005-78-39740 1
97 0 clueweb09-en0003-57-12086 2
94 0 clueweb09-en0011-72-09586 0
80 0 clueweb09-en0005-10-30684 1
61 0 clueweb09-en0133-66-43077 0
71 0 clueweb09-en0023-57-38904 0
68 0 clueweb09-en0132-88-05891 0
55 0 clueweb09-en0009-29-05428 0
98 0 clueweb09-en0013-29-06264 0
53 0 clueweb09-en0017-83-10330 0
67 0 clueweb09-en0002-53-12321 0
78 0 clueweb09-en0010-81-25687 -2
78 0 clueweb09-en0010-81-25684 -2
70 0 clueweb09-en0091-14-28900 0
86 0 clueweb09-en0117-92-03669 1
99 0 clueweb09-en0009-61-25554 2
64 0 clueweb09-en0012-60-14498 0
51 0 clueweb09-en0072-07-13393 0
91 0 clueweb09-en0117-19-38872 0
90 0 clueweb09-en0039-79-12567 1
68 0 clueweb09-en0010-09-10284 -2
97 0 clueweb09-en0000-24-04491 0
68 0 clueweb09-en0010-09-10294 0
96 0 clueweb09-en0011-81-08733 1
96 0 clueweb09-en0129-17-47095 0
52 0 clueweb09-en0009-30-33334 0
78 0 clueweb09-en0081-26-03932 0
98 0 clueweb09-en0011-49-00268 0
68 0 clueweb09-en0010-09-10253 0
92 0 clueweb09-en0009-87-12475 0
90 0 clueweb09-en0002-31-22472 0
61 0 clueweb09-en0040-98-07923 0
63 0 clueweb09-en0128-91-29210 0
87 0 clueweb09-en0007-48-17608 0
54 0 clueweb09-en0007-99-12100 0
79 0 clueweb09-en0007-61-37415 0
51 0 clueweb09-en0047-29-06768 1
77 0 clueweb09-en0000-13-30627 0
88 0 clueweb09-en0007-94-37363 0
82 0 clueweb09-en0008-75-07185 0
55 0 clueweb09-en0009-66-17329 1
70 0 clueweb09-en0006-10-11583 0
59 0 clueweb09-en0122-83-09659 0
98 0 clueweb09-en0009-93-16065 0
70 0 clueweb09-en0004-97-19594 0
92 0 clueweb09-en0002-21-03609 0
75 0 clueweb09-en0041-86-10873 1
75 0 clueweb09-en0010-66-11349 1
86 0 clueweb09-en0010-20-16699 0
81 0 clueweb09-en0008-79-17859 0
75 0 clueweb09-en0021-99-16212 0
87 0 clueweb09-en0002-30-26350 0
83 0 clueweb09-en0044-49-04780 0
70 0 clueweb09-en0004-68-01658 0
61 0 clueweb09-en0019-92-34131 0
58 0 clueweb09-en0133-23-03332 0
75 0 clueweb09-en0040-06-34914 0
56 0 clueweb09-en0035-06-05041 0
97 0 clueweb09-en0010-21-28262 1
59 0 clueweb09-en0011-26-08653 0
54 0 clueweb09-en0036-94-22635 1
70 0 clueweb09-en0010-84-14296 0
83 0 clueweb09-en0001-18-16772 1
81 0 clueweb09-en0006-46-08762 0
81 0 clueweb09-en0000-47-33066 1
70 0 clueweb09-en0049-07-29925 0
70 0 clueweb09-en0049-07-29921 0
70 0 clueweb09-en0049-07-29923 0
79 0 clueweb09-en0000-55-11473 2
70 0 clueweb09-en0049-07-29932 0
70 0 clueweb09-en0049-07-29919 -2
51 0 clueweb09-en0010-49-39017 0
61 0 clueweb09-en0009-26-18332 0
97 0 clueweb09-en0000-30-14358 0
67 0 clueweb09-en0063-66-36771 0
78 0 clueweb09-en0005-00-01199 0
74 0 clueweb09-en0005-43-20270 2
54 0 clueweb09-en0016-77-24998 1
82 0 clueweb09-en0007-33-28528 0
55 0 clueweb09-en0010-08-06683 2
61 0 clueweb09-en0008-66-30090 0
70 0 clueweb09-en0068-28-12761 0
96 0 clueweb09-en0003-05-10455 0
80 0 clueweb09-en0042-29-05762 1
97 0 clueweb09-en0004-96-32653 0
97 0 clueweb09-en0012-49-16409 1
66 0 clueweb09-en0009-49-35255 -2
92 0 clueweb09-en0133-50-06698 -2
87 0 clueweb09-en0011-50-26063 0
51 0 clueweb09-en0010-86-27049 0
97 0 clueweb09-en0008-43-01101 0
51 0 clueweb09-en0010-86-27053 1
51 0 clueweb09-en0010-86-27052 1
97 0 clueweb09-en0004-69-21854 1
78 0 clueweb09-en0006-09-21036 0
89 0 clueweb09-en0048-28-29734 1
85 0 clueweb09-en0005-47-20798 0
89 0 clueweb09-en0004-96-15653 0
61 0 clueweb09-en0007-38-00376 0
54 0 clueweb09-en0024-08-32210 0
89 0 clueweb09-en0048-28-29733 1
61 0 clueweb09-en0011-91-32722 0
84 0 clueweb09-en0004-27-23942 2
65 0 clueweb09-en0000-33-22666 0
68 0 clueweb09-en0010-45-14729 1
64 0 clueweb09-en0009-35-00676 1
64 0 clueweb09-en0015-71-18691 0
97 0 clueweb09-en0130-64-25396 0
51 0 clueweb09-en0007-15-05471 0
93 0 clueweb09-en0005-77-01092 0
51 0 clueweb09-en0007-15-05474 0
56 0 clueweb09-en0054-72-05082 0
51 0 clueweb09-en0007-15-05458 0
58 0 clueweb09-en0008-16-35851 0
69 0 clueweb09-en0005-10-04328 0
99 0 clueweb09-en0009-90-20878 2
55 0 clueweb09-en0011-79-05590 2
81 0 clueweb09-en0019-61-21621 0
52 0 clueweb09-en0004-81-30759 0
51 0 clueweb09-en0010-52-16021 0
91 0 clueweb09-en0035-62-01859 1
65 0 clueweb09-en0011-45-11420 0
94 0 clueweb09-en0000-10-11931 0
94 0 clueweb09-en0010-67-15372 0
66 0 clueweb09-en0129-93-10184 0
69 0 clueweb09-en0005-61-24398 0
67 0 clueweb09-en0008-63-34252 1
93 0 clueweb09-en0100-72-13071 0
83 0 clueweb09-en0019-79-13211 1
59 0 clueweb09-en0002-53-20163 3
99 0 clueweb09-en0010-78-32219 0
94 0 clueweb09-en0000-08-20417 0
51 0 clueweb09-en0021-79-39579 0
54 0 clueweb09-en0011-01-19592 0
51 0 clueweb09-en0007-15-05432 0
51 0 clueweb09-en0007-15-05425 0
51 0 clueweb09-en0007-15-05445 0
78 0 clueweb09-en0012-34-03501 0
94 0 clueweb09-en0001-79-05511 0
51 0 clueweb09-en0106-60-15021 0
86 0 clueweb09-en0011-58-18312 -2
70 0 clueweb09-en0020-63-17070 0
54 0 clueweb09-en0008-27-14676 0
80 0 clueweb09-en0006-98-32451 0
59 0 clueweb09-en0009-02-18584 0
54 0 clueweb09-en0007-34-11672 2
71 0 clueweb09-en0003-84-09969 1
91 0 clueweb09-en0005-59-14061 1
66 0 clueweb09-en0007-42-37193 0
66 0 clueweb09-en0007-42-37195 0
67 0 clueweb09-en0022-04-01400 2
93 0 clueweb09-en0038-55-01187 0
53 0 clueweb09-en0006-30-35488 0
53 0 clueweb09-en0006-30-35487 3
88 0 clueweb09-en0009-82-12765 1
88 0 clueweb09-en0008-32-15378 0
83 0 clueweb09-en0009-12-17428 0
97 0 clueweb09-en0009-26-17790 2
65 0 clueweb09-en0010-23-02702 0
63 0 clueweb09-en0060-65-11224 1
72 0 clueweb09-en0004-48-13788 -2
72 0 clueweb09-en0000-00-27802 1
69 0 clueweb09-en0118-09-03170 0
94 0 clueweb09-en0008-51-21623 0
61 0 clueweb09-en0000-24-22653 0
61 0 clueweb09-en0000-24-22652 0
66 0 clueweb09-en0039-07-03745 0
65 0 clueweb09-en0011-23-24827 0
72 0 clueweb09-en0002-88-36222 1
93 0 clueweb09-en0051-80-00951 2
56 0 clueweb09-en0090-35-29197 0
83 0 clueweb09-en0002-96-35752 1
84 0 clueweb09-en0006-17-25404 -2
82 0 clueweb09-en0064-30-11159 0
56 0 clueweb09-en0013-72-06270 1
67 0 clueweb09-en0004-49-05650 0
92 0 clueweb09-en0004-98-23434 0
68 0 clueweb09-en0092-58-44370 0
84 0 clueweb09-en0001-87-23111 1
52 0 clueweb09-en0008-11-17516 0
67 0 clueweb09-en0002-14-19651 1
81 0 clueweb09-en0005-80-07499 0
51 0 clueweb09-en0127-52-21482 1
84 0 clueweb09-en0002-83-19055 1
99 0 clueweb09-en0006-01-36034 0
99 0 clueweb09-en0006-01-36031 0
96 0 clueweb09-en0002-65-32020 0
58 0 clueweb09-en0011-10-19583 1
93 0 clueweb09-en0000-34-13082 0
66 0 clueweb09-en0011-58-18312 0
58 0 clueweb09-en0011-10-19548 0
58 0 clueweb09-en0011-10-19545 1
58 0 clueweb09-en0011-10-19543 0
58 0 clueweb09-en0011-10-19541 1
58 0 clueweb09-en0011-10-19542 0
54 0 clueweb09-en0059-86-35641 0
60 0 clueweb09-en0008-74-13013 0
92 0 clueweb09-en0000-65-27440 0
61 0 clueweb09-en0064-98-32417 0
99 0 clueweb09-en0009-31-09926 0
56 0 clueweb09-en0000-45-13863 0
98 0 clueweb09-en0001-57-31349 1
52 0 clueweb09-en0023-11-01705 0
70 0 clueweb09-en0006-99-04743 0
70 0 clueweb09-en0006-99-04745 0
70 0 clueweb09-en0006-99-04741 0
87 0 clueweb09-en0011-58-18312 0
80 0 clueweb09-en0007-92-07659 0
66 0 clueweb09-en0076-87-06825 0
88 0 clueweb09-en0007-77-35599 0
58 0 clueweb09-en0001-96-22057 0
76 0 clueweb09-en0000-92-24904 0
82 0 clueweb09-en0001-09-30396 0
70 0 clueweb09-en0049-02-35469 0
54 0 clueweb09-en0026-45-38878 0
55 0 clueweb09-en0022-01-29716 0
55 0 clueweb09-en0022-01-29714 0
78 0 clueweb09-en0006-83-20906 0
93 0 clueweb09-en0003-61-08751 0
56 0 clueweb09-en0003-26-10106 0
88 0 clueweb09-en0011-43-05526 0
97 0 clueweb09-en0004-52-09958 1
51 0 clueweb09-en0008-85-35877 0
83 0 clueweb09-en0010-05-27797 1
82 0 clueweb09-en0093-61-18852 0
73 0 clueweb09-en0065-73-13029 0
64 0 clueweb09-en0003-85-17218 0
82 0 clueweb09-en0021-26-37959 0
82 0 clueweb09-en0008-43-15850 0
58 0 clueweb09-en0007-49-03586 0
82 0 clueweb09-en0003-08-18795 1
83 0 clueweb09-en0005-18-18675 0
78 0 clueweb09-en0007-64-28024 0
72 0 clueweb09-en0001-77-29101 1
70 0 clueweb09-en0022-14-14196 -2
59 0 clueweb09-en0007-70-26951 0
83 0 clueweb09-en0133-85-25179 0
59 0 clueweb09-en0007-84-23711 0
99 0 clueweb09-en0007-79-04991 2
87 0 clueweb09-en0004-35-00358 0
53 0 clueweb09-en0016-07-00248 0
72 0 clueweb09-en0007-68-09203 0
55 0 clueweb09-en0005-22-24530 1
92 0 clueweb09-en0011-88-34922 0
56 0 clueweb09-en0009-44-07039 0
89 0 clueweb09-en0009-18-27327 1
75 0 clueweb09-en0004-55-24160 0
51 0 clueweb09-en0060-87-20845 0
66 0 clueweb09-en0004-75-14235 1
56 0 clueweb09-en0088-66-21062 0
54 0 clueweb09-en0000-39-04628 2
81 0 clueweb09-en0007-96-05308 0
65 0 clueweb09-en0006-43-32149 2
79 0 clueweb09-en0005-04-11659 2
51 0 clueweb09-en0092-00-03048 1
84 0 clueweb09-en0010-34-43700 2
97 0 clueweb09-en0012-95-26086 0
79 0 clueweb09-en0005-04-11637 2
59 0 clueweb09-en0114-26-25281 0
79 0 clueweb09-en0005-04-11628 2
79 0 clueweb09-en0005-04-11627 2
79 0 clueweb09-en0005-04-11602 2
79 0 clueweb09-en0005-04-11604 2
79 0 clueweb09-en0005-04-11603 2
87 0 clueweb09-en0004-81-05023 1
89 0 clueweb09-en0009-18-27331 1
90 0 clueweb09-en0012-06-14932 0
82 0 clueweb09-en0003-95-00252 1
99 0 clueweb09-en0001-88-00550 0
69 0 clueweb09-en0006-92-14925 0
79 0 clueweb09-en0005-04-11599 2
84 0 clueweb09-en0011-50-17854 0
60 0 clueweb09-en0132-35-25294 0
84 0 clueweb09-en0011-58-18312 0
72 0 clueweb09-en0097-72-40556 0
59 0 clueweb09-en0003-74-28523 1
61 0 clueweb09-en0001-24-16389 0
98 0 clueweb09-en0011-30-16009 0
98 0 clueweb09-en0011-30-16010 0
63 0 clueweb09-en0011-58-18312 0
91 0 clueweb09-en0004-63-28527 1
65 0 clueweb09-en0003-94-31548 3
69 0 clueweb09-en0009-36-35956 1
69 0 clueweb09-en0009-36-35957 0
92 0 clueweb09-en0129-27-10645 0
92 0 clueweb09-en0003-92-18419 0
69 0 clueweb09-en0009-36-35963 0
69 0 clueweb09-en0009-36-35964 0
69 0 clueweb09-en0009-36-35961 0
69 0 clueweb09-en0009-36-35960 0
69 0 clueweb09-en0009-36-35959 0
62 0 clueweb09-en0003-68-28654 0
62 0 clueweb09-en0035-74-39593 0
64 0 clueweb09-en0006-58-33054 1
71 0 clueweb09-en0003-31-16394 0
98 0 clueweb09-en0092-95-32426 0
73 0 clueweb09-en0010-88-38835 0
98 0 clueweb09-en0043-23-09666 1
52 0 clueweb09-en0001-13-09714 0
90 0 clueweb09-en0005-07-21514 0
64 0 clueweb09-en0010-95-16229 0
96 0 clueweb09-en0007-05-26050 0
90 0 clueweb09-en0005-07-21523 0
63 0 clueweb09-en0004-99-31089 0
90 0 clueweb09-en0005-07-21520 0
64 0 clueweb09-en0005-40-36739 0
64 0 clueweb09-en0005-40-36724 0
73 0 clueweb09-en0009-10-39514 0
96 0 clueweb09-en0041-20-28975 0
52 0 clueweb09-en0020-47-11087 0
89 0 clueweb09-en0047-24-19453 1
98 0 clueweb09-en0025-85-18809 0
70 0 clueweb09-en0050-46-19369 0
82 0 clueweb09-en0003-08-31584 0
77 0 clueweb09-en0009-77-05291 0
61 0 clueweb09-en0006-07-26427 1
54 0 clueweb09-en0010-92-32997 0
69 0 clueweb09-en0002-87-10268 0
55 0 clueweb09-en0071-35-31751 0
70 0 clueweb09-en0004-38-27939 0
92 0 clueweb09-en0128-76-06983 1
51 0 clueweb09-en0009-75-38683 1
59 0 clueweb09-en0109-50-04641 1
59 0 clueweb09-en0109-50-04642 0
59 0 clueweb09-en0109-50-04643 1
59 0 clueweb09-en0109-50-04644 1
59 0 clueweb09-en0109-50-04645 1
67 0 clueweb09-en0027-32-11082 0
82 0 clueweb09-en0002-95-12417 0
60 0 clueweb09-en0003-13-25106 0
69 0 clueweb09-en0024-75-22925 0
55 0 clueweb09-en0008-23-13420 1
51 0 clueweb09-en0026-73-34652 0
51 0 clueweb09-en0075-12-17520 0
65 0 clueweb09-en0017-28-15427 1
52 0 clueweb09-en0005-38-22512 0
86 0 clueweb09-en0009-59-28200 0
64 0 clueweb09-en0017-41-29708 0
84 0 clueweb09-en0007-66-08955 2
73 0 clueweb09-en0036-17-39157 0
54 0 clueweb09-en0131-16-50968 1
76 0 clueweb09-en0082-56-21835 0
64 0 clueweb09-en0001-44-38354 0
67 0 clueweb09-en0008-10-39995 0
88 0 clueweb09-en0007-90-30405 0
59 0 clueweb09-en0094-07-45465 1
74 0 clueweb09-en0007-88-26891 0
81 0 clueweb09-en0003-22-21553 0
54 0 clueweb09-en0091-98-43605 1
83 0 clueweb09-en0003-14-15578 0
88 0 clueweb09-en0005-75-22083 0
84 0 clueweb09-en0010-14-17402 2
81 0 clueweb09-en0003-49-34391 0
61 0 clueweb09-en0048-59-12951 0
92 0 clueweb09-en0017-63-05975 0
83 0 clueweb09-en0005-74-34984 0
98 0 clueweb09-en0095-59-21028 0
77 0 clueweb09-en0010-94-21437 0
73 0 clueweb09-en0017-24-32982 1
55 0 clueweb09-en0000-00-09583 0
55 0 clueweb09-en0000-00-09585 0
88 0 clueweb09-en0000-65-02107 0
64 0 clueweb09-en0001-28-29843 1
70 0 clueweb09-en0098-58-25064 0
51 0 clueweb09-en0022-72-07587 1
93 0 clueweb09-en0025-03-36452 0
68 0 clueweb09-en0009-64-12892 0
77 0 clueweb09-en0002-12-04613 0
92 0 clueweb09-en0003-31-14199 0
81 0 clueweb09-en0000-94-04516 0
97 0 clueweb09-en0004-80-05947 0
71 0 clueweb09-en0028-57-03651 1
78 0 clueweb09-en0011-06-19665 0
54 0 clueweb09-en0000-56-16949 0
81 0 clueweb09-en0011-58-18312 0
78 0 clueweb09-en0005-78-17513 0
59 0 clueweb09-en0005-43-20641 0
58 0 clueweb09-en0008-11-12258 0
58 0 clueweb09-en0132-20-31194 0
92 0 clueweb09-en0003-31-14214 0
97 0 clueweb09-en0033-05-12836 0
84 0 clueweb09-en0002-76-15567 1
75 0 clueweb09-en0003-97-29914 0
93 0 clueweb09-en0032-68-20714 0
61 0 clueweb09-en0002-09-08941 1
69 0 clueweb09-en0008-50-33985 0
84 0 clueweb09-en0002-76-15589 1
84 0 clueweb09-en0002-76-15596 1
78 0 clueweb09-en0008-80-41068 0
51 0 clueweb09-en0022-34-21419 1
83 0 clueweb09-en0008-21-19007 0
76 0 clueweb09-en0128-76-15226 0
96 0 clueweb09-en0001-45-21800 0
92 0 clueweb09-en0002-98-01248 0
68 0 clueweb09-en0006-20-17681 0
92 0 clueweb09-en0002-98-01249 0
89 0 clueweb09-en0009-79-30810 0
82 0 clueweb09-en0050-95-03831 0
62 0 clueweb09-en0054-79-22410 0
75 0 clueweb09-en0010-94-30622 0
62 0 clueweb09-en0016-49-16909 1
87 0 clueweb09-en0002-22-31797 0
72 0 clueweb09-en0128-65-31363 1
87 0 clueweb09-en0009-86-06753 1
98 0 clueweb09-en0077-50-11859 0
78 0 clueweb09-en0011-58-18312 0
97 0 clueweb09-en0132-37-44502 1
54 0 clueweb09-en0003-71-24481 1
71 0 clueweb09-en0007-93-06939 1
70 0 clueweb09-en0128-44-14966 -2
69 0 clueweb09-en0008-72-33690 0
55 0 clueweb09-en0000-00-09605 0
64 0 clueweb09-en0002-56-10313 1
64 0 clueweb09-en0002-56-10314 0
88 0 clueweb09-en0010-95-04328 2
63 0 clueweb09-en0010-70-39822 0
87 0 clueweb09-en0009-95-28653 0
96 0 clueweb09-en0004-10-31480 0
98 0 clueweb09-en0000-98-11159 -2
96 0 clueweb09-en0009-16-07084 1
89 0 clueweb09-en0008-94-28240 1
80 0 clueweb09-en0047-46-09447 0
80 0 clueweb09-en0023-56-02169 1
80 0 clueweb09-en0023-56-02177 1
77 0 clueweb09-en0005-16-00143 1
75 0 clueweb09-en0021-71-15184 0
66 0 clueweb09-en0004-13-12725 -2
70 0 clueweb09-en0009-44-04571 0
58 0 clueweb09-en0027-63-29362 1
92 0 clueweb09-en0002-98-01207 0
51 0 clueweb09-en0008-32-08511 1
76 0 clueweb09-en0008-41-35468 1
55 0 clueweb09-en0009-21-02891 0
86 0 clueweb09-en0004-51-20972 1
59 0 clueweb09-en0079-42-30785 0
58 0 clueweb09-en0003-73-35408 0
64 0 clueweb09-en0054-96-30770 0
86 0 clueweb09-en0004-51-20976 0
84 0 clueweb09-en0106-75-30552 2
56 0 clueweb09-en0000-04-09052 0
86 0 clueweb09-en0038-40-02072 0
63 0 clueweb09-en0000-19-05192 0
63 0 clueweb09-en0000-19-05191 0
64 0 clueweb09-en0015-83-20586 1
80 0 clueweb09-en0020-73-12243 0
64 0 clueweb09-en0132-26-52122 0
64 0 clueweb09-en0132-26-52118 0
72 0 clueweb09-en0116-27-12366 2
92 0 clueweb09-en0009-60-22958 0
55 0 clueweb09-en0011-02-16472 2
66 0 clueweb09-en0049-87-34504 0
93 0 clueweb09-en0038-36-23173 0
75 0 clueweb09-en0011-58-18312 0
64 0 clueweb09-en0022-38-04440 0
59 0 clueweb09-en0009-77-17998 0
63 0 clueweb09-en0094-66-37974 1
89 0 clueweb09-en0004-74-41107 1
85 0 clueweb09-en0005-01-10404 1
52 0 clueweb09-en0000-51-12375 0
70 0 clueweb09-en0007-24-31678 0
80 0 clueweb09-en0011-66-03330 1
86 0 clueweb09-en0009-88-40156 0
87 0 clueweb09-en0081-43-39812 0
97 0 clueweb09-en0000-01-04890 0
57 0 clueweb09-en0126-06-39330 0
70 0 clueweb09-en0003-57-09307 0
69 0 clueweb09-en0010-47-14520 0
92 0 clueweb09-en0000-36-04265 0
93 0 clueweb09-en0094-39-14373 0
99 0 clueweb09-en0000-01-05200 0
81 0 clueweb09-en0001-09-25399 0
84 0 clueweb09-en0055-94-40716 2
59 0 clueweb09-en0000-72-00162 0
78 0 clueweb09-en0006-20-34181 0
62 0 clueweb09-en0005-31-06506 0
87 0 clueweb09-en0094-93-24461 0
89 0 clueweb09-en0001-35-31154 0
90 0 clueweb09-en0054-57-28469 2
73 0 clueweb09-en0013-84-01896 1
73 0 clueweb09-en0013-84-01897 0
70 0 clueweb09-en0010-74-17056 0
75 0 clueweb09-en0025-68-29233 0
80 0 clueweb09-en0003-82-27079 0
51 0 clueweb09-en0042-04-02334 0
78 0 clueweb09-en0006-20-34218 1
82 0 clueweb09-en0006-94-34680 0
69 0 clueweb09-en0008-40-12851 0
78 0 clueweb09-en0006-20-34242 0
78 0 clueweb09-en0006-20-34238 0
94 0 clueweb09-en0067-59-19359 0
96 0 clueweb09-en0133-59-20789 0
73 0 clueweb09-en0013-84-01820 1
73 0 clueweb09-en0013-84-01822 1
73 0 clueweb09-en0013-84-01824 0
85 0 clueweb09-en0008-44-12821 0
73 0 clueweb09-en0013-84-01829 0
73 0 clueweb09-en0013-84-01813 1
73 0 clueweb09-en0013-84-01814 1
73 0 clueweb09-en0013-84-01816 0
73 0 clueweb09-en0013-84-01817 1
88 0 clueweb09-en0023-11-31238 0
73 0 clueweb09-en0013-84-01837 1
99 0 clueweb09-en0130-90-44072 0
73 0 clueweb09-en0013-84-01866 1
94 0 clueweb09-en0006-49-16901 0
73 0 clueweb09-en0013-84-01857 1
73 0 clueweb09-en0013-84-01858 1
70 0 clueweb09-en0083-96-22474 1
58 0 clueweb09-en0011-58-10205 0
82 0 clueweb09-en0118-20-20372 0
99 0 clueweb09-en0007-42-18363 0
70 0 clueweb09-en0065-85-41819 0
84 0 clueweb09-en0006-73-36781 2
58 0 clueweb09-en0007-19-36871 0
74 0 clueweb09-en0133-00-39593 0
67 0 clueweb09-en0051-43-02875 0
62 0 clueweb09-en0133-29-48894 0
99 0 clueweb09-en0130-73-04520 0
51 0 clueweb09-en0079-76-37482 0
71 0 clueweb09-en0026-41-29016 1
51 0 clueweb09-en0011-41-17207 2
97 0 clueweb09-en0013-32-19834 0
78 0 clueweb09-en0006-20-34083 0
51 0 clueweb09-en0011-41-17214 1
78 0 clueweb09-en0006-20-34149 0
73 0 clueweb09-en0013-84-01798 1
87 0 clueweb09-en0003-94-13872 1
78 0 clueweb09-en0006-20-34119 0
96 0 clueweb09-en0010-72-13352 0
51 0 clueweb09-en0011-41-17189 0
71 0 clueweb09-en0009-45-02302 0
88 0 clueweb09-en0008-35-30725 0
82 0 clueweb09-en0012-42-22727 2
57 0 clueweb09-en0013-61-29515 0
60 0 clueweb09-en0033-08-09644 0
83 0 clueweb09-en0009-19-02134 0
76 0 clueweb09-en0008-87-01004 0
70 0 clueweb09-en0011-78-19254 0
81 0 clueweb09-en0000-43-00677 0
76 0 clueweb09-en0008-87-01002 0
60 0 clueweb09-en0001-34-16244 0
61 0 clueweb09-en0017-93-04138 1
81 0 clueweb09-en0101-64-27429 0
83 0 clueweb09-en0002-30-25454 0
73 0 clueweb09-en0027-40-35865 1
61 0 clueweb09-en0000-03-09105 0
87 0 clueweb09-en0001-73-12528 1
75 0 clueweb09-en0010-34-38936 1
73 0 clueweb09-en0027-40-35851 0
80 0 clueweb09-en0026-00-34029 0
75 0 clueweb09-en0009-98-37233 0
93 0 clueweb09-en0126-55-26826 0
70 0 clueweb09-en0006-99-18217 0
88 0 clueweb09-en0130-81-06580 0
51 0 clueweb09-en0078-83-13305 1
88 0 clueweb09-en0008-35-39480 0
84 0 clueweb09-en0000-44-35588 1
59 0 clueweb09-en0040-54-19569 0
97 0 clueweb09-en0004-94-02475 1
54 0 clueweb09-en0005-72-33022 0
82 0 clueweb09-en0006-73-18030 0
87 0 clueweb09-en0008-55-15749 0
98 0 clueweb09-en0021-91-37010 0
96 0 clueweb09-en0081-42-41824 0
70 0 clueweb09-en0014-10-12189 0
88 0 clueweb09-en0005-66-20857 0
80 0 clueweb09-en0006-72-33551 1
78 0 clueweb09-en0005-49-13699 0
87 0 clueweb09-en0025-48-05510 0
89 0 clueweb09-en0038-41-19600 1
78 0 clueweb09-en0005-49-13696 0
78 0 clueweb09-en0005-49-13697 0
70 0 clueweb09-en0009-48-14206 0
64 0 clueweb09-en0100-75-17634 0
51 0 clueweb09-en0009-81-04842 0
81 0 clueweb09-en0011-29-00332 0
84 0 clueweb09-en0000-44-35596 2
61 0 clueweb09-en0064-54-15922 0
61 0 clueweb09-en0000-98-11159 -2
94 0 clueweb09-en0029-10-08629 0
56 0 clueweb09-en0057-48-28726 0
56 0 clueweb09-en0057-48-28724 0
59 0 clueweb09-en0005-49-08223 1
56 0 clueweb09-en0057-48-28722 0
78 0 clueweb09-en0011-50-00676 0
72 0 clueweb09-en0129-75-33699 0
92 0 clueweb09-en0004-16-03399 0
61 0 clueweb09-en0005-21-33446 0
87 0 clueweb09-en0000-01-05039 0
51 0 clueweb09-en0008-73-10401 0
51 0 clueweb09-en0007-89-20284 1
78 0 clueweb09-en0048-47-26641 0
78 0 clueweb09-en0004-48-30777 -2
86 0 clueweb09-en0011-67-14265 0
56 0 clueweb09-en0003-42-13584 0
87 0 clueweb09-en0010-16-20369 0
74 0 clueweb09-en0003-26-09420 -2
83 0 clueweb09-en0000-00-14913 0
51 0 clueweb09-en0007-89-20265 0
51 0 clueweb09-en0007-89-20264 1
59 0 clueweb09-en0131-03-21428 0
75 0 clueweb09-en0034-81-19724 0
91 0 clueweb09-en0000-58-00992 -2
97 0 clueweb09-en0021-23-22200 2
78 0 clueweb09-en0006-24-13006 0
93 0 clueweb09-en0011-58-18312 0
54 0 clueweb09-en0002-28-24950 0
83 0 clueweb09-en0017-27-31303 0
60 0 clueweb09-en0001-47-26039 -2
53 0 clueweb09-en0008-21-07191 0
82 0 clueweb09-en0004-54-32072 0
82 0 clueweb09-en0004-54-32076 0
82 0 clueweb09-en0004-54-32075 0
82 0 clueweb09-en0004-54-32073 0
65 0 clueweb09-en0010-49-37475 1
93 0 clueweb09-en0000-35-04381 0
68 0 clueweb09-en0009-60-26510 0
51 0 clueweb09-en0012-17-28510 0
51 0 clueweb09-en0040-02-21157 0
51 0 clueweb09-en0040-02-21140 0
87 0 clueweb09-en0001-02-03680 -2
87 0 clueweb09-en0001-02-03684 -2
87 0 clueweb09-en0001-02-03682 -2
87 0 clueweb09-en0001-02-03688 -2
87 0 clueweb09-en0001-02-03685 -2
87 0 clueweb09-en0001-02-03686 -2
87 0 clueweb09-en0001-02-03689 -2
82 0 clueweb09-en0004-54-32077 0
71 0 clueweb09-en0007-39-13699 0
77 0 clueweb09-en0007-03-26492 0
98 0 clueweb09-en0006-92-33327 1
79 0 clueweb09-en0001-13-24865 1
69 0 clueweb09-en0005-42-27755 0
69 0 clueweb09-en0054-37-02033 0
75 0 clueweb09-en0011-61-46139 1
90 0 clueweb09-en0023-70-36367 3
68 0 clueweb09-en0009-60-26545 0
85 0 clueweb09-en0011-54-36603 0
67 0 clueweb09-en0011-99-23102 0
59 0 clueweb09-en0034-92-13186 0
96 0 clueweb09-en0045-29-08269 0
82 0 clueweb09-en0109-86-04689 0
75 0 clueweb09-en0004-81-24598 0
71 0 clueweb09-en0007-39-13717 0
64 0 clueweb09-en0006-44-26095 1
71 0 clueweb09-en0007-39-13705 0
71 0 clueweb09-en0007-39-13703 0
71 0 clueweb09-en0007-39-13701 0
71 0 clueweb09-en0007-39-13700 0
53 0 clueweb09-en0010-35-31106 1
88 0 clueweb09-en0005-79-13391 0
58 0 clueweb09-en0024-09-20074 0
63 0 clueweb09-en0003-11-25040 0
51 0 clueweb09-en0007-89-20413 1
51 0 clueweb09-en0007-89-20411 0
70 0 clueweb09-en0007-71-22018 0
84 0 clueweb09-en0024-47-29056 1
74 0 clueweb09-en0052-78-19551 0
94 0 clueweb09-en0002-49-01143 0
92 0 clueweb09-en0002-08-31717 0
70 0 clueweb09-en0000-03-09223 0
89 0 clueweb09-en0031-68-16275 1
82 0 clueweb09-en0027-71-23697 1
74 0 clueweb09-en0013-62-20635 1
62 0 clueweb09-en0119-58-22219 1
54 0 clueweb09-en0001-20-12390 1
78 0 clueweb09-en0012-46-23900 0
97 0 clueweb09-en0002-37-04731 1
79 0 clueweb09-en0011-02-04050 0
58 0 clueweb09-en0006-16-21837 0
77 0 clueweb09-en0001-34-09855 0
64 0 clueweb09-en0008-72-32676 0
89 0 clueweb09-en0001-12-30140 2
97 0 clueweb09-en0010-32-01739 0
78 0 clueweb09-en0009-25-31843 0
94 0 clueweb09-en0006-13-34642 0
51 0 clueweb09-en0011-96-09369 0
53 0 clueweb09-en0001-41-06899 0
65 0 clueweb09-en0026-43-25110 1
83 0 clueweb09-en0002-30-25820 0
61 0 clueweb09-en0058-85-26095 0
72 0 clueweb09-en0127-02-04124 2
82 0 clueweb09-en0002-84-20533 0
70 0 clueweb09-en0054-43-18385 0
84 0 clueweb09-en0036-38-19974 0
97 0 clueweb09-en0008-11-29281 2
78 0 clueweb09-en0018-85-27595 0
78 0 clueweb09-en0018-85-27594 0
78 0 clueweb09-en0018-85-27593 0
78 0 clueweb09-en0018-85-27597 0
67 0 clueweb09-en0027-90-18684 0
88 0 clueweb09-en0004-11-16171 0
89 0 clueweb09-en0019-58-04222 0
69 0 clueweb09-en0007-74-24842 0
84 0 clueweb09-en0012-46-06081 1
55 0 clueweb09-en0003-82-01957 1
64 0 clueweb09-en0062-48-26898 2
89 0 clueweb09-en0019-58-04216 1
89 0 clueweb09-en0019-58-04219 0
91 0 clueweb09-en0001-43-25023 0
84 0 clueweb09-en0012-46-06096 2
76 0 clueweb09-en0081-54-09208 0
76 0 clueweb09-en0081-54-09207 0
87 0 clueweb09-en0019-67-39034 0
97 0 clueweb09-en0005-95-12577 0
61 0 clueweb09-en0006-59-22100 2
87 0 clueweb09-en0034-70-32647 1
98 0 clueweb09-en0003-66-16191 1
55 0 clueweb09-en0009-69-17458 1
58 0 clueweb09-en0011-56-22217 2
84 0 clueweb09-en0000-89-22578 0
82 0 clueweb09-en0050-17-03322 0
92 0 clueweb09-en0090-40-44910 0
61 0 clueweb09-en0000-93-06653 0
74 0 clueweb09-en0057-37-24558 0
97 0 clueweb09-en0026-72-11411 0
84 0 clueweb09-en0041-75-38600 1
88 0 clueweb09-en0022-00-36775 2
98 0 clueweb09-en0010-11-04235 0
90 0 clueweb09-en0078-49-05935 1
88 0 clueweb09-en0054-18-42784 2
83 0 clueweb09-en0006-09-31469 0
78 0 clueweb09-en0018-85-27606 0
92 0 clueweb09-en0002-40-12328 -2
96 0 clueweb09-en0092-70-03681 0
66 0 clueweb09-en0005-08-19270 0
59 0 clueweb09-en0011-64-36561 0
65 0 clueweb09-en0002-05-38997 2
92 0 clueweb09-en0008-10-17866 0
70 0 clueweb09-en0000-23-02101 0
54 0 clueweb09-en0000-33-23261 0
83 0 clueweb09-en0001-84-19978 0
96 0 clueweb09-en0004-74-15476 0
72 0 clueweb09-en0008-29-39669 0
89 0 clueweb09-en0052-15-09412 0
70 0 clueweb09-en0006-99-04267 0
75 0 clueweb09-en0007-52-09680 1
64 0 clueweb09-en0007-14-20473 1
65 0 clueweb09-en0008-34-05604 1
67 0 clueweb09-en0007-36-22844 0
78 0 clueweb09-en0010-16-20488 0
54 0 clueweb09-en0007-86-11362 0
70 0 clueweb09-en0003-19-23947 0
76 0 clueweb09-en0007-55-37554 1
92 0 clueweb09-en0009-16-22200 0
83 0 clueweb09-en0009-76-02837 0
92 0 clueweb09-en0018-50-23137 1
78 0 clueweb09-en0003-03-33231 0
77 0 clueweb09-en0017-56-26629 0
74 0 clueweb09-en0117-10-37786 0
96 0 clueweb09-en0007-81-01794 2
81 0 clueweb09-en0000-81-03318 0
83 0 clueweb09-en0009-76-02898 0
86 0 clueweb09-en0006-63-03126 0
92 0 clueweb09-en0000-75-26060 0
78 0 clueweb09-en0003-15-18803 0
87 0 clueweb09-en0095-08-24028 -2
92 0 clueweb09-en0001-34-13559 0
84 0 clueweb09-en0004-28-02318 2
70 0 clueweb09-en0008-73-30826 0
51 0 clueweb09-en0006-68-17780 -2
70 0 clueweb09-en0008-73-30833 0
58 0 clueweb09-en0082-08-31434 2
70 0 clueweb09-en0008-73-30847 0
70 0 clueweb09-en0008-73-30848 0
61 0 clueweb09-en0131-36-27013 0
87 0 clueweb09-en0026-36-12563 0
74 0 clueweb09-en0011-21-29233 1
70 0 clueweb09-en0000-19-21872 0
75 0 clueweb09-en0008-38-08710 0
61 0 clueweb09-en0000-84-02870 0
55 0 clueweb09-en0047-50-22260 2
87 0 clueweb09-en0029-70-08200 0
99 0 clueweb09-en0003-76-09826 -2
51 0 clueweb09-en0094-60-40973 0
51 0 clueweb09-en0094-60-40971 1
99 0 clueweb09-en0003-76-09927 -2
73 0 clueweb09-en0003-16-15263 0
70 0 clueweb09-en0005-36-04171 0
51 0 clueweb09-en0009-85-39698 1
69 0 clueweb09-en0021-01-02437 0
89 0 clueweb09-en0029-00-30945 0
85 0 clueweb09-en0021-29-06854 -2
70 0 clueweb09-en0003-73-06541 0
51 0 clueweb09-en0036-84-23131 0
78 0 clueweb09-en0000-04-00622 1
75 0 clueweb09-en0008-54-30379 2
52 0 clueweb09-en0003-60-31088 0
75 0 clueweb09-en0008-54-30349 0
75 0 clueweb09-en0017-87-19939 1
84 0 clueweb09-en0010-12-33396 1
84 0 clueweb09-en0010-12-33387 2
97 0 clueweb09-en0011-54-07902 0
82 0 clueweb09-en0000-71-28157 0
96 0 clueweb09-en0007-81-01780 1
78 0 clueweb09-en0006-36-18793 0
90 0 clueweb09-en0037-14-37053 0
57 0 clueweb09-en0000-95-00997 2
51 0 clueweb09-en0003-03-11411 1
80 0 clueweb09-en0021-89-18359 0
83 0 clueweb09-en0009-26-06834 1
54 0 clueweb09-en0001-33-19546 0
64 0 clueweb09-en0040-45-08306 1
70 0 clueweb09-en0120-36-25112 0
82 0 clueweb09-en0000-04-34374 0
81 0 clueweb09-en0011-18-12330 0
70 0 clueweb09-en0008-16-26367 0
88 0 clueweb09-en0035-76-02720 1
63 0 clueweb09-en0004-85-03541 0
59 0 clueweb09-en0081-21-01732 3
70 0 clueweb09-en0007-59-19336 0
86 0 clueweb09-en0011-67-13854 0
53 0 clueweb09-en0001-41-06901 0
75 0 clueweb09-en0034-69-38922 1
96 0 clueweb09-en0006-61-23112 0
90 0 clueweb09-en0001-14-21283 0
58 0 clueweb09-en0080-30-47521 0
59 0 clueweb09-en0011-84-33753 3
99 0 clueweb09-en0008-54-30346 1
79 0 clueweb09-en0027-24-01817 0
63 0 clueweb09-en0001-90-07533 0
94 0 clueweb09-en0004-37-15268 0
94 0 clueweb09-en0004-37-15267 0
65 0 clueweb09-en0009-84-39114 0
57 0 clueweb09-en0027-69-21310 0
67 0 clueweb09-en0038-36-11956 0
99 0 clueweb09-en0000-58-00899 -2
99 0 clueweb09-en0000-58-00895 -2
87 0 clueweb09-en0009-78-33393 1
81 0 clueweb09-en0000-04-03709 0
84 0 clueweb09-en0009-58-07310 0
66 0 clueweb09-en0000-59-11602 0
62 0 clueweb09-en0005-28-31620 0
84 0 clueweb09-en0009-58-07322 1
65 0 clueweb09-en0009-84-39199 1
76 0 clueweb09-en0005-37-28886 0
59 0 clueweb09-en0005-90-10970 0
77 0 clueweb09-en0000-19-15949 3
89 0 clueweb09-en0001-85-20848 0
81 0 clueweb09-en0005-31-06506 0
82 0 clueweb09-en0043-33-12085 1
98 0 clueweb09-en0005-31-06506 0
97 0 clueweb09-en0090-02-31418 0
99 0 clueweb09-en0000-43-24087 0
98 0 clueweb09-en0117-02-05750 2
56 0 clueweb09-en0008-83-17954 0
83 0 clueweb09-en0016-17-26541 0
92 0 clueweb09-en0006-01-01527 0
70 0 clueweb09-en0008-73-30853 0
70 0 clueweb09-en0008-73-30856 0
70 0 clueweb09-en0008-73-30855 0
70 0 clueweb09-en0008-73-30870 0
70 0 clueweb09-en0008-73-30865 0
88 0 clueweb09-en0062-42-35257 1
70 0 clueweb09-en0008-73-30874 0
63 0 clueweb09-en0003-18-20342 0
87 0 clueweb09-en0037-48-35723 0
70 0 clueweb09-en0004-18-31450 0
84 0 clueweb09-en0004-28-02363 1
88 0 clueweb09-en0039-41-03791 2
51 0 clueweb09-en0064-00-40502 0
94 0 clueweb09-en0026-61-26216 0
70 0 clueweb09-en0004-50-38404 0
75 0 clueweb09-en0009-29-36017 0
87 0 clueweb09-en0008-03-31012 0
91 0 clueweb09-en0000-98-11159 0
89 0 clueweb09-en0010-20-17675 0
55 0 clueweb09-en0008-52-26992 2
69 0 clueweb09-en0063-32-19622 0
81 0 clueweb09-en0000-11-06618 0
92 0 clueweb09-en0126-37-09543 0
89 0 clueweb09-en0003-82-32940 1
64 0 clueweb09-en0021-80-27105 2
89 0 clueweb09-en0003-82-32938 1
89 0 clueweb09-en0003-82-32936 1
89 0 clueweb09-en0003-82-32939 1
83 0 clueweb09-en0003-42-19809 0
76 0 clueweb09-en0132-38-40630 1
88 0 clueweb09-en0008-57-03187 0
91 0 clueweb09-en0004-86-11076 -2
88 0 clueweb09-en0009-09-16028 1
81 0 clueweb09-en0000-10-06267 0
82 0 clueweb09-en0008-45-09172 0
71 0 clueweb09-en0008-09-17609 0
82 0 clueweb09-en0011-19-11461 0
64 0 clueweb09-en0025-17-08902 2
68 0 clueweb09-en0012-30-23227 0
87 0 clueweb09-en0045-82-37486 0
73 0 clueweb09-en0022-81-30543 1
54 0 clueweb09-en0006-79-35955 0
69 0 clueweb09-en0130-66-38102 0
75 0 clueweb09-en0011-53-33422 1
75 0 clueweb09-en0011-53-33416 0
75 0 clueweb09-en0011-53-33418 0
69 0 clueweb09-en0010-59-37238 0
56 0 clueweb09-en0110-31-13422 0
87 0 clueweb09-en0006-00-18561 0
72 0 clueweb09-en0012-64-07514 1
97 0 clueweb09-en0133-76-16719 0
64 0 clueweb09-en0000-41-32544 2
56 0 clueweb09-en0008-89-30310 0
69 0 clueweb09-en0021-66-05111 0
64 0 clueweb09-en0008-39-04131 1
88 0 clueweb09-en0033-44-40439 2
61 0 clueweb09-en0008-52-23051 0
72 0 clueweb09-en0007-32-03443 2
64 0 clueweb09-en0008-39-04161 0
75 0 clueweb09-en0127-86-11071 1
94 0 clueweb09-en0008-19-28962 0
88 0 clueweb09-en0006-23-33812 0
66 0 clueweb09-en0112-25-07472 0
92 0 clueweb09-en0012-75-04681 0
99 0 clueweb09-en0011-05-35060 0
75 0 clueweb09-en0011-53-33362 0
70 0 clueweb09-en0006-33-39051 0
88 0 clueweb09-en0011-58-18312 0
98 0 clueweb09-en0001-54-00124 0
54 0 clueweb09-en0013-76-12940 1
92 0 clueweb09-en0022-60-21131 -2
71 0 clueweb09-en0002-14-01525 1
96 0 clueweb09-en0005-69-04051 1
85 0 clueweb09-en0123-31-21783 1
64 0 clueweb09-en0004-37-06582 2
89 0 clueweb09-en0002-78-05885 0
74 0 clueweb09-en0005-31-06506 0
86 0 clueweb09-en0004-29-19948 0
51 0 clueweb09-en0002-80-36544 0
96 0 clueweb09-en0003-17-04241 0
56 0 clueweb09-en0081-98-14738 0
57 0 clueweb09-en0024-92-26717 0
78 0 clueweb09-en0004-77-21261 0
96 0 clueweb09-en0004-81-24002 1
82 0 clueweb09-en0000-03-10934 1
99 0 clueweb09-en0009-83-21333 0
97 0 clueweb09-en0005-41-39215 0
61 0 clueweb09-en0129-13-32790 0
62 0 clueweb09-en0036-10-28072 1
91 0 clueweb09-en0011-16-32118 1
51 0 clueweb09-en0011-41-17250 0
51 0 clueweb09-en0011-41-17251 0
51 0 clueweb09-en0011-41-17254 0
51 0 clueweb09-en0011-41-17257 1
51 0 clueweb09-en0011-41-17278 1
51 0 clueweb09-en0011-41-17292 1
89 0 clueweb09-en0001-85-20463 0
51 0 clueweb09-en0011-41-17281 1
85 0 clueweb09-en0106-82-25126 1
85 0 clueweb09-en0106-82-25127 1
89 0 clueweb09-en0000-21-05780 1
75 0 clueweb09-en0031-02-07367 0
64 0 clueweb09-en0003-70-25249 0
71 0 clueweb09-en0001-90-24306 0
81 0 clueweb09-en0003-02-22085 1
81 0 clueweb09-en0011-55-36853 0
56 0 clueweb09-en0005-56-24544 0
81 0 clueweb09-en0000-09-03586 0
81 0 clueweb09-en0000-09-03594 0
88 0 clueweb09-en0005-72-30986 0
51 0 clueweb09-en0007-51-16651 0
70 0 clueweb09-en0094-48-35215 0
82 0 clueweb09-en0005-35-15329 0
62 0 clueweb09-en0055-42-04093 0
61 0 clueweb09-en0081-01-28625 1
51 0 clueweb09-en0012-52-22578 0
70 0 clueweb09-en0011-32-18056 0
99 0 clueweb09-en0003-47-30753 0
64 0 clueweb09-en0020-38-23808 1
73 0 clueweb09-en0008-28-09657 1
51 0 clueweb09-en0131-72-46448 1
60 0 clueweb09-en0097-37-33450 0
71 0 clueweb09-en0002-22-18906 0
59 0 clueweb09-en0004-57-37666 0
70 0 clueweb09-en0022-26-16403 2
90 0 clueweb09-en0086-99-22440 -2
70 0 clueweb09-en0004-34-03581 0
81 0 clueweb09-en0000-19-11541 0
54 0 clueweb09-en0020-69-02846 1
91 0 clueweb09-en0009-86-00124 0
88 0 clueweb09-en0021-24-04990 0
78 0 clueweb09-en0006-43-34052 1
84 0 clueweb09-en0027-28-09449 0
99 0 clueweb09-en0001-60-09989 0
78 0 clueweb09-en0012-64-05005 0
88 0 clueweb09-en0002-19-32650 0
59 0 clueweb09-en0063-11-33724 0
98 0 clueweb09-en0011-79-19084 1
83 0 clueweb09-en0000-75-11180 0
53 0 clueweb09-en0007-94-02081 0
54 0 clueweb09-en0075-65-05148 0
82 0 clueweb09-en0130-34-55321 0
82 0 clueweb09-en0130-34-55317 3
72 0 clueweb09-en0003-65-02886 2
65 0 clueweb09-en0034-18-06993 0
74 0 clueweb09-en0000-73-04555 0
88 0 clueweb09-en0007-38-13853 1
51 0 clueweb09-en0051-88-01744 0
82 0 clueweb09-en0006-41-10208 0
87 0 clueweb09-en0007-85-04340 0
85 0 clueweb09-en0007-07-04351 0
75 0 clueweb09-en0008-11-29511 1
74 0 clueweb09-en0001-89-06160 0
81 0 clueweb09-en0009-69-37177 0
54 0 clueweb09-en0010-24-07681 1
56 0 clueweb09-en0080-79-16396 0
92 0 clueweb09-en0006-17-27451 0
84 0 clueweb09-en0001-96-09729 0
74 0 clueweb09-en0009-74-37160 0
98 0 clueweb09-en0006-87-30856 0
90 0 clueweb09-en0009-97-33386 1
87 0 clueweb09-en0002-37-29447 0
70 0 clueweb09-en0007-61-35098 0
94 0 clueweb09-en0000-10-12943 0
64 0 clueweb09-en0001-44-01657 2
65 0 clueweb09-en0007-87-30661 0
80 0 clueweb09-en0035-54-30045 1
89 0 clueweb09-en0010-33-03569 1
59 0 clueweb09-en0020-76-14294 0
52 0 clueweb09-en0010-35-03192 0
87 0 clueweb09-en0081-02-12789 0
52 0 clueweb09-en0010-35-03191 0
52 0 clueweb09-en0010-35-03196 0
52 0 clueweb09-en0010-35-03195 0
54 0 clueweb09-en0001-77-02409 0
52 0 clueweb09-en0010-35-03186 0
52 0 clueweb09-en0010-35-03189 0
89 0 clueweb09-en0003-05-13836 0
98 0 clueweb09-en0033-11-18317 0
64 0 clueweb09-en0005-36-17089 0
64 0 clueweb09-en0005-36-17087 0
64 0 clueweb09-en0005-36-17084 0
52 0 clueweb09-en0010-35-03167 0
57 0 clueweb09-en0129-88-27730 0
66 0 clueweb09-en0005-31-06506 0
92 0 clueweb09-en0002-83-12797 0
64 0 clueweb09-en0005-36-17077 0
77 0 clueweb09-en0011-58-18312 0
56 0 clueweb09-en0043-03-11695 0
58 0 clueweb09-en0002-74-01681 0
63 0 clueweb09-en0011-63-25292 0
72 0 clueweb09-en0004-70-16732 0
72 0 clueweb09-en0004-70-16731 0
72 0 clueweb09-en0004-70-16734 0
72 0 clueweb09-en0004-70-16733 0
72 0 clueweb09-en0004-70-16736 0
72 0 clueweb09-en0004-70-16735 0
72 0 clueweb09-en0004-70-16737 0
79 0 clueweb09-en0133-91-29750 0
52 0 clueweb09-en0010-35-03150 0
52 0 clueweb09-en0010-35-03151 0
84 0 clueweb09-en0018-16-16104 1
78 0 clueweb09-en0005-24-38627 0
52 0 clueweb09-en0010-35-03160 0
52 0 clueweb09-en0010-35-03162 0
52 0 clueweb09-en0010-35-03154 0
52 0 clueweb09-en0010-35-03155 0
54 0 clueweb09-en0060-93-01862 0
82 0 clueweb09-en0036-29-29405 0
51 0 clueweb09-en0105-51-30132 1
75 0 clueweb09-en0008-81-22781 1
97 0 clueweb09-en0096-96-16532 1
60 0 clueweb09-en0066-42-21714 1
81 0 clueweb09-en0020-72-00553 0
97 0 clueweb09-en0007-35-12650 1
83 0 clueweb09-en0006-80-06392 0
65 0 clueweb09-en0008-51-30324 0
84 0 clueweb09-en0031-37-03302 1
54 0 clueweb09-en0023-54-03409 0
68 0 clueweb09-en0067-81-11828 0
52 0 clueweb09-en0025-77-01185 0
70 0 clueweb09-en0005-92-13215 0
72 0 clueweb09-en0057-34-28346 0
78 0 clueweb09-en0000-05-07426 0
68 0 clueweb09-en0025-28-03868 0
98 0 clueweb09-en0011-58-18312 -2
52 0 clueweb09-en0010-35-03226 0
94 0 clueweb09-en0012-67-00409 0
52 0 clueweb09-en0010-35-03207 0
70 0 clueweb09-en0041-96-06671 0
75 0 clueweb09-en0004-85-36104 0
52 0 clueweb09-en0010-35-03271 0
52 0 clueweb09-en0010-35-03270 0
70 0 clueweb09-en0006-53-12050 0
60 0 clueweb09-en0011-58-18312 0
63 0 clueweb09-en0002-40-21790 0
64 0 clueweb09-en0004-70-04428 0
87 0 clueweb09-en0011-13-40170 0
87 0 clueweb09-en0011-13-40169 0
87 0 clueweb09-en0011-13-40168 1
87 0 clueweb09-en0011-13-40166 1
52 0 clueweb09-en0010-35-03245 0
52 0 clueweb09-en0010-35-03255 0
52 0 clueweb09-en0010-35-03254 0
91 0 clueweb09-en0049-28-05281 0
52 0 clueweb09-en0090-07-27472 0
62 0 clueweb09-en0041-63-17913 2
65 0 clueweb09-en0008-51-30297 0
99 0 clueweb09-en0020-77-05258 0
87 0 clueweb09-en0009-06-17131 0
51 0 clueweb09-en0007-83-23259 1
74 0 clueweb09-en0002-73-10881 0
74 0 clueweb09-en0002-73-10880 0
73 0 clueweb09-en0007-60-16820 0
81 0 clueweb09-en0009-55-05260 0
59 0 clueweb09-en0133-49-33496 1
51 0 clueweb09-en0007-49-30121 0
75 0 clueweb09-en0005-79-02270 1
79 0 clueweb09-en0009-80-13424 0
76 0 clueweb09-en0008-80-16520 1
89 0 clueweb09-en0065-29-24299 1
76 0 clueweb09-en0008-80-16519 1
55 0 clueweb09-en0032-40-13689 0
87 0 clueweb09-en0001-16-30566 0
78 0 clueweb09-en0000-05-07353 0
92 0 clueweb09-en0005-19-28074 0
74 0 clueweb09-en0006-16-06531 1
96 0 clueweb09-en0131-46-35734 0
70 0 clueweb09-en0050-94-20940 0
60 0 clueweb09-en0005-70-28839 0
64 0 clueweb09-en0034-59-31367 1
89 0 clueweb09-en0003-53-13519 1
55 0 clueweb09-en0012-94-11228 1
73 0 clueweb09-en0002-22-29786 1
82 0 clueweb09-en0011-61-46475 0
57 0 clueweb09-en0040-41-01062 0
55 0 clueweb09-en0004-90-06608 1
68 0 clueweb09-en0009-48-05379 1
78 0 clueweb09-en0041-34-24243 0
58 0 clueweb09-en0011-06-34780 0
82 0 clueweb09-en0006-19-05111 2
52 0 clueweb09-en0000-54-14011 0
63 0 clueweb09-en0005-31-06506 0
52 0 clueweb09-en0000-54-14063 0
52 0 clueweb09-en0000-24-09037 0
71 0 clueweb09-en0008-10-01839 0
75 0 clueweb09-en0005-75-19620 1
71 0 clueweb09-en0008-10-01842 1
96 0 clueweb09-en0018-73-33772 0
71 0 clueweb09-en0008-10-01815 0
97 0 clueweb09-en0020-18-11229 0
51 0 clueweb09-en0082-00-15259 1
61 0 clueweb09-en0007-54-06014 0
79 0 clueweb09-en0012-28-04413 0
62 0 clueweb09-en0008-50-36993 1
70 0 clueweb09-en0131-19-32473 0
85 0 clueweb09-en0037-54-40343 1
94 0 clueweb09-en0013-17-00541 0
81 0 clueweb09-en0007-21-35851 0
64 0 clueweb09-en0036-49-21204 1
92 0 clueweb09-en0011-74-05802 0
92 0 clueweb09-en0011-74-05807 0
80 0 clueweb09-en0055-24-02996 0
68 0 clueweb09-en0130-44-21678 0
64 0 clueweb09-en0021-61-21962 0
57 0 clueweb09-en0008-94-34990 1
94 0 clueweb09-en0001-20-08402 0
64 0 clueweb09-en0002-83-20830 1
89 0 clueweb09-en0010-55-36297 0
93 0 clueweb09-en0001-26-04396 0
84 0 clueweb09-en0004-73-02995 1
55 0 clueweb09-en0011-22-28043 0
78 0 clueweb09-en0006-59-05147 0
78 0 clueweb09-en0006-59-05145 2
90 0 clueweb09-en0007-43-33227 0
69 0 clueweb09-en0010-92-23324 0
89 0 clueweb09-en0129-06-13070 1
92 0 clueweb09-en0006-25-35636 0
89 0 clueweb09-en0004-69-17468 0
76 0 clueweb09-en0000-39-27805 0
89 0 clueweb09-en0024-22-34938 0
89 0 clueweb09-en0024-22-34937 0
57 0 clueweb09-en0006-10-15700 0
52 0 clueweb09-en0090-02-11514 0
82 0 clueweb09-en0000-17-03984 0
99 0 clueweb09-en0124-49-02893 0
89 0 clueweb09-en0122-83-26044 0
93 0 clueweb09-en0009-05-21963 0
79 0 clueweb09-en0010-13-36004 2
88 0 clueweb09-en0005-01-04037 1
58 0 clueweb09-en0066-29-40440 0
78 0 clueweb09-en0001-06-13234 -2
78 0 clueweb09-en0001-06-13233 -2
78 0 clueweb09-en0001-06-13235 -2
80 0 clueweb09-en0010-99-27531 0
67 0 clueweb09-en0010-77-18022 0
74 0 clueweb09-en0075-89-08856 2
98 0 clueweb09-en0022-44-02290 0
62 0 clueweb09-en0007-88-17780 0
62 0 clueweb09-en0007-88-17782 0
77 0 clueweb09-en0021-46-30764 0
89 0 clueweb09-en0008-02-42191 0
72 0 clueweb09-en0127-47-37603 0
72 0 clueweb09-en0003-42-13787 0
62 0 clueweb09-en0004-16-12008 0
53 0 clueweb09-en0096-09-42562 0
79 0 clueweb09-en0000-13-10931 0
81 0 clueweb09-en0002-01-21814 0
73 0 clueweb09-en0054-39-14264 1
72 0 clueweb09-en0008-75-37437 0
71 0 clueweb09-en0049-83-00982 0
88 0 clueweb09-en0130-01-19215 1
83 0 clueweb09-en0130-17-22945 0
60 0 clueweb09-en0005-59-00995 1
60 0 clueweb09-en0005-59-00996 1
77 0 clueweb09-en0053-57-05191 0
79 0 clueweb09-en0000-10-12602 1
96 0 clueweb09-en0012-21-17977 0
87 0 clueweb09-en0002-99-25932 0
92 0 clueweb09-en0000-00-05874 0
87 0 clueweb09-en0011-49-25777 0
69 0 clueweb09-en0008-62-02241 0
88 0 clueweb09-en0036-14-36869 1
86 0 clueweb09-en0012-48-15790 0
59 0 clueweb09-en0052-40-08575 0
52 0 clueweb09-en0007-62-26160 0
98 0 clueweb09-en0010-46-09455 0
92 0 clueweb09-en0001-95-36755 0
51 0 clueweb09-en0002-79-23132 0
89 0 clueweb09-en0040-07-10769 1
65 0 clueweb09-en0008-68-10256 0
88 0 clueweb09-en0006-22-31295 1
94 0 clueweb09-en0008-44-25350 0
54 0 clueweb09-en0001-13-11540 1
82 0 clueweb09-en0006-34-18724 0
94 0 clueweb09-en0012-50-06359 0
74 0 clueweb09-en0036-45-34097 0
82 0 clueweb09-en0026-83-33960 0
93 0 clueweb09-en0026-21-13505 0
61 0 clueweb09-en0013-66-36030 1
94 0 clueweb09-en0002-23-26404 0
76 0 clueweb09-en0011-73-35404 1
78 0 clueweb09-en0000-07-02153 0
75 0 clueweb09-en0000-07-04609 1
59 0 clueweb09-en0123-14-37100 0
61 0 clueweb09-en0013-66-36067 1
92 0 clueweb09-en0034-48-35753 0
61 0 clueweb09-en0036-30-23622 0
70 0 clueweb09-en0033-50-32123 1
74 0 clueweb09-en0002-64-18338 0
97 0 clueweb09-en0004-90-04736 0
89 0 clueweb09-en0004-69-17613 1
69 0 clueweb09-en0020-00-05840 0
70 0 clueweb09-en0009-68-23332 2
57 0 clueweb09-en0006-63-06047 2
59 0 clueweb09-en0096-59-15808 0
59 0 clueweb09-en0096-59-15807 1
63 0 clueweb09-en0008-74-13013 0
74 0 clueweb09-en0002-98-05196 1
93 0 clueweb09-en0005-37-05095 0
51 0 clueweb09-en0002-05-26045 -2
97 0 clueweb09-en0035-85-23264 0
91 0 clueweb09-en0009-26-04444 0
84 0 clueweb09-en0031-27-00412 0
63 0 clueweb09-en0058-85-00286 0
72 0 clueweb09-en0003-82-32590 0
52 0 clueweb09-en0007-62-26113 0
72 0 clueweb09-en0003-82-32588 0
63 0 clueweb09-en0057-83-05221 0
71 0 clueweb09-en0011-21-26875 1
84 0 clueweb09-en0049-49-01841 0
91 0 clueweb09-en0009-26-04413 1
74 0 clueweb09-en0009-36-30765 0
62 0 clueweb09-en0008-50-37004 1
70 0 clueweb09-en0094-19-25352 0
78 0 clueweb09-en0133-82-41092 1
84 0 clueweb09-en0010-11-14483 2
59 0 clueweb09-en0006-61-07539 0
59 0 clueweb09-en0006-61-07536 0
67 0 clueweb09-en0041-45-02393 1
59 0 clueweb09-en0009-29-35869 0
75 0 clueweb09-en0010-15-27208 1
70 0 clueweb09-en0031-57-33094 0
56 0 clueweb09-en0008-27-10529 2
70 0 clueweb09-en0007-84-04095 0
82 0 clueweb09-en0094-37-38884 2
78 0 clueweb09-en0006-52-00972 1
73 0 clueweb09-en0064-10-10258 1
54 0 clueweb09-en0125-67-05487 0
64 0 clueweb09-en0008-35-18015 0
87 0 clueweb09-en0010-85-26925 1
54 0 clueweb09-en0003-57-14194 1
56 0 clueweb09-en0119-25-03969 -2
66 0 clueweb09-en0011-42-10822 0
87 0 clueweb09-en0072-22-13627 -2
71 0 clueweb09-en0010-88-32117 1
51 0 clueweb09-en0038-51-33785 3
72 0 clueweb09-en0002-77-29359 2
83 0 clueweb09-en0003-39-21549 0
70 0 clueweb09-en0005-88-21584 0
70 0 clueweb09-en0002-65-19747 0
61 0 clueweb09-en0006-68-20672 -2
81 0 clueweb09-en0004-93-03195 0
75 0 clueweb09-en0009-74-36334 1
84 0 clueweb09-en0008-91-25669 0
70 0 clueweb09-en0000-75-03797 0
82 0 clueweb09-en0010-28-09443 0
83 0 clueweb09-en0006-55-29100 0
92 0 clueweb09-en0000-84-17936 0
87 0 clueweb09-en0008-81-28359 0
80 0 clueweb09-en0133-72-43523 -2
77 0 clueweb09-en0006-91-40101 1
65 0 clueweb09-en0006-70-16789 1
76 0 clueweb09-en0079-28-11890 1
79 0 clueweb09-en0009-54-18429 0
54 0 clueweb09-en0016-42-19577 1
75 0 clueweb09-en0002-11-08117 2
94 0 clueweb09-en0012-94-28609 0
84 0 clueweb09-en0002-30-25944 0
64 0 clueweb09-en0009-44-14513 0
75 0 clueweb09-en0052-49-25773 0
75 0 clueweb09-en0052-49-25774 0
65 0 clueweb09-en0034-77-28435 1
51 0 clueweb09-en0008-87-10439 1
54 0 clueweb09-en0087-52-07067 0
54 0 clueweb09-en0009-19-12153 0
80 0 clueweb09-en0000-99-13452 0
88 0 clueweb09-en0082-93-09941 0
64 0 clueweb09-en0036-98-11914 2
90 0 clueweb09-en0005-52-03704 0
90 0 clueweb09-en0005-52-03707 0
70 0 clueweb09-en0063-52-37080 -2
70 0 clueweb09-en0063-52-37085 0
74 0 clueweb09-en0023-23-40528 0
70 0 clueweb09-en0063-52-37073 -2
66 0 clueweb09-en0128-14-29179 -2
87 0 clueweb09-en0008-38-26734 0
55 0 clueweb09-en0000-02-24202 1
56 0 clueweb09-en0071-48-32117 0
64 0 clueweb09-en0004-84-31775 0
88 0 clueweb09-en0036-73-27123 1
64 0 clueweb09-en0120-66-27764 1
91 0 clueweb09-en0011-97-31447 0
55 0 clueweb09-en0005-72-06096 2
54 0 clueweb09-en0009-69-20207 0
51 0 clueweb09-en0061-44-14823 0
99 0 clueweb09-en0000-05-20841 0
79 0 clueweb09-en0000-79-12445 0
70 0 clueweb09-en0006-09-30775 0
59 0 clueweb09-en0004-10-09327 0
98 0 clueweb09-en0007-10-00891 1
60 0 clueweb09-en0003-84-08122 0
80 0 clueweb09-en0036-94-20999 0
61 0 clueweb09-en0011-54-39584 0
82 0 clueweb09-en0001-95-26345 0
70 0 clueweb09-en0008-94-25622 0
93 0 clueweb09-en0000-61-32005 0
61 0 clueweb09-en0011-54-39593 0
99 0 clueweb09-en0089-05-13627 2
77 0 clueweb09-en0005-05-32085 0
71 0 clueweb09-en0080-86-26494 3
78 0 clueweb09-en0013-42-21978 0
88 0 clueweb09-en0010-97-15434 1
69 0 clueweb09-en0024-74-17020 0
69 0 clueweb09-en0024-74-17021 0
62 0 clueweb09-en0007-88-17872 -2
92 0 clueweb09-en0025-82-31263 0
75 0 clueweb09-en0010-46-00309 3
69 0 clueweb09-en0024-74-17018 0
72 0 clueweb09-en0002-67-12406 0
87 0 clueweb09-en0009-51-32129 0
73 0 clueweb09-en0023-81-46364 1
93 0 clueweb09-en0007-80-16047 0
98 0 clueweb09-en0007-10-00901 1
78 0 clueweb09-en0013-42-21933 0
75 0 clueweb09-en0010-46-00378 2
78 0 clueweb09-en0013-42-21957 0
64 0 clueweb09-en0008-26-14262 0
64 0 clueweb09-en0008-26-14261 0
64 0 clueweb09-en0008-26-14268 0
54 0 clueweb09-en0008-38-11051 1
82 0 clueweb09-en0034-26-11014 0
69 0 clueweb09-en0051-41-28053 0
81 0 clueweb09-en0002-37-04320 1
93 0 clueweb09-en0007-80-16171 0
92 0 clueweb09-en0097-64-00327 1
62 0 clueweb09-en0001-40-23527 1
78 0 clueweb09-en0001-18-28948 0
96 0 clueweb09-en0010-40-23861 1
87 0 clueweb09-en0108-66-09370 0
64 0 clueweb09-en0000-71-22599 0
63 0 clueweb09-en0008-26-29097 1
63 0 clueweb09-en0008-26-29095 0
51 0 clueweb09-en0004-77-30624 1
90 0 clueweb09-en0010-24-24389 0
79 0 clueweb09-en0031-93-32993 0
70 0 clueweb09-en0078-58-07711 0
70 0 clueweb09-en0078-58-07718 0
62 0 clueweb09-en0105-81-41922 0
70 0 clueweb09-en0078-58-07713 0
83 0 clueweb09-en0004-55-33699 0
70 0 clueweb09-en0078-58-07707 0
70 0 clueweb09-en0078-58-07704 0
70 0 clueweb09-en0078-58-07703 0
70 0 clueweb09-en0078-58-07702 0
51 0 clueweb09-en0026-77-09317 2
73 0 clueweb09-en0007-48-17614 1
55 0 clueweb09-en0005-06-26705 0
59 0 clueweb09-en0020-64-04495 3
83 0 clueweb09-en0006-01-21668 1
58 0 clueweb09-en0124-34-15549 1
87 0 clueweb09-en0007-78-04454 0
63 0 clueweb09-en0036-57-36495 0
80 0 clueweb09-en0004-02-10846 1
67 0 clueweb09-en0002-60-01425 0
51 0 clueweb09-en0008-67-07347 0
55 0 clueweb09-en0007-62-27861 2
56 0 clueweb09-en0082-17-28315 0
92 0 clueweb09-en0003-93-06036 0
64 0 clueweb09-en0131-16-35871 0
59 0 clueweb09-en0002-26-08544 0
64 0 clueweb09-en0076-82-22625 0
96 0 clueweb09-en0003-70-26693 0
79 0 clueweb09-en0005-99-35121 0
99 0 clueweb09-en0011-62-10974 0
65 0 clueweb09-en0036-35-13746 1
93 0 clueweb09-en0007-80-16124 0
97 0 clueweb09-en0040-33-35907 0
75 0 clueweb09-en0041-58-25167 1
62 0 clueweb09-en0011-31-06717 0
61 0 clueweb09-en0041-29-29684 1
74 0 clueweb09-en0009-01-27115 0
82 0 clueweb09-en0020-85-40517 0
51 0 clueweb09-en0001-95-29833 0
63 0 clueweb09-en0000-09-22062 0
82 0 clueweb09-en0000-47-08590 0
51 0 clueweb09-en0035-02-35262 1
63 0 clueweb09-en0025-92-08398 1
88 0 clueweb09-en0004-38-07330 0
83 0 clueweb09-en0001-18-17200 1
72 0 clueweb09-en0011-64-37256 0
58 0 clueweb09-en0005-31-06506 0
71 0 clueweb09-en0007-15-14251 -2
61 0 clueweb09-en0092-34-22478 0
99 0 clueweb09-en0005-09-19336 0
77 0 clueweb09-en0127-95-26839 0
82 0 clueweb09-en0005-22-24444 0
97 0 clueweb09-en0011-42-07773 0
54 0 clueweb09-en0001-23-17793 1
76 0 clueweb09-en0010-25-29724 1
92 0 clueweb09-en0004-62-23471 0
77 0 clueweb09-en0032-30-34033 0
79 0 clueweb09-en0007-22-07042 0
58 0 clueweb09-en0002-15-29520 2
79 0 clueweb09-en0011-72-09607 2
70 0 clueweb09-en0008-02-12018 0
79 0 clueweb09-en0011-72-09614 1
55 0 clueweb09-en0001-46-07885 0
79 0 clueweb09-en0007-22-07073 0
83 0 clueweb09-en0002-99-27913 0
98 0 clueweb09-en0046-33-26308 0
76 0 clueweb09-en0100-80-08705 1
83 0 clueweb09-en0002-30-26464 0
75 0 clueweb09-en0075-99-02389 1
59 0 clueweb09-en0020-91-09042 0
70 0 clueweb09-en0000-38-13602 0
55 0 clueweb09-en0008-00-31037 0
97 0 clueweb09-en0007-48-13258 0
57 0 clueweb09-en0006-20-01005 0
57 0 clueweb09-en0006-20-01000 0
73 0 clueweb09-en0011-44-07866 0
88 0 clueweb09-en0004-18-34286 0
89 0 clueweb09-en0010-08-26199 0
75 0 clueweb09-en0012-64-36139 1
96 0 clueweb09-en0010-70-28078 1
97 0 clueweb09-en0007-48-13257 0
88 0 clueweb09-en0005-79-22148 0
65 0 clueweb09-en0107-08-01158 0
68 0 clueweb09-en0009-56-05409 0
68 0 clueweb09-en0009-56-05406 0
68 0 clueweb09-en0009-56-05410 1
72 0 clueweb09-en0009-66-08085 2
60 0 clueweb09-en0040-36-04247 0
83 0 clueweb09-en0002-89-03170 0
92 0 clueweb09-en0022-51-36370 2
93 0 clueweb09-en0017-51-26738 0
87 0 clueweb09-en0086-41-12038 -2
80 0 clueweb09-en0006-02-22832 -2
68 0 clueweb09-en0009-56-05395 0
52 0 clueweb09-en0005-84-32953 0
56 0 clueweb09-en0007-17-28913 2
64 0 clueweb09-en0016-53-00553 1
94 0 clueweb09-en0008-45-17972 0
76 0 clueweb09-en0002-83-20795 2
64 0 clueweb09-en0012-57-02113 0
88 0 clueweb09-en0006-65-26980 0
73 0 clueweb09-en0038-40-08309 1
86 0 clueweb09-en0106-47-38988 0
88 0 clueweb09-en0132-40-20060 0
89 0 clueweb09-en0080-60-45995 0
97 0 clueweb09-en0011-46-34929 1
54 0 clueweb09-en0006-43-32420 1
99 0 clueweb09-en0004-99-03684 0
69 0 clueweb09-en0040-77-12306 0
81 0 clueweb09-en0006-30-36045 0
58 0 clueweb09-en0032-78-06266 0
99 0 clueweb09-en0023-28-24316 0
74 0 clueweb09-en0003-65-25773 0
99 0 clueweb09-en0000-01-00267 1
97 0 clueweb09-en0007-48-13342 0
93 0 clueweb09-en0092-27-35802 0
75 0 clueweb09-en0010-56-32671 1
97 0 clueweb09-en0007-48-13358 0
99 0 clueweb09-en0000-07-03060 0
90 0 clueweb09-en0053-90-27176 2
97 0 clueweb09-en0007-48-13368 0
51 0 clueweb09-en0011-01-24941 1
83 0 clueweb09-en0006-55-29098 0
90 0 clueweb09-en0087-02-19996 0
67 0 clueweb09-en0005-59-34397 0
77 0 clueweb09-en0093-45-27634 0
68 0 clueweb09-en0067-14-28227 0
60 0 clueweb09-en0025-58-24629 0
61 0 clueweb09-en0080-84-42516 0
76 0 clueweb09-en0010-67-19171 0
61 0 clueweb09-en0005-80-05545 0
59 0 clueweb09-en0076-42-12433 0
82 0 clueweb09-en0000-70-33739 0
62 0 clueweb09-en0007-82-00726 0
67 0 clueweb09-en0001-06-02421 1
89 0 clueweb09-en0005-77-15189 0
88 0 clueweb09-en0005-87-40012 1
62 0 clueweb09-en0131-13-53067 0
64 0 clueweb09-en0001-16-12804 0
77 0 clueweb09-en0012-82-00697 0
77 0 clueweb09-en0000-75-09633 0
89 0 clueweb09-en0005-77-15193 0
89 0 clueweb09-en0005-77-15195 1
74 0 clueweb09-en0011-11-06108 0
51 0 clueweb09-en0133-58-53521 0
76 0 clueweb09-en0108-06-29292 1
94 0 clueweb09-en0010-13-35982 0
73 0 clueweb09-en0003-93-14904 0
79 0 clueweb09-en0021-02-02310 0
63 0 clueweb09-en0017-44-32014 0
84 0 clueweb09-en0005-96-05309 2
72 0 clueweb09-en0003-17-13403 0
84 0 clueweb09-en0005-96-05302 1
67 0 clueweb09-en0008-49-30181 0
80 0 clueweb09-en0020-13-24171 1
83 0 clueweb09-en0001-46-03199 0
94 0 clueweb09-en0011-58-18312 0
54 0 clueweb09-en0006-58-15819 0
54 0 clueweb09-en0000-56-15882 2
54 0 clueweb09-en0000-56-15878 1
66 0 clueweb09-en0078-25-11905 1
74 0 clueweb09-en0005-60-12349 0
73 0 clueweb09-en0076-05-05200 1
54 0 clueweb09-en0005-96-07658 1
91 0 clueweb09-en0081-82-31151 0
64 0 clueweb09-en0005-54-29240 0
91 0 clueweb09-en0011-03-28881 0
65 0 clueweb09-en0009-10-03717 0
65 0 clueweb09-en0000-39-04214 1
64 0 clueweb09-en0005-54-29234 0
64 0 clueweb09-en0005-54-29237 0
57 0 clueweb09-en0036-74-00561 1
70 0 clueweb09-en0028-45-25530 0
56 0 clueweb09-en0007-79-23586 0
61 0 clueweb09-en0000-84-17852 0
62 0 clueweb09-en0041-71-01059 0
59 0 clueweb09-en0008-75-36257 0
60 0 clueweb09-en0005-59-01027 0
96 0 clueweb09-en0006-71-03671 1
69 0 clueweb09-en0019-49-02938 0
56 0 clueweb09-en0009-19-32663 0
96 0 clueweb09-en0106-58-16880 1
54 0 clueweb09-en0103-60-18810 0
87 0 clueweb09-en0026-99-32442 1
89 0 clueweb09-en0011-85-24374 0
94 0 clueweb09-en0128-82-04971 0
83 0 clueweb09-en0005-25-19383 0
58 0 clueweb09-en0019-18-31543 0
83 0 clueweb09-en0005-68-01917 0
87 0 clueweb09-en0049-40-17758 0
62 0 clueweb09-en0004-20-18893 0
80 0 clueweb09-en0007-79-06106 0
85 0 clueweb09-en0121-26-27362 1
56 0 clueweb09-en0069-10-13655 0
85 0 clueweb09-en0121-26-27361 1
85 0 clueweb09-en0121-26-27360 1
67 0 clueweb09-en0012-77-01870 0
84 0 clueweb09-en0009-79-18155 2
86 0 clueweb09-en0033-55-25892 2
98 0 clueweb09-en0006-79-29721 1
51 0 clueweb09-en0007-96-03820 0
58 0 clueweb09-en0005-78-19339 2
75 0 clueweb09-en0003-50-19461 1
88 0 clueweb09-en0001-94-03726 0
81 0 clueweb09-en0012-47-18877 2
77 0 clueweb09-en0050-21-15801 0
67 0 clueweb09-en0059-40-08291 0
77 0 clueweb09-en0133-28-10903 0
97 0 clueweb09-en0130-62-00532 1
72 0 clueweb09-en0011-53-20393 0
70 0 clueweb09-en0062-91-06074 0
78 0 clueweb09-en0006-57-18951 0
98 0 clueweb09-en0006-92-32624 0
62 0 clueweb09-en0023-95-29361 0
55 0 clueweb09-en0132-86-09728 2
55 0 clueweb09-en0007-66-38790 0
56 0 clueweb09-en0083-54-05215 0
71 0 clueweb09-en0032-30-34411 1
74 0 clueweb09-en0004-28-30922 0
87 0 clueweb09-en0004-23-20681 0
80 0 clueweb09-en0008-49-09148 0
80 0 clueweb09-en0008-49-09140 1
94 0 clueweb09-en0002-28-01211 0
79 0 clueweb09-en0007-92-22038 1
79 0 clueweb09-en0077-21-03978 0
84 0 clueweb09-en0004-50-21761 2
89 0 clueweb09-en0025-13-22213 1
89 0 clueweb09-en0025-13-22224 0
73 0 clueweb09-en0075-52-19399 1
63 0 clueweb09-en0024-54-17501 1
77 0 clueweb09-en0005-39-26379 0
70 0 clueweb09-en0038-15-32075 0
89 0 clueweb09-en0039-88-00736 1
71 0 clueweb09-en0051-95-17881 0
64 0 clueweb09-en0000-83-26212 1
77 0 clueweb09-en0008-52-13898 0
82 0 clueweb09-en0008-51-30588 2
76 0 clueweb09-en0007-10-27953 2
76 0 clueweb09-en0007-10-27958 2
83 0 clueweb09-en0003-24-15689 0
79 0 clueweb09-en0011-25-16952 0
51 0 clueweb09-en0015-01-03040 0
85 0 clueweb09-en0002-25-18813 1
70 0 clueweb09-en0009-58-02536 0
54 0 clueweb09-en0044-57-17846 1
88 0 clueweb09-en0009-66-17357 0
67 0 clueweb09-en0006-68-25683 0
54 0 clueweb09-en0004-09-37781 1
97 0 clueweb09-en0019-60-11492 1
97 0 clueweb09-en0092-10-22437 1
70 0 clueweb09-en0005-41-36661 0
75 0 clueweb09-en0078-69-18146 1
78 0 clueweb09-en0010-08-37389 0
54 0 clueweb09-en0009-80-00066 1
58 0 clueweb09-en0011-05-38771 0
58 0 clueweb09-en0011-05-38772 1
58 0 clueweb09-en0011-05-38773 1
58 0 clueweb09-en0011-05-38770 2
89 0 clueweb09-en0015-00-27312 0
72 0 clueweb09-en0101-33-00344 0
90 0 clueweb09-en0008-91-25669 0
58 0 clueweb09-en0012-20-35714 1
70 0 clueweb09-en0009-91-33652 0
74 0 clueweb09-en0017-29-17518 2
54 0 clueweb09-en0020-93-24794 1
77 0 clueweb09-en0000-30-28520 0
67 0 clueweb09-en0007-03-21548 0
72 0 clueweb09-en0131-72-30260 1
67 0 clueweb09-en0045-48-16308 0
82 0 clueweb09-en0004-13-17860 0
73 0 clueweb09-en0061-50-31884 0
80 0 clueweb09-en0051-17-10921 0
84 0 clueweb09-en0004-99-27637 1
57 0 clueweb09-en0062-16-13557 0
67 0 clueweb09-en0007-90-04701 0
78 0 clueweb09-en0050-07-16133 0
82 0 clueweb09-en0011-26-30960 0
92 0 clueweb09-en0030-56-20239 0
61 0 clueweb09-en0008-31-25166 1
84 0 clueweb09-en0047-14-00537 1
52 0 clueweb09-en0006-15-23819 0
70 0 clueweb09-en0003-09-31179 0
97 0 clueweb09-en0004-47-12516 0
87 0 clueweb09-en0011-51-19616 0
68 0 clueweb09-en0011-61-28369 0
54 0 clueweb09-en0000-33-24637 0
87 0 clueweb09-en0022-84-37516 0
86 0 clueweb09-en0119-09-22095 0
77 0 clueweb09-en0002-80-36544 -2
51 0 clueweb09-en0073-03-21481 0
54 0 clueweb09-en0008-80-20704 0
65 0 clueweb09-en0011-54-12900 0
72 0 clueweb09-en0009-13-28033 1
69 0 clueweb09-en0120-70-38149 0
85 0 clueweb09-en0053-14-26410 0
74 0 clueweb09-en0010-34-43290 0
88 0 clueweb09-en0133-06-23438 1
71 0 clueweb09-en0004-74-10613 1
51 0 clueweb09-en0113-17-29184 1
82 0 clueweb09-en0047-55-26491 1
84 0 clueweb09-en0032-90-27651 2
99 0 clueweb09-en0003-60-21423 0
99 0 clueweb09-en0044-52-18690 0
64 0 clueweb09-en0077-12-33595 2
83 0 clueweb09-en0031-66-17060 -2
93 0 clueweb09-en0007-80-16250 0
66 0 clueweb09-en0011-76-28395 0
54 0 clueweb09-en0002-54-23903 1
93 0 clueweb09-en0007-80-16266 0
52 0 clueweb09-en0130-76-11495 0
82 0 clueweb09-en0010-20-11020 0
97 0 clueweb09-en0004-47-12498 0
87 0 clueweb09-en0001-17-32050 0
70 0 clueweb09-en0001-79-01150 0
69 0 clueweb09-en0009-71-36782 0
54 0 clueweb09-en0003-59-24417 0
93 0 clueweb09-en0007-80-16249 0
82 0 clueweb09-en0009-93-18562 0
78 0 clueweb09-en0003-03-33591 0
88 0 clueweb09-en0133-71-08462 0
54 0 clueweb09-en0034-40-17605 0
88 0 clueweb09-en0024-23-05644 1
87 0 clueweb09-en0002-75-32608 0
97 0 clueweb09-en0002-48-17803 2
92 0 clueweb09-en0019-48-16830 0
51 0 clueweb09-en0080-61-28934 0
81 0 clueweb09-en0105-81-35055 0
88 0 clueweb09-en0062-02-01784 0
52 0 clueweb09-en0003-24-06143 0
94 0 clueweb09-en0006-51-07848 0
51 0 clueweb09-en0006-61-04354 2
96 0 clueweb09-en0006-27-35965 1
83 0 clueweb09-en0022-10-08077 0
87 0 clueweb09-en0001-17-32147 0
61 0 clueweb09-en0000-15-02963 0
88 0 clueweb09-en0007-58-18045 0
96 0 clueweb09-en0007-99-17912 0
75 0 clueweb09-en0000-10-11988 0
60 0 clueweb09-en0132-79-06755 1
89 0 clueweb09-en0017-45-24116 0
86 0 clueweb09-en0001-85-03350 0
86 0 clueweb09-en0001-85-03348 0
52 0 clueweb09-en0005-49-23319 0
61 0 clueweb09-en0007-04-29194 0
90 0 clueweb09-en0006-31-31318 1
90 0 clueweb09-en0006-31-31315 3
70 0 clueweb09-en0004-28-21148 0
79 0 clueweb09-en0003-33-23696 -2
70 0 clueweb09-en0004-28-21138 0
72 0 clueweb09-en0057-34-11090 0
59 0 clueweb09-en0011-85-26480 0
60 0 clueweb09-en0004-80-28964 1
96 0 clueweb09-en0064-51-08646 0
70 0 clueweb09-en0034-66-17417 1
61 0 clueweb09-en0011-58-18312 0
87 0 clueweb09-en0072-22-13462 -2
54 0 clueweb09-en0013-78-10056 0
60 0 clueweb09-en0004-80-28974 1
90 0 clueweb09-en0009-80-12787 0
61 0 clueweb09-en0005-00-18953 0
94 0 clueweb09-en0005-31-06506 0
97 0 clueweb09-en0132-67-10355 0
65 0 clueweb09-en0019-28-24276 1
70 0 clueweb09-en0009-44-32648 0
90 0 clueweb09-en0009-80-12878 1
90 0 clueweb09-en0009-80-12879 0
90 0 clueweb09-en0009-80-12839 0
90 0 clueweb09-en0009-80-12855 2
59 0 clueweb09-en0005-00-37269 3
96 0 clueweb09-en0026-24-25039 0
84 0 clueweb09-en0022-78-03077 0
79 0 clueweb09-en0022-05-17506 0
80 0 clueweb09-en0000-18-13423 0
92 0 clueweb09-en0010-76-21205 0
55 0 clueweb09-en0008-14-30281 0
68 0 clueweb09-en0008-91-35983 0
88 0 clueweb09-en0005-55-16402 1
64 0 clueweb09-en0000-41-12700 1
56 0 clueweb09-en0005-75-19483 0
79 0 clueweb09-en0016-74-27557 0
87 0 clueweb09-en0072-22-13367 -2
66 0 clueweb09-en0039-49-13547 0
99 0 clueweb09-en0003-33-24644 0
69 0 clueweb09-en0004-16-05919 0
83 0 clueweb09-en0127-59-08848 0
53 0 clueweb09-en0005-72-25737 0
54 0 clueweb09-en0000-33-24556 0
81 0 clueweb09-en0048-72-12308 0
75 0 clueweb09-en0129-31-20506 0
99 0 clueweb09-en0000-02-25082 0
87 0 clueweb09-en0072-22-13311 -2
78 0 clueweb09-en0003-03-33736 -2
59 0 clueweb09-en0068-06-02693 0
72 0 clueweb09-en0013-31-25903 0
55 0 clueweb09-en0010-70-27662 1
75 0 clueweb09-en0011-88-30999 1
58 0 clueweb09-en0003-58-20287 2
79 0 clueweb09-en0093-93-35726 2
52 0 clueweb09-en0011-06-13335 0
99 0 clueweb09-en0003-94-22431 0
61 0 clueweb09-en0038-05-21150 0
96 0 clueweb09-en0011-54-38547 0
58 0 clueweb09-en0006-46-15879 0
80 0 clueweb09-en0051-56-19633 0
67 0 clueweb09-en0011-58-18312 0
71 0 clueweb09-en0007-93-07478 0
75 0 clueweb09-en0005-19-21634 1
66 0 clueweb09-en0133-24-01817 1