131 0 clueweb09-en0005-69-32136 0
131 0 clueweb09-en0005-69-32131 0
131 0 clueweb09-en0005-69-32133 0
131 0 clueweb09-en0005-69-32118 0
131 0 clueweb09-en0005-69-32125 0
131 0 clueweb09-en0005-69-32127 0
131 0 clueweb09-en0005-69-32121 0
135 0 clueweb09-en0001-33-29444 0
131 0 clueweb09-en0006-22-25082 0
148 0 clueweb09-en0002-82-31031 0
111 0 clueweb09-en0057-36-07216 1
131 0 clueweb09-en0005-69-32174 0
128 0 clueweb09-en0024-34-12018 0
149 0 clueweb09-en0002-04-26750 0
129 0 clueweb09-en0005-28-22069 0
150 0 clueweb09-en0002-31-30195 0
138 0 clueweb09-en0010-42-00139 0
130 0 clueweb09-en0002-11-26855 3
130 0 clueweb09-en0092-42-21078 1
111 0 clueweb09-en0109-32-17193 3
130 0 clueweb09-en0002-11-26870 2
122 0 clueweb09-en0010-07-34891 0
122 0 clueweb09-en0010-07-34951 0
147 0 clueweb09-en0011-24-24074 1
137 0 clueweb09-en0003-55-08162 0
125 0 clueweb09-en0024-69-02729 0
148 0 clueweb09-en0026-18-17274 1
114 0 clueweb09-en0005-96-08380 0
135 0 clueweb09-en0009-88-26246 0
117 0 clueweb09-en0004-16-16660 0
104 0 clueweb09-en0026-95-32948 0
128 0 clueweb09-en0006-65-16681 2
125 0 clueweb09-en0005-90-19002 0
114 0 clueweb09-en0022-05-30533 0
145 0 clueweb09-en0000-97-08939 1
132 0 clueweb09-en0005-27-02797 1
102 0 clueweb09-en0011-10-28159 0
145 0 clueweb09-en0035-24-27659 1
132 0 clueweb09-en0022-64-33879 0
126 0 clueweb09-en0015-64-28812 0
131 0 clueweb09-en0005-69-32365 0
133 0 clueweb09-en0021-67-18964 1
130 0 clueweb09-en0036-93-37274 2
121 0 clueweb09-en0010-62-35187 0
125 0 clueweb09-en0024-40-21857 0
108 0 clueweb09-en0002-92-06551 1
138 0 clueweb09-en0008-42-07171 0
130 0 clueweb09-en0009-26-18169 2
128 0 clueweb09-en0083-27-26311 0
149 0 clueweb09-en0002-83-28784 0
130 0 clueweb09-en0091-64-01814 1
114 0 clueweb09-en0009-41-10617 0
134 0 clueweb09-en0005-88-21869 0
130 0 clueweb09-en0000-18-32761 2
121 0 clueweb09-en0006-79-29387 0
130 0 clueweb09-en0000-44-35675 1
145 0 clueweb09-en0001-49-00739 1
125 0 clueweb09-en0010-03-30916 0
131 0 clueweb09-en0011-57-15053 0
118 0 clueweb09-en0009-36-11431 0
117 0 clueweb09-en0060-57-23243 2
135 0 clueweb09-en0005-11-41950 0
133 0 clueweb09-en0008-16-26518 0
149 0 clueweb09-en0002-04-26897 0
149 0 clueweb09-en0002-04-26891 0
139 0 clueweb09-en0006-35-01728 0
149 0 clueweb09-en0002-04-26889 0
131 0 clueweb09-en0005-69-32411 0
116 0 clueweb09-en0064-04-29224 2
116 0 clueweb09-en0064-04-29259 2
142 0 clueweb09-en0047-22-18851 0
137 0 clueweb09-en0060-55-28483 1
137 0 clueweb09-en0010-66-10373 0
133 0 clueweb09-en0007-59-03041 0
133 0 clueweb09-en0005-96-07675 1
130 0 clueweb09-en0007-80-32049 1
130 0 clueweb09-en0003-65-02892 2
109 0 clueweb09-en0034-25-25748 0
133 0 clueweb09-en0011-97-10788 0
114 0 clueweb09-en0003-59-22131 0
133 0 clueweb09-en0017-10-14527 1
147 0 clueweb09-en0021-55-03849 2
117 0 clueweb09-en0008-57-29082 1
137 0 clueweb09-en0008-26-03497 3
138 0 clueweb09-en0004-87-29985 0
129 0 clueweb09-en0027-27-27025 0
128 0 clueweb09-en0011-41-17374 1
124 0 clueweb09-en0001-32-01884 0
107 0 clueweb09-en0011-60-29361 0
115 0 clueweb09-en0002-08-17068 0
125 0 clueweb09-en0006-61-23034 1
137 0 clueweb09-en0012-04-17303 0
108 0 clueweb09-en0008-58-18222 0
142 0 clueweb09-en0011-17-42567 0
133 0 clueweb09-en0025-43-40702 1
133 0 clueweb09-en0008-48-44263 0
107 0 clueweb09-en0004-28-27830 0
133 0 clueweb09-en0011-77-22334 0
127 0 clueweb09-en0011-60-31197 1
145 0 clueweb09-en0005-49-08463 0
118 0 clueweb09-en0066-90-28144 0
130 0 clueweb09-en0000-10-12486 1
132 0 clueweb09-en0006-22-36451 0
125 0 clueweb09-en0109-12-30307 0
126 0 clueweb09-en0002-98-09939 0
136 0 clueweb09-en0000-46-33801 0
122 0 clueweb09-en0001-91-14457 0
134 0 clueweb09-en0010-12-23557 0
130 0 clueweb09-en0000-10-11506 1
115 0 clueweb09-en0001-19-14227 0
133 0 clueweb09-en0005-40-05652 0
111 0 clueweb09-en0003-07-03503 1
122 0 clueweb09-en0001-91-14497 0
147 0 clueweb09-en0011-77-38454 0
121 0 clueweb09-en0091-55-31845 1
135 0 clueweb09-en0006-02-21914 0
125 0 clueweb09-en0011-94-15135 1
118 0 clueweb09-en0009-24-04403 0
114 0 clueweb09-en0000-03-10029 0
142 0 clueweb09-en0129-93-10184 0
115 0 clueweb09-en0007-45-20991 0
115 0 clueweb09-en0010-69-30845 0
115 0 clueweb09-en0011-28-26691 0
147 0 clueweb09-en0007-36-03323 2
130 0 clueweb09-en0005-72-14671 0
150 0 clueweb09-en0006-18-23669 0
114 0 clueweb09-en0003-11-14459 0
137 0 clueweb09-en0067-21-05153 0
117 0 clueweb09-en0004-40-05099 2
132 0 clueweb09-en0003-15-17157 0
115 0 clueweb09-enwp00-33-20912 0
125 0 clueweb09-en0024-76-20229 1
120 0 clueweb09-en0004-99-03684 0
130 0 clueweb09-en0002-11-23499 3
118 0 clueweb09-en0000-51-00046 0
114 0 clueweb09-en0003-26-38231 1
130 0 clueweb09-en0003-72-20767 1
114 0 clueweb09-en0003-26-38234 0
110 0 clueweb09-en0007-61-19852 1
120 0 clueweb09-en0038-89-10180 0
115 0 clueweb09-en0011-78-11239 0
130 0 clueweb09-en0005-04-11605 1
142 0 clueweb09-en0004-80-00642 0
115 0 clueweb09-en0003-27-28153 0
132 0 clueweb09-en0093-37-13625 0
146 0 clueweb09-en0005-20-26256 0
129 0 clueweb09-en0034-15-38327 0
114 0 clueweb09-en0048-24-16059 1
114 0 clueweb09-en0033-93-38749 0
112 0 clueweb09-en0011-90-19151 0
110 0 clueweb09-en0002-27-15490 1
119 0 clueweb09-en0009-72-14145 2
138 0 clueweb09-en0005-54-26540 0
118 0 clueweb09-en0008-55-14134 0
115 0 clueweb09-en0025-82-36851 0
107 0 clueweb09-en0013-55-34684 0
114 0 clueweb09-en0064-64-15650 0
125 0 clueweb09-en0007-51-29961 0
128 0 clueweb09-en0012-73-27506 2
112 0 clueweb09-en0003-80-18743 0
118 0 clueweb09-en0007-80-18225 0
122 0 clueweb09-en0002-96-18579 0
148 0 clueweb09-en0011-62-18365 0
142 0 clueweb09-en0065-17-23562 0
121 0 clueweb09-en0005-07-36785 0
125 0 clueweb09-en0004-66-22758 0
136 0 clueweb09-en0033-93-32112 0
128 0 clueweb09-en0091-93-03532 0
146 0 clueweb09-en0007-81-11131 0
146 0 clueweb09-en0011-41-13333 0
107 0 clueweb09-en0096-56-02439 1
147 0 clueweb09-en0005-22-35434 0
150 0 clueweb09-en0005-74-16220 0
147 0 clueweb09-en0005-22-35425 1
147 0 clueweb09-en0005-22-35411 0
121 0 clueweb09-en0006-02-26273 0
144 0 clueweb09-en0026-73-40386 0
121 0 clueweb09-en0006-02-26297 1
106 0 clueweb09-en0011-10-27660 0
114 0 clueweb09-en0005-93-35404 0
110 0 clueweb09-en0002-43-26732 0
113 0 clueweb09-en0009-93-09972 0
130 0 clueweb09-en0093-66-40497 1
106 0 clueweb09-en0008-91-28699 0
131 0 clueweb09-en0049-05-21214 0
130 0 clueweb09-en0000-08-20420 1
125 0 clueweb09-en0011-05-27819 0
103 0 clueweb09-en0005-29-38642 0
103 0 clueweb09-en0005-29-38656 0
144 0 clueweb09-en0096-39-24165 0
103 0 clueweb09-en0005-29-38661 0
134 0 clueweb09-en0009-49-10759 0
133 0 clueweb09-en0009-71-23796 1
119 0 clueweb09-en0011-96-19839 1
119 0 clueweb09-en0008-73-30826 0
144 0 clueweb09-en0103-91-01904 0
144 0 clueweb09-en0103-91-01901 0
143 0 clueweb09-en0000-97-07668 0
119 0 clueweb09-en0008-73-30878 0
130 0 clueweb09-en0010-13-35992 1
130 0 clueweb09-en0010-13-35993 2
134 0 clueweb09-en0043-87-15165 0
126 0 clueweb09-en0009-97-23887 0
111 0 clueweb09-en0009-05-17480 0
126 0 clueweb09-en0009-97-23924 0
106 0 clueweb09-en0008-43-04739 0
138 0 clueweb09-en0000-58-19671 0
139 0 clueweb09-en0009-49-40503 0
130 0 clueweb09-en0003-15-16426 0
133 0 clueweb09-en0010-27-06729 1
117 0 clueweb09-en0004-85-00634 1
119 0 clueweb09-en0026-76-31159 1
117 0 clueweb09-en0102-65-27025 1
133 0 clueweb09-en0011-54-13277 0
136 0 clueweb09-en0011-27-04430 0
118 0 clueweb09-en0052-98-42264 0
147 0 clueweb09-en0076-45-06824 0
125 0 clueweb09-en0021-39-08700 0
138 0 clueweb09-en0011-09-12074 0
122 0 clueweb09-en0009-85-26878 0
125 0 clueweb09-en0074-57-25008 0
114 0 clueweb09-en0079-80-04585 0
116 0 clueweb09-en0003-18-24484 3
117 0 clueweb09-en0009-86-43088 1
133 0 clueweb09-en0008-39-03844 0
109 0 clueweb09-en0008-03-34431 0
115 0 clueweb09-en0006-00-32817 0
114 0 clueweb09-en0021-78-14547 0
133 0 clueweb09-en0008-92-13708 0
121 0 clueweb09-en0006-79-29412 0
145 0 clueweb09-en0007-48-34860 0
133 0 clueweb09-en0021-85-39926 0
121 0 clueweb09-en0006-79-29721 0
135 0 clueweb09-en0001-81-23610 0
130 0 clueweb09-en0002-98-32748 2
130 0 clueweb09-en0002-98-32740 3
130 0 clueweb09-en0002-98-32741 3
130 0 clueweb09-en0002-98-32745 3
114 0 clueweb09-en0001-21-25770 0
130 0 clueweb09-en0002-98-32736 3
130 0 clueweb09-en0002-98-32739 3
122 0 clueweb09-en0087-22-06829 0
135 0 clueweb09-en0009-71-01732 0
120 0 clueweb09-en0002-02-29827 0
142 0 clueweb09-en0008-51-06686 0
141 0 clueweb09-en0000-60-08296 0
134 0 clueweb09-en0011-70-18147 0
145 0 clueweb09-en0001-06-31741 0
118 0 clueweb09-en0008-06-17988 0
121 0 clueweb09-en0006-79-29615 0
135 0 clueweb09-en0009-26-17001 0
114 0 clueweb09-en0037-64-11976 0
130 0 clueweb09-en0002-98-32627 1
130 0 clueweb09-en0002-98-32626 1
118 0 clueweb09-en0006-60-42543 0
146 0 clueweb09-en0004-86-21189 0
110 0 clueweb09-en0001-21-27135 0
123 0 clueweb09-en0051-69-43896 2
108 0 clueweb09-en0002-37-03279 0
131 0 clueweb09-en0001-63-33801 0
130 0 clueweb09-en0004-07-21124 2
102 0 clueweb09-en0018-79-12348 0
128 0 clueweb09-en0002-83-22669 0
104 0 clueweb09-en0006-37-10404 0
114 0 clueweb09-en0026-57-12915 0
123 0 clueweb09-en0008-58-01412 0
104 0 clueweb09-en0105-60-08407 0
132 0 clueweb09-en0002-88-08396 0
121 0 clueweb09-en0006-79-29672 0
147 0 clueweb09-en0082-28-17435 1
110 0 clueweb09-en0001-09-25429 2
124 0 clueweb09-en0008-75-09828 0
114 0 clueweb09-en0006-05-02064 0
114 0 clueweb09-en0007-03-14413 0
133 0 clueweb09-en0051-05-40238 1
149 0 clueweb09-en0005-34-36015 0
114 0 clueweb09-en0011-77-18496 2
114 0 clueweb09-en0011-77-18498 0
129 0 clueweb09-en0023-04-20359 0
122 0 clueweb09-en0062-47-44939 0
135 0 clueweb09-en0002-64-20672 0
117 0 clueweb09-en0004-81-29695 0
109 0 clueweb09-en0026-24-29917 0
122 0 clueweb09-en0009-55-15272 0
118 0 clueweb09-en0001-27-02539 0
119 0 clueweb09-en0002-79-18453 0
122 0 clueweb09-en0011-80-01257 0
122 0 clueweb09-en0011-80-01258 0
114 0 clueweb09-en0011-45-11787 0
125 0 clueweb09-en0007-26-22896 0
115 0 clueweb09-en0008-00-33838 0
129 0 clueweb09-en0000-08-19963 0
125 0 clueweb09-en0049-76-27234 0
108 0 clueweb09-en0004-75-23281 0
129 0 clueweb09-en0001-28-16090 0
129 0 clueweb09-en0001-28-16095 0
145 0 clueweb09-en0004-64-14175 0
102 0 clueweb09-en0011-30-38981 0
145 0 clueweb09-en0004-64-14183 0
145 0 clueweb09-en0004-64-02139 1
149 0 clueweb09-en0024-40-23214 0
121 0 clueweb09-en0006-02-25935 1
137 0 clueweb09-en0008-86-22217 0
141 0 clueweb09-en0009-95-02402 0
105 0 clueweb09-en0005-43-26076 0
145 0 clueweb09-en0004-64-14185 0
115 0 clueweb09-en0008-54-30172 0
114 0 clueweb09-en0008-73-13963 0
107 0 clueweb09-en0000-84-09296 0
133 0 clueweb09-en0006-37-22486 0
126 0 clueweb09-en0009-90-24981 0
129 0 clueweb09-en0001-28-16119 0
129 0 clueweb09-en0001-28-16114 0
148 0 clueweb09-en0067-24-02295 1
129 0 clueweb09-en0001-28-16121 0
146 0 clueweb09-en0001-20-20498 0
122 0 clueweb09-en0063-98-25339 0
146 0 clueweb09-en0001-20-20491 0
117 0 clueweb09-en0004-59-01057 0
112 0 clueweb09-en0010-69-35823 0
114 0 clueweb09-en0009-57-24580 0
121 0 clueweb09-en0006-02-25803 0
104 0 clueweb09-en0000-70-03503 0
130 0 clueweb09-en0003-88-31170 -2
130 0 clueweb09-en0008-31-33999 0
129 0 clueweb09-en0001-28-16101 0
129 0 clueweb09-en0001-28-16100 0
149 0 clueweb09-enwp00-82-00758 0
119 0 clueweb09-en0025-36-08992 2
130 0 clueweb09-enwp00-05-06769 1
133 0 clueweb09-en0000-67-20962 0
146 0 clueweb09-en0009-70-00532 0
133 0 clueweb09-en0000-51-33933 0
114 0 clueweb09-en0009-35-00823 0
132 0 clueweb09-en0052-46-08269 0
114 0 clueweb09-en0008-45-42225 0
114 0 clueweb09-en0008-45-42222 0
147 0 clueweb09-en0008-89-07484 2
148 0 clueweb09-en0056-19-24816 1
148 0 clueweb09-en0056-19-24815 2
105 0 clueweb09-en0025-09-24557 0
125 0 clueweb09-en0011-14-30542 1
146 0 clueweb09-en0064-42-03824 0
145 0 clueweb09-en0004-04-13863 0
144 0 clueweb09-en0054-68-23677 0
105 0 clueweb09-en0008-74-13842 0
128 0 clueweb09-en0009-20-15231 0
114 0 clueweb09-en0019-77-27170 1
121 0 clueweb09-en0006-02-25756 0
121 0 clueweb09-en0006-02-25773 0
114 0 clueweb09-en0011-39-31244 0
145 0 clueweb09-en0011-16-25568 0
150 0 clueweb09-en0000-75-31420 0
114 0 clueweb09-en0047-89-09390 2
128 0 clueweb09-en0006-17-02923 0
119 0 clueweb09-en0066-31-25170 0
108 0 clueweb09-en0002-04-15278 0
133 0 clueweb09-en0001-03-14492 0
111 0 clueweb09-en0008-30-32588 1
125 0 clueweb09-en0097-39-05616 1
103 0 clueweb09-en0005-29-38454 0
145 0 clueweb09-en0025-53-28932 0
103 0 clueweb09-en0005-29-38484 0
126 0 clueweb09-en0007-54-47003 0
137 0 clueweb09-en0004-50-12686 0
108 0 clueweb09-en0000-80-16898 0
144 0 clueweb09-en0012-22-09632 1
147 0 clueweb09-en0006-18-21046 2
144 0 clueweb09-en0012-22-09625 0
103 0 clueweb09-en0005-29-38405 0
147 0 clueweb09-en0009-35-12723 1
146 0 clueweb09-en0005-53-39219 0
144 0 clueweb09-en0041-67-06319 0
144 0 clueweb09-en0041-67-06318 0
144 0 clueweb09-en0041-67-06315 0
144 0 clueweb09-en0041-67-06316 0
144 0 clueweb09-en0041-67-06313 0
145 0 clueweb09-en0009-93-23783 0
133 0 clueweb09-en0005-69-32402 0
111 0 clueweb09-en0000-61-19248 0
127 0 clueweb09-en0025-58-27329 0
144 0 clueweb09-en0041-67-06287 1
108 0 clueweb09-en0004-25-26446 0
103 0 clueweb09-en0132-95-10077 1
118 0 clueweb09-en0003-14-18473 0
130 0 clueweb09-en0000-55-09104 1
132 0 clueweb09-en0010-61-12405 0
118 0 clueweb09-en0008-68-27595 0
119 0 clueweb09-en0005-86-25595 1
114 0 clueweb09-en0000-56-03099 1
133 0 clueweb09-en0001-39-12719 1
130 0 clueweb09-en0018-98-14636 1
130 0 clueweb09-en0018-98-14635 1
126 0 clueweb09-en0001-14-19288 0
136 0 clueweb09-en0005-31-20613 0
132 0 clueweb09-en0010-61-12452 0
132 0 clueweb09-en0010-61-12453 0
134 0 clueweb09-en0000-76-23754 0
132 0 clueweb09-en0010-61-12430 0
132 0 clueweb09-en0010-61-12440 0
132 0 clueweb09-en0010-61-12445 2
132 0 clueweb09-en0010-61-12443 2
132 0 clueweb09-en0010-61-12444 0
132 0 clueweb09-en0010-61-12415 0
136 0 clueweb09-en0005-61-26870 0
132 0 clueweb09-en0010-61-12428 0
107 0 clueweb09-en0033-53-09830 0
132 0 clueweb09-en0010-61-12420 0
132 0 clueweb09-en0010-61-12421 0
133 0 clueweb09-en0010-70-36476 1
118 0 clueweb09-en0005-99-33491 0
114 0 clueweb09-en0003-80-04069 0
126 0 clueweb09-en0030-88-21766 0
120 0 clueweb09-en0009-56-23345 0
148 0 clueweb09-en0095-73-22144 1
102 0 clueweb09-en0008-78-29697 0
117 0 clueweb09-en0006-58-35528 0
135 0 clueweb09-en0096-72-34487 0
136 0 clueweb09-en0005-31-20589 0
136 0 clueweb09-en0005-31-20574 0
130 0 clueweb09-en0000-24-26752 1
102 0 clueweb09-en0000-31-10666 0
104 0 clueweb09-en0091-90-32988 2
133 0 clueweb09-en0001-48-28888 0
133 0 clueweb09-en0002-73-20428 0
114 0 clueweb09-en0011-65-01794 0
124 0 clueweb09-en0003-26-16591 0
138 0 clueweb09-en0005-12-32995 0
134 0 clueweb09-en0002-73-02119 0
126 0 clueweb09-en0011-45-29017 0
106 0 clueweb09-en0004-70-04557 0
135 0 clueweb09-en0009-02-15262 0
130 0 clueweb09-en0005-72-14976 0
129 0 clueweb09-en0020-09-26281 0
117 0 clueweb09-en0007-68-10496 0
128 0 clueweb09-en0007-80-33178 2
114 0 clueweb09-en0025-43-26758 0
107 0 clueweb09-en0092-76-08183 0
118 0 clueweb09-en0132-47-41448 0
118 0 clueweb09-en0132-47-41449 0
118 0 clueweb09-en0132-47-41450 0
118 0 clueweb09-en0132-47-41452 1
133 0 clueweb09-en0026-11-12150 0
106 0 clueweb09-en0003-19-04070 0
132 0 clueweb09-en0054-19-17017 0
131 0 clueweb09-en0011-49-10612 0
130 0 clueweb09-en0090-67-36466 0
118 0 clueweb09-en0009-01-41459 0
128 0 clueweb09-en0019-30-11919 0
139 0 clueweb09-en0007-52-15851 0
130 0 clueweb09-en0004-04-34128 1
135 0 clueweb09-en0006-54-03603 0
122 0 clueweb09-en0003-51-24365 0
122 0 clueweb09-en0003-51-24363 0
122 0 clueweb09-en0003-51-24377 0
146 0 clueweb09-en0024-73-19668 0
133 0 clueweb09-en0011-57-15053 0
136 0 clueweb09-en0024-77-19442 0
130 0 clueweb09-en0000-64-07267 3
138 0 clueweb09-en0054-32-08877 0
118 0 clueweb09-en0004-87-08824 0
128 0 clueweb09-en0000-10-21253 0
123 0 clueweb09-en0054-40-26541 2
126 0 clueweb09-en0010-15-39011 0
138 0 clueweb09-en0076-55-28467 0
135 0 clueweb09-en0006-22-23094 0
131 0 clueweb09-en0005-69-31899 0
114 0 clueweb09-en0067-80-17032 1
139 0 clueweb09-en0001-63-29922 0
111 0 clueweb09-en0000-95-28886 0
132 0 clueweb09-en0009-21-20768 0
114 0 clueweb09-en0012-87-38332 0
102 0 clueweb09-en0008-54-03818 0
130 0 clueweb09-en0133-29-21381 3
125 0 clueweb09-en0024-20-15553 1
143 0 clueweb09-en0005-77-12563 0
136 0 clueweb09-en0017-25-10018 0
135 0 clueweb09-en0009-26-14382 0
133 0 clueweb09-en0012-44-38433 0
116 0 clueweb09-en0006-69-30751 2
131 0 clueweb09-en0007-82-02476 0
130 0 clueweb09-en0033-50-35044 1
129 0 clueweb09-en0006-59-35964 0
128 0 clueweb09-en0011-14-18009 0
108 0 clueweb09-en0010-25-34664 0
131 0 clueweb09-en0005-69-31902 0
148 0 clueweb09-en0013-04-07978 0
148 0 clueweb09-en0013-04-07973 2
133 0 clueweb09-en0009-84-12979 1
114 0 clueweb09-en0036-22-01552 0
116 0 clueweb09-en0006-69-30684 2
116 0 clueweb09-en0006-69-30685 2
104 0 clueweb09-en0000-75-30538 0
119 0 clueweb09-en0010-13-15785 1
146 0 clueweb09-en0008-05-25084 0
123 0 clueweb09-en0024-72-32548 0
149 0 clueweb09-en0009-26-16917 0
129 0 clueweb09-en0051-33-37440 0
149 0 clueweb09-en0008-32-24252 0
109 0 clueweb09-en0009-40-00529 0
106 0 clueweb09-en0011-77-36539 0
133 0 clueweb09-en0001-68-11547 1
130 0 clueweb09-en0006-51-07853 0
145 0 clueweb09-en0005-27-38105 0
111 0 clueweb09-en0040-79-23688 3
144 0 clueweb09-en0007-93-24525 0
135 0 clueweb09-en0006-22-14646 0
111 0 clueweb09-en0009-26-16605 0
126 0 clueweb09-en0003-59-33908 1
121 0 clueweb09-en0001-17-15434 1
115 0 clueweb09-en0001-08-01579 0
133 0 clueweb09-en0001-46-21260 1
106 0 clueweb09-en0010-43-26478 0
115 0 clueweb09-en0001-08-01591 0
115 0 clueweb09-en0001-08-01592 0
115 0 clueweb09-en0001-08-01590 0
139 0 clueweb09-en0003-34-05593 0
149 0 clueweb09-en0011-98-31792 0
144 0 clueweb09-en0011-78-22437 0
134 0 clueweb09-en0020-19-08065 0
147 0 clueweb09-en0020-61-27619 1
114 0 clueweb09-en0009-18-11659 0
131 0 clueweb09-en0001-24-30783 0
111 0 clueweb09-en0008-38-41251 2
104 0 clueweb09-en0035-05-35030 0
133 0 clueweb09-en0076-34-07323 1
121 0 clueweb09-en0001-84-18016 0
146 0 clueweb09-en0006-55-07836 0
133 0 clueweb09-en0004-74-24941 0
135 0 clueweb09-en0022-89-01003 0
114 0 clueweb09-en0074-02-18907 0
139 0 clueweb09-en0011-79-29654 0
125 0 clueweb09-en0051-09-41746 0
135 0 clueweb09-en0009-90-09080 0
133 0 clueweb09-en0029-77-32818 1
130 0 clueweb09-en0011-34-03032 0
129 0 clueweb09-en0009-33-10916 0
119 0 clueweb09-en0000-57-08248 0
146 0 clueweb09-en0079-53-00197 0
145 0 clueweb09-en0009-29-16760 0