29 0 clueweb09-en0001-48-17430 0
14 0 clueweb09-en0004-68-32592 0
23 0 clueweb09-en0000-18-12264 1
23 0 clueweb09-en0000-18-12263 1
36 0 clueweb09-en0006-44-24770 0
14 0 clueweb09-en0006-94-35218 0
24 0 clueweb09-en0006-84-25377 1
4 0 clueweb09-en0010-28-39353 0
18 0 clueweb09-en0008-62-20034 0
23 0 clueweb09-en0000-18-12206 1
39 0 clueweb09-en0003-00-29100 0
3 0 clueweb09-en0008-82-03773 0
23 0 clueweb09-en0000-18-12202 1
4 0 clueweb09-en0010-28-39362 2
7 0 clueweb09-en0001-18-31862 0
25 0 clueweb09-en0005-16-00130 0
25 0 clueweb09-en0000-54-04749 0
24 0 clueweb09-en0005-39-09892 2
23 0 clueweb09-en0000-18-12250 1
23 0 clueweb09-en0000-18-12253 1
23 0 clueweb09-en0000-18-12254 1
45 0 clueweb09-en0003-45-00141 0
23 0 clueweb09-en0000-18-12220 1
23 0 clueweb09-en0000-18-12222 1
42 0 clueweb09-en0009-68-27429 1
27 0 clueweb09-en0009-88-27905 1
49 0 clueweb09-en0000-22-04002 0
29 0 clueweb09-en0006-62-02612 0
13 0 clueweb09-en0000-00-05489 0
8 0 clueweb09-en0000-74-03987 0
19 0 clueweb09-en0008-64-20918 0
24 0 clueweb09-en0006-25-34103 1
38 0 clueweb09-en0005-67-04229 1
3 0 clueweb09-en0011-62-17357 0
4 0 clueweb09-en0006-68-37568 0
24 0 clueweb09-en0006-25-34125 0
8 0 clueweb09-en0006-21-25328 0
30 0 clueweb09-en0008-74-31062 0
37 0 clueweb09-en0006-19-03708 0
37 0 clueweb09-en0006-19-03710 0
24 0 clueweb09-en0006-25-34129 0
47 0 clueweb09-en0006-65-27042 1
17 0 clueweb09-en0011-39-04718 0
39 0 clueweb09-en0003-00-29089 1
5 0 clueweb09-en0011-38-16029 0
19 0 clueweb09-en0006-20-27693 0
28 0 clueweb09-en0009-64-18486 0
46 0 clueweb09-en0010-32-26023 0
28 0 clueweb09-en0011-58-19480 0
12 0 clueweb09-en0011-82-17636 0
49 0 clueweb09-en0005-10-33394 0
42 0 clueweb09-en0001-18-32165 0
26 0 clueweb09-en0002-86-07544 0
47 0 clueweb09-en0007-27-28668 0
22 0 clueweb09-en0006-30-22080 0
47 0 clueweb09-en0006-77-37854 0
49 0 clueweb09-en0005-10-33370 0
9 0 clueweb09-en0010-94-24190 0
42 0 clueweb09-en0010-38-12218 0
17 0 clueweb09-en0009-53-31153 0
50 0 clueweb09-en0010-52-03560 0
50 0 clueweb09-en0010-52-03558 0
49 0 clueweb09-en0005-10-33325 1
50 0 clueweb09-en0010-52-03554 0
49 0 clueweb09-en0005-10-33324 1
49 0 clueweb09-en0005-10-33326 0
18 0 clueweb09-en0007-25-19092 0
50 0 clueweb09-en0010-52-03581 0
50 0 clueweb09-en0010-52-03564 0
26 0 clueweb09-en0005-65-31831 0
9 0 clueweb09-en0005-71-07822 1
32 0 clueweb09-en0007-41-02253 1
31 0 clueweb09-en0002-45-22274 2
49 0 clueweb09-en0005-10-33352 1
26 0 clueweb09-en0011-17-15925 0
18 0 clueweb09-en0011-78-01837 2
49 0 clueweb09-en0005-10-33339 0
49 0 clueweb09-en0005-10-33332 1
31 0 clueweb09-en0000-32-14246 1
50 0 clueweb09-en0005-28-10983 1
7 0 clueweb09-en0009-07-07584 2
1 0 clueweb09-en0009-95-07688 0
29 0 clueweb09-en0005-22-36375 0
39 0 clueweb09-en0004-68-00191 1
38 0 clueweb09-en0011-02-04817 1
7 0 clueweb09-en0011-94-10578 0
28 0 clueweb09-en0009-64-18414 0
17 0 clueweb09-en0004-17-11890 0
30 0 clueweb09-en0004-68-18661 0
31 0 clueweb09-en0000-78-08730 1
17 0 clueweb09-en0004-17-11878 0
17 0 clueweb09-en0004-17-11882 0
28 0 clueweb09-en0011-14-26476 0
24 0 clueweb09-en0009-32-16640 1
30 0 clueweb09-en0000-29-27103 1
13 0 clueweb09-en0004-46-22319 0
30 0 clueweb09-en0000-29-27105 1
13 0 clueweb09-en0000-51-24070 0
30 0 clueweb09-en0000-29-27106 0
15 0 clueweb09-en0010-53-35647 0
19 0 clueweb09-en0009-79-03303 0
38 0 clueweb09-en0004-36-24988 1
34 0 clueweb09-en0009-61-07706 0
24 0 clueweb09-en0009-32-16655 0
49 0 clueweb09-en0007-20-27494 0
6 0 clueweb09-en0011-57-25189 0
47 0 clueweb09-en0005-98-00107 1
24 0 clueweb09-en0008-48-26488 2
5 0 clueweb09-en0006-23-17720 0
19 0 clueweb09-en0005-09-31562 0
4 0 clueweb09-en0008-66-23549 0
23 0 clueweb09-en0003-19-00552 1
37 0 clueweb09-en0008-79-28244 2
44 0 clueweb09-en0010-84-10531 1
25 0 clueweb09-en0000-77-04167 0
25 0 clueweb09-en0000-77-04164 0
7 0 clueweb09-en0000-46-10103 0
18 0 clueweb09-en0011-11-32981 1
26 0 clueweb09-en0007-51-19895 0
26 0 clueweb09-en0007-51-19898 0
30 0 clueweb09-en0000-58-00672 0
42 0 clueweb09-en0007-26-13848 0
50 0 clueweb09-en0006-09-18656 0
32 0 clueweb09-en0006-81-04238 1
16 0 clueweb09-en0006-02-39695 2
26 0 clueweb09-en0011-09-07090 0
7 0 clueweb09-en0004-42-32659 0
30 0 clueweb09-en0000-29-27099 1
30 0 clueweb09-en0000-29-27092 1
27 0 clueweb09-en0006-57-18111 1
30 0 clueweb09-en0000-29-27087 1
30 0 clueweb09-en0000-29-27082 1
30 0 clueweb09-en0000-29-27084 1
30 0 clueweb09-en0000-29-27083 1
30 0 clueweb09-en0000-29-27079 1
30 0 clueweb09-en0000-29-27074 1
47 0 clueweb09-en0004-78-15898 0
30 0 clueweb09-en0000-29-27076 1
14 0 clueweb09-en0003-31-07565 0
30 0 clueweb09-en0000-29-27063 0
30 0 clueweb09-en0000-29-27065 1
31 0 clueweb09-en0001-13-24091 0
24 0 clueweb09-en0004-90-06384 0
24 0 clueweb09-en0007-12-02582 0
30 0 clueweb09-en0000-29-27058 2
30 0 clueweb09-en0000-29-27055 1
30 0 clueweb09-en0000-29-27054 1
30 0 clueweb09-en0000-29-27051 1
30 0 clueweb09-en0000-29-27049 1
26 0 clueweb09-en0007-01-13970 1
40 0 clueweb09-en0009-42-17189 2
18 0 clueweb09-en0004-74-03077 2
32 0 clueweb09-en0003-03-26345 1
29 0 clueweb09-en0009-00-22917 0
18 0 clueweb09-en0004-74-03083 2
18 0 clueweb09-en0004-74-03084 2
18 0 clueweb09-en0004-74-03082 2
3 0 clueweb09-en0002-34-10861 0
23 0 clueweb09-en0001-10-05176 1
47 0 clueweb09-en0007-55-00820 0
24 0 clueweb09-en0005-02-33567 0
34 0 clueweb09-en0004-12-24879 0
3 0 clueweb09-en0007-03-23005 2
27 0 clueweb09-en0009-88-27792 2
22 0 clueweb09-en0005-58-31863 1
18 0 clueweb09-en0010-46-03487 1
42 0 clueweb09-en0004-45-03573 0
48 0 clueweb09-en0004-50-38098 0
3 0 clueweb09-en0008-82-03407 2
49 0 clueweb09-en0011-04-10568 0
8 0 clueweb09-en0010-06-33344 0
37 0 clueweb09-en0007-34-13500 0
24 0 clueweb09-en0009-76-05275 2
38 0 clueweb09-en0008-67-40029 1
17 0 clueweb09-en0002-55-00727 0
47 0 clueweb09-en0008-05-01474 0
47 0 clueweb09-en0008-05-01477 0
26 0 clueweb09-en0007-32-33911 0
10 0 clueweb09-en0004-26-21427 0
47 0 clueweb09-en0008-05-01488 0
26 0 clueweb09-en0000-37-12755 0
47 0 clueweb09-en0008-05-01493 0
30 0 clueweb09-en0001-44-04517 2
20 0 clueweb09-en0000-48-32149 0
13 0 clueweb09-en0000-00-05324 0
26 0 clueweb09-en0010-62-08948 0
13 0 clueweb09-en0011-10-02290 0
27 0 clueweb09-en0009-88-27865 1
31 0 clueweb09-en0005-68-13789 0
36 0 clueweb09-en0001-80-23222 1
27 0 clueweb09-en0009-88-27877 2
26 0 clueweb09-en0008-08-14534 0
27 0 clueweb09-en0009-88-27886 1
27 0 clueweb09-en0009-88-27895 2
23 0 clueweb09-en0007-99-13080 1
3 0 clueweb09-en0009-82-36269 0
30 0 clueweb09-en0000-29-27194 0
23 0 clueweb09-en0005-32-23941 1
19 0 clueweb09-en0009-00-14728 0
22 0 clueweb09-enwp01-96-08051 0
9 0 clueweb09-en0001-18-32626 0
8 0 clueweb09-en0007-97-36124 0
7 0 clueweb09-en0006-74-28214 0
9 0 clueweb09-en0001-18-32633 0
24 0 clueweb09-en0006-28-38844 0
19 0 clueweb09-en0009-00-14731 0
16 0 clueweb09-en0001-67-34261 0
37 0 clueweb09-en0010-81-25679 0
27 0 clueweb09-en0009-88-27852 0
21 0 clueweb09-en0011-26-30928 1
21 0 clueweb09-en0011-26-30931 2
21 0 clueweb09-en0011-26-30937 1
18 0 clueweb09-en0009-31-35396 2
21 0 clueweb09-en0011-26-30943 2
21 0 clueweb09-en0011-26-30944 2
21 0 clueweb09-en0011-26-30940 1
34 0 clueweb09-en0008-83-20695 0
21 0 clueweb09-en0011-26-30948 1
1 0 clueweb09-en0005-84-26381 0
13 0 clueweb09-en0009-79-03316 0
21 0 clueweb09-en0011-26-30955 1
17 0 clueweb09-en0004-90-24915 0
21 0 clueweb09-en0011-26-30958 1
21 0 clueweb09-en0011-26-30963 1
21 0 clueweb09-en0011-26-30964 1
21 0 clueweb09-en0011-26-30966 1
21 0 clueweb09-en0011-26-30961 1
21 0 clueweb09-en0011-26-30968 1
21 0 clueweb09-en0011-26-30969 1
21 0 clueweb09-en0011-26-30975 1
21 0 clueweb09-en0011-26-30976 1
21 0 clueweb09-en0011-26-30970 1
21 0 clueweb09-en0011-26-30971 1
21 0 clueweb09-en0011-26-30973 1
8 0 clueweb09-en0007-76-22142 0
21 0 clueweb09-en0011-26-30985 1
21 0 clueweb09-en0011-26-30986 1
21 0 clueweb09-en0011-26-30987 1
21 0 clueweb09-en0011-26-30988 2
24 0 clueweb09-en0007-44-24241 0
21 0 clueweb09-en0011-26-30996 1
21 0 clueweb09-en0011-26-30992 1
21 0 clueweb09-en0011-26-30995 1
41 0 clueweb09-en0001-31-20127 0
44 0 clueweb09-en0004-49-21347 0
32 0 clueweb09-en0008-69-33275 1
32 0 clueweb09-en0006-01-02416 0
8 0 clueweb09-en0002-18-23424 2
31 0 clueweb09-en0000-11-23194 1
27 0 clueweb09-en0008-87-12469 1
32 0 clueweb09-en0006-86-18568 1
9 0 clueweb09-en0007-82-36892 0
13 0 clueweb09-en0007-54-47071 0
9 0 clueweb09-en0007-82-36890 0
9 0 clueweb09-en0007-82-36891 0
9 0 clueweb09-en0007-82-36889 0
20 0 clueweb09-en0009-02-12583 0
9 0 clueweb09-en0007-82-36885 1
47 0 clueweb09-enwp00-08-18809 0
31 0 clueweb09-en0002-66-03872 0
45 0 clueweb09-en0011-35-00574 1
26 0 clueweb09-en0008-80-03417 0
13 0 clueweb09-en0004-90-03270 0
26 0 clueweb09-en0008-80-03421 1
26 0 clueweb09-en0008-80-03424 0
42 0 clueweb09-en0000-32-31741 0
50 0 clueweb09-en0002-26-08597 0
12 0 clueweb09-en0000-00-34130 0
11 0 clueweb09-en0008-33-18171 0
24 0 clueweb09-en0010-56-11598 0
26 0 clueweb09-en0009-76-21475 0
46 0 clueweb09-en0008-68-33580 0
37 0 clueweb09-en0010-16-16633 0
4 0 clueweb09-en0000-31-05721 2
12 0 clueweb09-en0000-42-24694 0
34 0 clueweb09-en0007-75-30614 1
9 0 clueweb09-en0000-61-26460 0
6 0 clueweb09-en0004-10-14556 0
28 0 clueweb09-en0011-42-23643 0
24 0 clueweb09-en0002-11-16389 0
48 0 clueweb09-en0010-78-24754 0
48 0 clueweb09-en0010-78-24756 0
9 0 clueweb09-en0008-24-24647 0
39 0 clueweb09-en0008-03-32371 0
39 0 clueweb09-en0008-03-32373 0
23 0 clueweb09-en0001-90-08005 1
17 0 clueweb09-en0007-86-05932 1
17 0 clueweb09-en0007-86-05930 1
17 0 clueweb09-en0007-86-05931 1
26 0 clueweb09-en0005-00-02878 0
8 0 clueweb09-en0004-22-28418 0
17 0 clueweb09-en0007-86-05929 1
17 0 clueweb09-en0007-86-05927 1
17 0 clueweb09-en0007-86-05928 1
17 0 clueweb09-en0007-86-05920 1
42 0 clueweb09-en0006-27-35246 0
8 0 clueweb09-en0006-66-44513 0
26 0 clueweb09-en0005-00-02884 1
33 0 clueweb09-en0003-62-10126 1
48 0 clueweb09-en0010-78-24751 0
48 0 clueweb09-en0010-78-24748 0
26 0 clueweb09-en0003-37-21359 0
26 0 clueweb09-en0003-37-21358 1
26 0 clueweb09-en0003-37-21357 0
26 0 clueweb09-en0003-37-21360 0
26 0 clueweb09-en0003-37-21363 0
17 0 clueweb09-en0007-86-05919 2
17 0 clueweb09-en0007-86-05913 2
3 0 clueweb09-en0008-82-02782 0
17 0 clueweb09-en0007-86-05909 0
17 0 clueweb09-en0007-86-05907 1
17 0 clueweb09-en0007-86-05908 1
3 0 clueweb09-en0009-88-06210 0
26 0 clueweb09-en0009-40-22225 1
49 0 clueweb09-en0010-09-35739 0
32 0 clueweb09-en0007-87-31565 0
44 0 clueweb09-en0002-83-29454 0
4 0 clueweb09-en0010-99-14146 0
16 0 clueweb09-en0007-66-21198 1
25 0 clueweb09-en0010-10-03399 2
26 0 clueweb09-en0003-46-17278 0
45 0 clueweb09-en0010-44-29482 0
25 0 clueweb09-en0001-42-23929 1
27 0 clueweb09-en0003-04-07325 0
25 0 clueweb09-en0000-25-21216 0
47 0 clueweb09-en0009-03-33121 1
13 0 clueweb09-en0009-79-03299 0
10 0 clueweb09-en0007-90-25506 0
26 0 clueweb09-en0005-00-02852 0
32 0 clueweb09-en0006-25-18639 0
10 0 clueweb09-en0007-26-33126 0
24 0 clueweb09-en0000-04-22527 0
47 0 clueweb09-en0009-03-33119 0
8 0 clueweb09-en0007-30-34930 0
25 0 clueweb09-en0007-94-36161 0
25 0 clueweb09-en0007-94-36172 0
25 0 clueweb09-en0007-94-36173 0
34 0 clueweb09-en0003-93-06792 0
44 0 clueweb09-en0005-92-37331 0
28 0 clueweb09-en0004-47-29261 0
36 0 clueweb09-en0007-62-12281 0
19 0 clueweb09-en0008-78-11025 0
20 0 clueweb09-enwp01-92-01422 0
4 0 clueweb09-en0009-73-30747 0
28 0 clueweb09-en0004-47-29235 0
17 0 clueweb09-en0008-62-39301 0
34 0 clueweb09-en0005-25-32678 2
13 0 clueweb09-en0000-22-08675 0
31 0 clueweb09-en0009-00-37381 0
38 0 clueweb09-en0005-39-36525 1
32 0 clueweb09-en0005-07-15667 1
19 0 clueweb09-en0000-25-20042 0
20 0 clueweb09-en0008-21-28989 0
29 0 clueweb09-en0011-14-10906 0
5 0 clueweb09-en0006-91-27733 0
7 0 clueweb09-en0006-27-20568 0
25 0 clueweb09-en0001-71-30776 0
41 0 clueweb09-en0010-37-39634 1
47 0 clueweb09-en0009-03-33294 0
17 0 clueweb09-en0007-86-05898 1
17 0 clueweb09-en0007-86-05896 1
17 0 clueweb09-en0007-86-05894 2
36 0 clueweb09-en0011-00-24153 0
47 0 clueweb09-en0009-03-33291 1
10 0 clueweb09-en0005-02-39313 0
10 0 clueweb09-en0005-02-39318 0
29 0 clueweb09-en0004-43-36136 0
17 0 clueweb09-en0007-86-05887 0
17 0 clueweb09-en0007-86-05884 0
17 0 clueweb09-en0007-86-05880 1
17 0 clueweb09-en0007-86-05881 1
32 0 clueweb09-en0007-80-31696 0
10 0 clueweb09-en0005-02-39304 2
10 0 clueweb09-en0005-02-39300 0
32 0 clueweb09-en0006-12-34718 2
44 0 clueweb09-en0007-07-13009 0
24 0 clueweb09-en0001-70-15352 1
7 0 clueweb09-en0005-27-08035 0
17 0 clueweb09-en0007-86-05879 1
17 0 clueweb09-en0007-86-05878 1
17 0 clueweb09-en0007-86-05875 2
17 0 clueweb09-en0007-86-05876 1
28 0 clueweb09-en0011-58-19428 0
17 0 clueweb09-en0007-86-05874 1
17 0 clueweb09-en0007-86-05871 0
32 0 clueweb09-en0007-54-11361 0
34 0 clueweb09-en0001-47-25874 0
5 0 clueweb09-en0005-75-38712 0
18 0 clueweb09-en0005-02-22976 0
18 0 clueweb09-en0005-02-22971 0
6 0 clueweb09-en0000-68-22860 0
44 0 clueweb09-en0008-00-22209 0
31 0 clueweb09-enwp01-28-00585 1
19 0 clueweb09-en0007-91-12692 0
13 0 clueweb09-en0004-28-08736 0
18 0 clueweb09-en0005-02-22956 0
18 0 clueweb09-en0005-02-22950 0
18 0 clueweb09-en0005-02-22952 0
48 0 clueweb09-en0003-43-36960 0
10 0 clueweb09-en0009-14-23509 2
18 0 clueweb09-en0005-02-22944 0
24 0 clueweb09-en0001-78-11787 0
10 0 clueweb09-en0009-14-23510 2
10 0 clueweb09-en0009-14-23511 2
18 0 clueweb09-en0005-02-22939 0
23 0 clueweb09-en0010-39-32440 0
47 0 clueweb09-en0010-30-12328 0
25 0 clueweb09-en0007-18-16879 0
16 0 clueweb09-en0008-83-28378 1
37 0 clueweb09-en0006-19-03674 0
19 0 clueweb09-en0004-61-07628 0
25 0 clueweb09-en0004-32-12725 0
37 0 clueweb09-en0006-19-03691 0
16 0 clueweb09-en0003-73-03678 0
38 0 clueweb09-en0010-15-13043 0
38 0 clueweb09-en0010-15-13045 0
30 0 clueweb09-en0006-62-39502 0
18 0 clueweb09-en0009-31-35444 0
17 0 clueweb09-en0004-90-24887 1
17 0 clueweb09-en0004-90-24881 1
37 0 clueweb09-en0000-66-20387 0
8 0 clueweb09-en0009-75-07102 0
34 0 clueweb09-en0009-44-21417 1
48 0 clueweb09-en0011-61-40087 0
46 0 clueweb09-en0008-54-12433 0
22 0 clueweb09-en0005-76-31982 0
28 0 clueweb09-en0000-65-10287 0
34 0 clueweb09-en0001-18-31965 0
17 0 clueweb09-en0011-11-32345 1
17 0 clueweb09-en0011-11-32343 1
26 0 clueweb09-en0009-76-21547 0
4 0 clueweb09-en0000-00-06890 0
8 0 clueweb09-en0008-98-03074 0
32 0 clueweb09-en0008-92-27841 0
32 0 clueweb09-en0008-92-27842 2
32 0 clueweb09-en0008-92-27844 1
32 0 clueweb09-en0008-92-27845 2
32 0 clueweb09-en0008-92-27846 1
45 0 clueweb09-en0008-67-24010 1
32 0 clueweb09-en0008-92-27840 2
19 0 clueweb09-en0006-12-21379 0
29 0 clueweb09-en0001-93-14915 0
13 0 clueweb09-en0005-08-32697 0
27 0 clueweb09-en0004-99-22343 2
43 0 clueweb09-en0000-87-03420 0
3 0 clueweb09-en0009-84-13135 0
43 0 clueweb09-en0011-53-06114 1
41 0 clueweb09-en0006-86-09403 1
26 0 clueweb09-en0008-18-32277 0
23 0 clueweb09-en0009-29-07822 0
8 0 clueweb09-en0001-31-19157 0
12 0 clueweb09-en0002-44-25142 1
24 0 clueweb09-en0008-33-15386 2
13 0 clueweb09-en0002-30-26464 0
17 0 clueweb09-en0008-62-39270 1
45 0 clueweb09-en0011-73-21211 0
22 0 clueweb09-en0000-89-37018 1
47 0 clueweb09-en0011-62-17006 0
14 0 clueweb09-en0005-63-29850 1
47 0 clueweb09-en0011-62-17008 0
47 0 clueweb09-en0011-62-17007 0
47 0 clueweb09-en0011-62-17009 0
13 0 clueweb09-en0002-73-04147 0
47 0 clueweb09-en0008-74-07764 0
8 0 clueweb09-en0004-93-10543 0
28 0 clueweb09-en0000-55-06647 0
32 0 clueweb09-en0008-39-35862 1
27 0 clueweb09-en0011-17-11160 0
23 0 clueweb09-en0007-57-15502 0
32 0 clueweb09-en0007-13-06890 0
42 0 clueweb09-en0004-81-00981 0
19 0 clueweb09-en0003-73-03204 0
35 0 clueweb09-en0007-03-22596 1
7 0 clueweb09-en0004-39-14329 0
31 0 clueweb09-en0007-34-09028 1
41 0 clueweb09-en0007-67-03096 0
13 0 clueweb09-en0002-21-03531 0
23 0 clueweb09-en0001-90-26302 1
13 0 clueweb09-en0002-21-03553 0
9 0 clueweb09-en0005-13-17033 0
18 0 clueweb09-en0006-51-23217 2
18 0 clueweb09-en0006-51-23218 2
48 0 clueweb09-en0010-13-11668 0
23 0 clueweb09-en0004-19-14266 0
13 0 clueweb09-en0002-21-03573 0
27 0 clueweb09-en0010-69-21000 2
34 0 clueweb09-en0009-03-26768 0
48 0 clueweb09-en0010-13-11628 0
5 0 clueweb09-en0003-30-13642 0
22 0 clueweb09-en0003-96-15209 1
29 0 clueweb09-en0003-73-26994 0
9 0 clueweb09-en0003-26-10312 0
9 0 clueweb09-en0005-23-24046 2
17 0 clueweb09-en0005-92-38973 0
17 0 clueweb09-en0005-92-38972 0
17 0 clueweb09-en0005-92-38971 0
26 0 clueweb09-en0007-53-00517 0
41 0 clueweb09-en0002-59-13473 0
43 0 clueweb09-en0008-01-00069 0
25 0 clueweb09-en0004-01-00010 0
36 0 clueweb09-en0000-04-02442 1
49 0 clueweb09-en0001-32-02157 1
49 0 clueweb09-en0001-32-02150 0
6 0 clueweb09-en0009-25-09690 0
37 0 clueweb09-en0011-25-03896 0
37 0 clueweb09-en0011-25-03894 0
37 0 clueweb09-en0011-25-03892 0
37 0 clueweb09-en0011-25-03890 0
49 0 clueweb09-en0001-32-02149 0
16 0 clueweb09-en0004-44-35503 1
38 0 clueweb09-en0005-39-27902 1
49 0 clueweb09-en0001-32-02163 0
49 0 clueweb09-en0001-32-02160 0
19 0 clueweb09-en0005-35-40614 0
49 0 clueweb09-en0001-32-02116 1
49 0 clueweb09-en0001-32-02114 1
49 0 clueweb09-en0001-32-02118 0
49 0 clueweb09-en0001-32-02112 0
49 0 clueweb09-en0001-32-02111 0
49 0 clueweb09-en0001-32-02105 2
16 0 clueweb09-en0005-88-21547 1
13 0 clueweb09-en0001-02-07179 0
49 0 clueweb09-en0001-32-02138 1
49 0 clueweb09-en0001-32-02137 1
49 0 clueweb09-en0001-32-02136 1
40 0 clueweb09-en0001-44-27969 1
49 0 clueweb09-en0001-32-02134 0
37 0 clueweb09-en0011-25-03897 0
37 0 clueweb09-en0011-25-03898 0
49 0 clueweb09-en0001-32-02127 1
49 0 clueweb09-en0001-32-02125 0
49 0 clueweb09-en0003-82-16279 0
9 0 clueweb09-en0000-74-05495 0
3 0 clueweb09-en0003-14-22391 0
24 0 clueweb09-en0001-18-31953 0
16 0 clueweb09-en0005-88-21556 0
38 0 clueweb09-en0004-19-02754 2
11 0 clueweb09-en0005-46-19134 0
36 0 clueweb09-en0000-04-02443 1
16 0 clueweb09-en0005-88-21587 1
16 0 clueweb09-en0005-88-21586 1
16 0 clueweb09-en0005-88-21589 0
16 0 clueweb09-en0005-88-21588 0
11 0 clueweb09-en0005-46-19148 0
16 0 clueweb09-en0005-88-21583 1
16 0 clueweb09-en0005-88-21585 0
16 0 clueweb09-en0005-88-21584 0
11 0 clueweb09-en0005-46-19154 0
4 0 clueweb09-en0011-82-35189 2
3 0 clueweb09-en0003-14-22380 0
13 0 clueweb09-en0002-21-03637 0
16 0 clueweb09-en0005-88-21599 1
25 0 clueweb09-en0001-04-28472 2
13 0 clueweb09-en0009-31-09926 0
27 0 clueweb09-en0000-31-00375 0
23 0 clueweb09-en0001-90-26240 1
19 0 clueweb09-en0000-22-03636 0
19 0 clueweb09-en0000-22-03635 0
20 0 clueweb09-en0010-20-08322 0
26 0 clueweb09-en0006-02-26282 2
13 0 clueweb09-en0000-78-02016 0
13 0 clueweb09-en0000-78-02018 0
46 0 clueweb09-en0008-52-11873 0
13 0 clueweb09-en0000-78-02002 0
23 0 clueweb09-en0001-90-26214 1
44 0 clueweb09-en0002-55-19148 0
2 0 clueweb09-en0004-54-10205 0
13 0 clueweb09-en0007-99-02031 0
24 0 clueweb09-en0000-01-17139 1
19 0 clueweb09-en0000-52-10399 0
22 0 clueweb09-en0007-60-23640 0
9 0 clueweb09-en0005-54-27276 1
48 0 clueweb09-en0005-84-26274 0
48 0 clueweb09-en0004-79-32784 0
49 0 clueweb09-en0011-82-06075 0
30 0 clueweb09-en0010-90-09789 1
34 0 clueweb09-en0011-21-18471 0
9 0 clueweb09-en0002-46-28415 1
37 0 clueweb09-en0009-11-20832 0
7 0 clueweb09-en0005-47-18398 0
27 0 clueweb09-en0009-59-38145 0
33 0 clueweb09-en0007-68-01963 1
9 0 clueweb09-en0008-00-27030 1
9 0 clueweb09-en0002-46-28443 0
33 0 clueweb09-en0006-41-09977 1
11 0 clueweb09-en0007-90-26537 0
11 0 clueweb09-en0007-90-26532 0
9 0 clueweb09-en0008-00-27021 2
11 0 clueweb09-en0007-90-26530 2
9 0 clueweb09-en0002-46-28455 0
9 0 clueweb09-en0008-00-27024 2
46 0 clueweb09-en0003-87-11845 0
9 0 clueweb09-en0002-46-28480 1
11 0 clueweb09-en0007-90-26555 0
29 0 clueweb09-en0004-05-40077 0
11 0 clueweb09-en0007-90-26554 0
11 0 clueweb09-en0007-90-26553 0
11 0 clueweb09-en0007-90-26552 0
26 0 clueweb09-en0007-57-19603 1
39 0 clueweb09-en0002-25-07211 0
28 0 clueweb09-en0000-55-06454 0
11 0 clueweb09-en0007-90-26549 0
11 0 clueweb09-en0007-90-26540 0
15 0 clueweb09-en0010-09-37087 1
8 0 clueweb09-en0001-53-33747 0
7 0 clueweb09-en0006-09-38633 0
7 0 clueweb09-en0006-09-38643 2
2 0 clueweb09-en0005-82-29574 0
7 0 clueweb09-en0004-12-24987 1
41 0 clueweb09-en0010-10-05949 1
7 0 clueweb09-en0006-09-38621 0
7 0 clueweb09-en0006-09-38629 0
26 0 clueweb09-en0007-77-18006 0
41 0 clueweb09-en0010-10-05925 1
6 0 clueweb09-en0011-25-28905 0
39 0 clueweb09-en0008-66-13290 0
18 0 clueweb09-en0004-68-23239 0
19 0 clueweb09-en0000-10-07524 0
47 0 clueweb09-en0006-11-19443 1
3 0 clueweb09-en0010-39-36117 0
32 0 clueweb09-en0005-98-24021 1
3 0 clueweb09-en0010-39-36109 0
47 0 clueweb09-en0004-90-17377 0
47 0 clueweb09-en0011-67-00098 0
31 0 clueweb09-en0000-37-10857 2
46 0 clueweb09-en0008-52-11790 0
44 0 clueweb09-en0008-00-28838 0
33 0 clueweb09-en0007-10-17726 0
7 0 clueweb09-en0008-00-02731 2
10 0 clueweb09-en0001-72-14382 0
39 0 clueweb09-en0011-55-25946 1
39 0 clueweb09-en0011-55-25948 0
26 0 clueweb09-en0004-12-24936 0
8 0 clueweb09-en0001-59-23289 0
29 0 clueweb09-en0007-17-11665 0
49 0 clueweb09-en0011-58-18934 0
23 0 clueweb09-en0000-01-11238 0
5 0 clueweb09-en0010-82-01420 0
25 0 clueweb09-en0007-10-02869 0
18 0 clueweb09-en0009-08-13878 1
49 0 clueweb09-en0006-39-36275 0
19 0 clueweb09-en0008-02-28654 0
38 0 clueweb09-en0002-15-26884 2
17 0 clueweb09-en0009-01-38558 0
25 0 clueweb09-en0000-51-23609 0
20 0 clueweb09-en0004-62-20124 0
14 0 clueweb09-en0007-66-08708 0
18 0 clueweb09-en0009-21-12929 0
41 0 clueweb09-enwp01-26-05511 0
3 0 clueweb09-en0008-55-18822 0
35 0 clueweb09-en0008-87-21313 0
10 0 clueweb09-en0011-68-08948 0
10 0 clueweb09-en0008-08-33914 1
42 0 clueweb09-en0010-58-01918 0
48 0 clueweb09-en0003-43-02494 0
34 0 clueweb09-en0000-58-00863 0
23 0 clueweb09-en0000-50-18286 0
14 0 clueweb09-en0007-77-19148 0
17 0 clueweb09-en0009-33-16435 0
17 0 clueweb09-en0005-24-23410 0
23 0 clueweb09-en0004-12-24879 0
34 0 clueweb09-en0011-58-18737 0
32 0 clueweb09-en0011-20-20319 1
3 0 clueweb09-en0003-32-09684 0
17 0 clueweb09-en0004-54-21874 0
49 0 clueweb09-en0006-53-15900 0
45 0 clueweb09-en0002-88-26451 0
13 0 clueweb09-en0010-36-21228 0
16 0 clueweb09-en0004-64-11595 0
26 0 clueweb09-en0003-74-12212 1
11 0 clueweb09-en0007-10-00909 0
25 0 clueweb09-en0000-37-11168 1
25 0 clueweb09-en0009-45-29997 0
8 0 clueweb09-en0005-78-18434 0
3 0 clueweb09-en0010-33-10559 0
21 0 clueweb09-en0011-26-31000 1
21 0 clueweb09-en0011-26-31001 1
21 0 clueweb09-en0011-26-31007 1
21 0 clueweb09-en0011-26-31009 1
21 0 clueweb09-en0011-26-31003 1
40 0 clueweb09-en0005-99-19832 0
21 0 clueweb09-en0011-26-31005 2
8 0 clueweb09-en0005-78-18428 0
21 0 clueweb09-en0011-26-31011 1
21 0 clueweb09-en0011-26-31012 1
21 0 clueweb09-en0011-26-31015 1
22 0 clueweb09-en0007-60-23458 1
16 0 clueweb09-en0000-63-25483 0
13 0 clueweb09-en0005-39-32669 0
19 0 clueweb09-en0001-79-14151 0
30 0 clueweb09-en0006-09-14986 0
26 0 clueweb09-en0003-63-01674 0
5 0 clueweb09-en0011-25-31543 0
50 0 clueweb09-en0003-42-33914 2
43 0 clueweb09-en0000-44-26630 0
25 0 clueweb09-en0000-44-05166 1
26 0 clueweb09-en0008-22-28944 1
25 0 clueweb09-en0002-59-07343 1
32 0 clueweb09-en0009-04-28463 0
39 0 clueweb09-en0001-23-12052 1
11 0 clueweb09-en0010-85-16550 0
11 0 clueweb09-en0010-85-16551 0
47 0 clueweb09-en0009-12-22461 0
11 0 clueweb09-en0010-85-16549 0
10 0 clueweb09-en0011-58-18759 0
48 0 clueweb09-en0011-55-36683 2
27 0 clueweb09-en0004-45-33079 2
11 0 clueweb09-en0010-85-16547 0
11 0 clueweb09-en0010-85-16546 0
45 0 clueweb09-en0002-51-05010 1
14 0 clueweb09-en0004-70-04431 0
13 0 clueweb09-en0011-88-01807 0
36 0 clueweb09-en0008-24-31009 0
7 0 clueweb09-en0011-04-30150 1
26 0 clueweb09-en0008-51-25951 1
44 0 clueweb09-en0000-33-22684 0
11 0 clueweb09-en0010-85-16534 0
44 0 clueweb09-en0011-31-05750 2
9 0 clueweb09-en0008-29-28063 0
25 0 clueweb09-en0002-16-16612 1
47 0 clueweb09-en0009-81-13677 1
50 0 clueweb09-en0007-05-20192 0
1 0 clueweb09-en0001-18-32153 0
31 0 clueweb09-en0010-96-20798 2
31 0 clueweb09-en0010-96-20794 1
24 0 clueweb09-en0000-94-10916 0
50 0 clueweb09-en0007-05-20198 0
50 0 clueweb09-en0007-05-20195 0
27 0 clueweb09-en0008-31-16858 1
13 0 clueweb09-en0002-05-04775 0
16 0 clueweb09-en0001-73-10243 2
50 0 clueweb09-en0007-05-20201 0
32 0 clueweb09-en0008-66-28365 2
25 0 clueweb09-en0003-72-20742 1
13 0 clueweb09-en0000-93-05166 0
24 0 clueweb09-en0007-47-01965 1
24 0 clueweb09-en0007-47-01962 0
50 0 clueweb09-en0007-05-20221 0
50 0 clueweb09-en0007-05-20217 0
50 0 clueweb09-en0007-05-20249 0
50 0 clueweb09-en0007-05-20240 0
50 0 clueweb09-en0007-05-20246 0
6 0 clueweb09-en0000-18-03718 0
24 0 clueweb09-en0007-47-01932 1
50 0 clueweb09-en0007-05-20234 0
50 0 clueweb09-en0007-05-20233 0
13 0 clueweb09-en0000-12-01101 0
32 0 clueweb09-en0004-77-15294 0
50 0 clueweb09-en0007-05-20262 0
16 0 clueweb09-en0000-52-11107 0
34 0 clueweb09-en0010-19-35969 0
21 0 clueweb09-en0004-36-20728 2
21 0 clueweb09-en0004-36-20727 1
21 0 clueweb09-en0004-36-20726 2
21 0 clueweb09-en0004-36-20725 2
27 0 clueweb09-en0010-13-00502 1
1 0 clueweb09-en0004-12-24937 0
3 0 clueweb09-en0009-95-25992 0
39 0 clueweb09-en0001-50-03944 0
26 0 clueweb09-en0000-11-36454 0
48 0 clueweb09-en0010-16-16485 0
3 0 clueweb09-en0009-95-25978 0
3 0 clueweb09-en0009-95-25976 0
3 0 clueweb09-en0009-95-25965 0
7 0 clueweb09-en0000-73-04596 1
32 0 clueweb09-en0008-02-25826 0
13 0 clueweb09-en0011-58-19645 0
33 0 clueweb09-en0007-28-28195 1
29 0 clueweb09-en0006-84-27050 0
45 0 clueweb09-en0006-69-01940 0
33 0 clueweb09-en0007-28-28146 1
19 0 clueweb09-en0000-56-03204 0
39 0 clueweb09-en0008-63-03007 0
31 0 clueweb09-en0008-81-22587 1
45 0 clueweb09-en0008-73-20640 2
24 0 clueweb09-en0005-69-18735 0
7 0 clueweb09-en0001-18-32613 0
38 0 clueweb09-en0010-63-25946 1
7 0 clueweb09-en0001-18-32624 0
38 0 clueweb09-en0004-21-14560 1
8 0 clueweb09-en0004-39-22027 1
46 0 clueweb09-en0000-33-16865 2
19 0 clueweb09-en0001-11-03629 0
10 0 clueweb09-en0010-44-25654 1
27 0 clueweb09-en0007-77-05484 1
16 0 clueweb09-en0002-82-24216 0
50 0 clueweb09-en0007-05-20323 0
13 0 clueweb09-en0003-41-26381 0
49 0 clueweb09-en0004-93-04773 0
49 0 clueweb09-en0004-93-04774 0
3 0 clueweb09-en0005-15-31726 0
3 0 clueweb09-en0005-15-31721 0
44 0 clueweb09-en0007-54-46922 0
43 0 clueweb09-en0005-23-00617 1
31 0 clueweb09-en0010-96-20807 0
18 0 clueweb09-en0002-05-21558 0
32 0 clueweb09-en0011-35-02636 0
34 0 clueweb09-en0009-05-20423 1
2 0 clueweb09-en0001-67-17988 0
41 0 clueweb09-en0005-37-30598 0
8 0 clueweb09-en0011-90-13550 0
17 0 clueweb09-en0007-77-23987 1
5 0 clueweb09-en0010-03-28124 0
31 0 clueweb09-en0001-03-31457 0
19 0 clueweb09-en0000-51-01450 0
39 0 clueweb09-en0010-44-14118 0
34 0 clueweb09-en0001-89-24131 0
11 0 clueweb09-en0008-82-32988 2
13 0 clueweb09-en0000-30-11476 0
13 0 clueweb09-en0000-30-11480 0
17 0 clueweb09-en0010-24-30801 0
32 0 clueweb09-en0006-85-28905 0
16 0 clueweb09-en0002-24-10870 0
19 0 clueweb09-en0005-27-19237 0
5 0 clueweb09-en0011-25-31795 0
25 0 clueweb09-en0000-37-12703 1
44 0 clueweb09-en0010-08-17905 2
16 0 clueweb09-en0005-88-21821 0
17 0 clueweb09-en0005-19-24361 2
11 0 clueweb09-en0007-56-34927 0
3 0 clueweb09-en0010-68-05222 0
11 0 clueweb09-en0007-56-34922 0
11 0 clueweb09-en0007-56-34932 0
25 0 clueweb09-en0000-44-04203 1
16 0 clueweb09-en0005-88-21817 0
11 0 clueweb09-en0007-56-34921 2
16 0 clueweb09-en0005-88-21806 0
16 0 clueweb09-en0005-88-21805 0
25 0 clueweb09-en0000-44-04222 1
16 0 clueweb09-en0005-88-21831 0
16 0 clueweb09-en0005-88-21832 0
16 0 clueweb09-en0005-88-21834 0
11 0 clueweb09-en0007-56-34937 0
16 0 clueweb09-en0007-74-31340 1
16 0 clueweb09-en0007-74-31343 0
16 0 clueweb09-en0007-74-31344 0
16 0 clueweb09-en0007-74-31345 0
16 0 clueweb09-en0007-74-31346 0
16 0 clueweb09-en0010-27-04604 0
34 0 clueweb09-en0008-63-12211 0
14 0 clueweb09-en0003-55-20462 0
50 0 clueweb09-en0010-53-31025 0
13 0 clueweb09-en0009-79-04013 1
49 0 clueweb09-en0010-85-26122 0
16 0 clueweb09-en0005-88-21891 0
43 0 clueweb09-en0007-37-39653 0
43 0 clueweb09-en0007-37-39654 0
43 0 clueweb09-en0007-37-39658 0
19 0 clueweb09-en0010-53-15076 0
43 0 clueweb09-en0007-37-39643 0
7 0 clueweb09-en0005-27-02667 0
13 0 clueweb09-en0000-65-08496 0
48 0 clueweb09-en0002-05-16237 0
27 0 clueweb09-en0004-02-06672 2
9 0 clueweb09-en0011-87-22498 2
50 0 clueweb09-en0005-25-28376 0
24 0 clueweb09-en0008-47-09646 0
18 0 clueweb09-en0011-89-15527 0
31 0 clueweb09-en0005-75-31183 2
31 0 clueweb09-en0010-03-30813 1
20 0 clueweb09-en0000-22-13561 0
18 0 clueweb09-en0003-51-22833 1
6 0 clueweb09-en0008-42-07054 1
17 0 clueweb09-en0010-41-03976 0
37 0 clueweb09-en0007-88-36231 0
33 0 clueweb09-en0007-28-28226 1
30 0 clueweb09-en0007-99-16172 1
30 0 clueweb09-en0007-99-16174 1
30 0 clueweb09-en0007-99-16173 1
30 0 clueweb09-en0007-99-16175 1
30 0 clueweb09-en0007-99-16177 1
17 0 clueweb09-en0010-41-03993 1
17 0 clueweb09-en0010-41-03994 1
30 0 clueweb09-en0007-99-16170 1
37 0 clueweb09-en0007-88-36221 0
23 0 clueweb09-en0000-00-10131 0
39 0 clueweb09-en0009-25-28637 0
10 0 clueweb09-en0007-45-13897 1
7 0 clueweb09-en0004-25-30098 0
36 0 clueweb09-en0006-43-29060 0
31 0 clueweb09-en0004-38-24824 1
23 0 clueweb09-en0000-00-10175 0
30 0 clueweb09-en0006-47-00329 0
38 0 clueweb09-en0009-61-22420 0
1 0 clueweb09-en0011-72-34052 0
3 0 clueweb09-en0008-82-03021 0
11 0 clueweb09-en0008-22-05575 1
31 0 clueweb09-en0000-24-26993 0
25 0 clueweb09-en0000-44-04323 1
38 0 clueweb09-en0006-70-33545 2
38 0 clueweb09-en0006-70-33547 1
41 0 clueweb09-en0005-86-40389 0
9 0 clueweb09-en0004-75-07371 0
24 0 clueweb09-en0009-64-15738 0
49 0 clueweb09-en0000-46-01886 0
34 0 clueweb09-en0004-99-19310 0
16 0 clueweb09-en0005-88-21737 0
6 0 clueweb09-en0001-59-06764 0
36 0 clueweb09-en0007-18-39524 1
16 0 clueweb09-en0005-88-21756 0
16 0 clueweb09-en0005-88-21755 0
12 0 clueweb09-en0004-02-18126 1
12 0 clueweb09-en0004-02-18127 0
33 0 clueweb09-en0006-83-26307 1
16 0 clueweb09-en0005-88-21789 0
17 0 clueweb09-en0000-90-19992 0
14 0 clueweb09-en0001-78-12672 0
32 0 clueweb09-en0010-42-09403 0
15 0 clueweb09-en0001-18-32432 0
9 0 clueweb09-en0004-72-24371 0
38 0 clueweb09-en0001-75-02651 1
32 0 clueweb09-en0005-82-08059 0
27 0 clueweb09-en0000-06-09376 1
3 0 clueweb09-en0000-24-08147 1
32 0 clueweb09-en0005-19-12936 2
33 0 clueweb09-en0006-51-13962 2
11 0 clueweb09-en0009-50-35217 1
42 0 clueweb09-en0008-38-04794 0
32 0 clueweb09-en0005-48-18727 1
39 0 clueweb09-en0009-25-28597 0
14 0 clueweb09-en0004-71-25016 1
50 0 clueweb09-en0000-37-30925 0
25 0 clueweb09-en0001-06-30923 0
15 0 clueweb09-en0009-41-27233 0
14 0 clueweb09-en0004-71-25012 1
25 0 clueweb09-en0010-08-34373 1
28 0 clueweb09-en0004-64-09198 0
28 0 clueweb09-en0009-69-28888 0
4 0 clueweb09-en0008-44-14550 0
35 0 clueweb09-en0001-25-28511 0
39 0 clueweb09-en0007-37-20357 0
35 0 clueweb09-en0008-60-14564 2
35 0 clueweb09-en0001-30-26673 0
45 0 clueweb09-en0005-07-18557 0
38 0 clueweb09-en0005-14-06744 2
41 0 clueweb09-enwp01-27-04157 0
29 0 clueweb09-en0000-31-04723 0
39 0 clueweb09-en0007-78-02422 0
32 0 clueweb09-en0007-62-02691 0
19 0 clueweb09-en0010-37-12630 0
30 0 clueweb09-en0004-80-07544 0
28 0 clueweb09-en0010-30-08765 0
31 0 clueweb09-en0011-65-07140 0
31 0 clueweb09-en0011-65-07142 0
27 0 clueweb09-en0000-44-17221 2
26 0 clueweb09-en0005-00-03022 0
44 0 clueweb09-en0003-67-27949 0
22 0 clueweb09-en0010-34-38925 1
28 0 clueweb09-en0010-30-08784 0
4 0 clueweb09-en0010-02-31863 0
31 0 clueweb09-en0004-25-26165 0
31 0 clueweb09-en0004-25-26164 2
39 0 clueweb09-en0006-62-02011 2
31 0 clueweb09-en0004-25-26163 1
10 0 clueweb09-en0002-15-23952 0
31 0 clueweb09-en0004-25-26161 2
10 0 clueweb09-en0002-15-23953 2
39 0 clueweb09-en0006-62-02007 2
10 0 clueweb09-en0002-15-23935 1
5 0 clueweb09-en0000-02-08085 0
25 0 clueweb09-en0000-44-04843 1
26 0 clueweb09-en0002-53-30927 2
24 0 clueweb09-en0009-41-28890 1
24 0 clueweb09-en0009-41-28888 1
24 0 clueweb09-en0009-41-28889 1
14 0 clueweb09-en0004-68-25413 1
14 0 clueweb09-en0007-66-09065 0
31 0 clueweb09-en0002-08-28361 1
33 0 clueweb09-en0007-88-36928 1
35 0 clueweb09-en0007-20-29392 0
11 0 clueweb09-en0009-69-27913 0
11 0 clueweb09-en0009-69-27912 1
9 0 clueweb09-en0000-69-25970 0
38 0 clueweb09-en0010-33-07980 0
26 0 clueweb09-en0006-09-21075 0
8 0 clueweb09-en0011-29-16489 0
14 0 clueweb09-en0007-66-09002 1
26 0 clueweb09-en0006-09-21064 1
8 0 clueweb09-en0005-35-03156 0
27 0 clueweb09-en0000-27-17058 1
36 0 clueweb09-en0003-86-21452 0
41 0 clueweb09-en0009-02-20500 0
5 0 clueweb09-en0009-01-05125 0
42 0 clueweb09-en0010-12-03549 0
18 0 clueweb09-en0005-63-39003 0
26 0 clueweb09-en0007-97-30153 1
47 0 clueweb09-en0004-59-20627 0
47 0 clueweb09-en0004-59-20622 0
47 0 clueweb09-en0004-59-20620 0
4 0 clueweb09-en0005-54-08009 0
50 0 clueweb09-en0000-19-35950 0
34 0 clueweb09-en0010-96-02076 2
18 0 clueweb09-en0008-62-15455 1
45 0 clueweb09-en0009-57-01496 0
45 0 clueweb09-en0009-57-01497 0
45 0 clueweb09-en0009-57-01495 0
25 0 clueweb09-en0009-93-08784 0
25 0 clueweb09-en0000-75-11396 2
9 0 clueweb09-en0009-15-35778 0
17 0 clueweb09-en0009-94-15460 1
49 0 clueweb09-en0004-50-41442 0
19 0 clueweb09-en0008-84-12363 0
50 0 clueweb09-en0009-02-06237 0
25 0 clueweb09-en0003-72-19190 1
25 0 clueweb09-en0007-33-05265 0
41 0 clueweb09-en0009-65-10003 2
25 0 clueweb09-en0007-33-05267 0
48 0 clueweb09-en0008-40-36168 0
41 0 clueweb09-enwp01-28-03423 0
31 0 clueweb09-en0001-04-27797 1
17 0 clueweb09-en0010-11-02150 1
30 0 clueweb09-en0011-15-05782 2
11 0 clueweb09-en0008-66-23049 0
16 0 clueweb09-en0002-00-22675 0
28 0 clueweb09-en0007-19-07473 0
28 0 clueweb09-en0007-19-07474 0
22 0 clueweb09-en0005-54-07125 2
47 0 clueweb09-en0004-16-26031 0
49 0 clueweb09-en0011-37-23169 0
31 0 clueweb09-en0004-25-26286 0
31 0 clueweb09-en0004-25-26289 0
31 0 clueweb09-en0004-25-26288 0
31 0 clueweb09-en0004-73-23790 0
3 0 clueweb09-en0011-41-00711 2
24 0 clueweb09-en0005-29-32242 1
31 0 clueweb09-en0004-25-26293 0
31 0 clueweb09-en0004-25-26291 0
32 0 clueweb09-en0009-74-30437 0
24 0 clueweb09-en0003-95-14234 1
10 0 clueweb09-en0000-51-21323 1
26 0 clueweb09-en0009-85-33132 0
23 0 clueweb09-en0000-00-19477 1
14 0 clueweb09-en0005-99-23974 0
8 0 clueweb09-en0008-34-25007 0
17 0 clueweb09-en0011-19-33493 1
18 0 clueweb09-en0009-42-26513 2
17 0 clueweb09-en0005-24-33840 1
1 0 clueweb09-en0008-91-00737 0
31 0 clueweb09-en0004-25-26256 1
50 0 clueweb09-en0006-98-08062 1
1 0 clueweb09-en0002-44-17373 0
31 0 clueweb09-en0004-25-26218 0
24 0 clueweb09-en0006-03-30962 0
28 0 clueweb09-en0004-68-29849 0
45 0 clueweb09-en0000-43-18531 0
45 0 clueweb09-en0000-43-18529 1
48 0 clueweb09-en0008-83-17739 0
6 0 clueweb09-en0008-72-25608 0
49 0 clueweb09-en0006-98-11600 0
6 0 clueweb09-en0008-72-25610 0
6 0 clueweb09-en0008-72-25611 0
48 0 clueweb09-en0008-83-17731 0
6 0 clueweb09-en0008-72-25613 0
6 0 clueweb09-en0008-72-25614 0
6 0 clueweb09-en0008-72-25615 2
6 0 clueweb09-en0008-72-25616 2
6 0 clueweb09-en0008-72-25623 0
32 0 clueweb09-en0007-88-25277 0
10 0 clueweb09-en0000-61-26101 0
26 0 clueweb09-en0000-11-01286 0
35 0 clueweb09-en0008-75-39062 0
31 0 clueweb09-en0006-41-26540 0
13 0 clueweb09-en0000-43-30980 0
31 0 clueweb09-en0006-41-26550 0
25 0 clueweb09-en0000-44-04679 1
31 0 clueweb09-en0006-41-26564 2
27 0 clueweb09-en0008-70-33615 0
5 0 clueweb09-en0000-88-29289 1
38 0 clueweb09-en0003-63-07140 0
39 0 clueweb09-en0011-94-17529 0
44 0 clueweb09-en0006-70-04610 0
9 0 clueweb09-en0007-59-38033 2
28 0 clueweb09-en0007-19-33611 2
26 0 clueweb09-en0001-44-46503 2
3 0 clueweb09-en0009-26-17103 0
13 0 clueweb09-en0001-63-05797 0
24 0 clueweb09-en0005-44-31491 0
16 0 clueweb09-en0000-58-24418 0
12 0 clueweb09-en0001-25-05147 2
37 0 clueweb09-en0006-15-18439 0
38 0 clueweb09-en0004-20-18909 0
18 0 clueweb09-en0005-02-23002 0
18 0 clueweb09-en0005-02-23003 0
20 0 clueweb09-en0000-64-26737 0
42 0 clueweb09-en0003-22-06514 0
12 0 clueweb09-en0007-42-04600 0
42 0 clueweb09-en0001-43-20643 0
31 0 clueweb09-en0004-25-26323 1
31 0 clueweb09-en0004-25-26327 2
31 0 clueweb09-en0004-25-26325 1
32 0 clueweb09-en0004-35-29394 0
10 0 clueweb09-en0006-88-42231 1
4 0 clueweb09-en0005-07-28406 0
39 0 clueweb09-en0010-36-28998 0
31 0 clueweb09-en0004-25-26304 0
31 0 clueweb09-en0004-25-26307 1
26 0 clueweb09-en0008-56-28855 0
31 0 clueweb09-en0004-25-26359 0
31 0 clueweb09-en0010-33-01923 0
31 0 clueweb09-en0004-25-26338 2
10 0 clueweb09-en0000-02-25067 1
41 0 clueweb09-en0010-83-17848 0
11 0 clueweb09-en0004-60-08310 0
47 0 clueweb09-en0005-27-10693 0
36 0 clueweb09-en0007-27-28269 0
8 0 clueweb09-en0000-96-22847 0
26 0 clueweb09-en0011-58-20029 0
11 0 clueweb09-en0004-60-08333 0
36 0 clueweb09-en0005-96-14127 1
16 0 clueweb09-en0006-54-30247 0
6 0 clueweb09-enwp01-76-07804 0
21 0 clueweb09-en0010-85-03735 0
13 0 clueweb09-en0002-27-15558 0
18 0 clueweb09-en0009-35-21247 2
42 0 clueweb09-en0011-38-07377 0
11 0 clueweb09-en0011-64-16971 0
5 0 clueweb09-en0004-86-27863 0
15 0 clueweb09-en0001-93-14365 2
26 0 clueweb09-en0004-62-19157 1
44 0 clueweb09-en0008-86-12474 0
45 0 clueweb09-en0010-96-06469 1
39 0 clueweb09-en0007-39-01671 2
13 0 clueweb09-en0010-45-06443 0
32 0 clueweb09-en0009-77-32587 1
19 0 clueweb09-en0003-89-18537 0
25 0 clueweb09-en0001-80-25070 0
19 0 clueweb09-en0003-89-18548 0
25 0 clueweb09-en0000-44-04701 1
4 0 clueweb09-enwp02-00-15391 0
29 0 clueweb09-en0000-04-31482 0
34 0 clueweb09-en0001-89-23990 0
5 0 clueweb09-en0006-97-08104 1
25 0 clueweb09-en0000-44-04717 1
16 0 clueweb09-en0003-90-33931 1
25 0 clueweb09-en0000-44-04728 1
8 0 clueweb09-en0000-32-04149 0
16 0 clueweb09-en0003-90-33925 0
16 0 clueweb09-en0003-90-33927 0
33 0 clueweb09-en0000-64-21770 1
25 0 clueweb09-en0000-44-04748 1
25 0 clueweb09-en0000-44-04754 1
35 0 clueweb09-en0001-65-15926 1
34 0 clueweb09-en0002-42-25629 0
19 0 clueweb09-en0007-35-15063 0
13 0 clueweb09-en0002-27-15490 0
24 0 clueweb09-en0006-35-24908 2
43 0 clueweb09-en0007-96-13889 0
13 0 clueweb09-en0007-70-16266 0
31 0 clueweb09-en0011-94-17716 1
26 0 clueweb09-en0007-34-26709 0
36 0 clueweb09-en0002-39-28507 0
16 0 clueweb09-en0010-80-28559 0
44 0 clueweb09-en0010-82-16888 0
19 0 clueweb09-en0004-39-21395 0
44 0 clueweb09-en0008-92-29509 0
32 0 clueweb09-en0008-36-05937 1
37 0 clueweb09-en0009-90-15077 0
42 0 clueweb09-en0000-36-03392 0
45 0 clueweb09-en0010-28-10035 0
45 0 clueweb09-en0010-28-10032 2
13 0 clueweb09-en0009-74-07074 0
4 0 clueweb09-en0005-07-28396 0
48 0 clueweb09-en0003-52-01858 0
45 0 clueweb09-en0010-28-10025 0
14 0 clueweb09-en0005-87-14933 0
12 0 clueweb09-en0009-89-11548 0
44 0 clueweb09-en0008-61-06307 0
41 0 clueweb09-en0007-96-34455 0
19 0 clueweb09-en0008-56-41298 0
27 0 clueweb09-en0000-31-19217 1
24 0 clueweb09-en0008-00-01191 1
19 0 clueweb09-en0005-45-27865 0
19 0 clueweb09-en0005-45-27867 0
25 0 clueweb09-en0001-21-02674 1
25 0 clueweb09-en0000-16-35633 0
36 0 clueweb09-en0002-05-02107 0
25 0 clueweb09-en0003-72-22450 0
2 0 clueweb09-en0002-28-00017 0
42 0 clueweb09-en0008-31-34016 0
2 0 clueweb09-en0002-28-00027 2
36 0 clueweb09-en0006-26-19726 0
2 0 clueweb09-en0002-28-00026 0
2 0 clueweb09-en0002-28-00025 2
36 0 clueweb09-en0006-26-19724 0
2 0 clueweb09-en0002-28-00030 0
36 0 clueweb09-en0006-26-19730 0
23 0 clueweb09-en0001-18-32332 0
18 0 clueweb09-en0005-19-12937 0
36 0 clueweb09-en0006-26-19738 0
39 0 clueweb09-en0000-19-01006 0
39 0 clueweb09-en0000-19-01005 2
14 0 clueweb09-en0000-15-26254 1
16 0 clueweb09-en0000-63-25478 0
16 0 clueweb09-en0000-63-25473 0
16 0 clueweb09-en0000-63-25476 0
14 0 clueweb09-en0000-15-26271 0
14 0 clueweb09-en0000-15-26269 0
1 0 clueweb09-en0008-41-28504 0
26 0 clueweb09-en0006-18-26426 0
44 0 clueweb09-en0003-54-16610 0
45 0 clueweb09-en0004-20-13378 0
35 0 clueweb09-en0006-56-04634 2
35 0 clueweb09-en0006-56-04646 2
35 0 clueweb09-en0006-56-04609 2
5 0 clueweb09-en0005-08-38534 0
35 0 clueweb09-en0006-56-04623 0
14 0 clueweb09-en0010-10-05466 0
11 0 clueweb09-en0008-93-20574 0
11 0 clueweb09-en0008-93-20575 2
11 0 clueweb09-en0008-93-20576 2
9 0 clueweb09-en0005-17-09195 1
40 0 clueweb09-en0008-92-36696 0
25 0 clueweb09-en0001-65-03546 0
40 0 clueweb09-en0008-92-36674 0
17 0 clueweb09-en0008-89-15739 1
50 0 clueweb09-en0007-84-04826 2
18 0 clueweb09-en0005-52-00741 0
36 0 clueweb09-en0002-16-11663 0
9 0 clueweb09-en0000-02-05222 2
10 0 clueweb09-en0006-68-27098 0
3 0 clueweb09-en0007-27-23633 0
9 0 clueweb09-en0000-02-05201 2
32 0 clueweb09-en0007-36-26063 1
47 0 clueweb09-en0009-81-09698 2
34 0 clueweb09-en0002-88-08395 0
25 0 clueweb09-en0003-72-22395 0
20 0 clueweb09-en0000-97-33338 0
47 0 clueweb09-en0007-01-07907 1
17 0 clueweb09-en0010-60-22342 1
17 0 clueweb09-en0010-60-22354 1
8 0 clueweb09-en0010-02-22480 0
24 0 clueweb09-en0006-99-20947 1
8 0 clueweb09-en0004-16-14333 0
3 0 clueweb09-enwp02-00-19150 0
34 0 clueweb09-en0001-89-23744 0
49 0 clueweb09-en0010-02-03692 0
17 0 clueweb09-en0010-60-22360 0
32 0 clueweb09-en0002-08-24000 0
10 0 clueweb09-en0006-40-12687 0
13 0 clueweb09-en0001-77-01371 0
41 0 clueweb09-en0004-59-34087 0
26 0 clueweb09-en0009-20-14391 0
14 0 clueweb09-en0002-51-13417 1
10 0 clueweb09-en0011-61-40088 0
50 0 clueweb09-en0009-49-12307 0
28 0 clueweb09-en0008-93-07987 2
28 0 clueweb09-en0008-93-07989 2
28 0 clueweb09-en0008-93-07988 2
31 0 clueweb09-en0011-38-28524 1
8 0 clueweb09-en0004-57-34643 0
44 0 clueweb09-en0008-00-28725 0
27 0 clueweb09-en0010-97-17599 0
44 0 clueweb09-en0008-00-28734 0
43 0 clueweb09-en0008-89-18842 0
45 0 clueweb09-en0011-00-19619 0
21 0 clueweb09-enwp01-90-16002 0
23 0 clueweb09-en0000-05-25774 1
43 0 clueweb09-en0000-25-19959 0
43 0 clueweb09-en0000-25-19960 0
12 0 clueweb09-en0000-59-05056 0
43 0 clueweb09-en0000-25-19962 0
43 0 clueweb09-en0000-25-19961 0
10 0 clueweb09-en0011-69-11971 0
25 0 clueweb09-en0009-70-17815 0
25 0 clueweb09-en0009-70-17816 0
25 0 clueweb09-en0009-70-17817 1
8 0 clueweb09-en0000-00-07689 0
8 0 clueweb09-en0000-00-07688 0
8 0 clueweb09-en0000-00-07687 0
8 0 clueweb09-en0000-00-07691 0
8 0 clueweb09-en0000-00-07690 0
26 0 clueweb09-en0008-24-10533 0
8 0 clueweb09-en0000-00-07678 0
8 0 clueweb09-en0000-00-07677 0
8 0 clueweb09-en0000-00-07680 0
25 0 clueweb09-en0003-72-20054 1
31 0 clueweb09-en0009-85-27367 0
10 0 clueweb09-en0000-58-00646 0
10 0 clueweb09-en0000-58-00649 0
7 0 clueweb09-en0007-03-25648 1
26 0 clueweb09-en0007-27-32114 1
47 0 clueweb09-en0004-43-22093 2
47 0 clueweb09-en0004-43-22095 0
47 0 clueweb09-en0004-43-22096 0
47 0 clueweb09-en0004-43-22091 0
47 0 clueweb09-en0004-43-22092 0
47 0 clueweb09-en0004-43-22089 0
6 0 clueweb09-en0002-45-35435 0
11 0 clueweb09-en0009-14-14640 0
4 0 clueweb09-en0001-12-07466 0
11 0 clueweb09-en0009-14-14639 2
4 0 clueweb09-en0001-12-07461 0
37 0 clueweb09-en0005-63-12356 0
34 0 clueweb09-en0000-61-26096 0
12 0 clueweb09-en0002-33-15711 1
8 0 clueweb09-en0009-00-03577 1
37 0 clueweb09-en0011-25-04176 0
50 0 clueweb09-en0007-27-24512 0
24 0 clueweb09-en0006-99-20993 1
24 0 clueweb09-en0006-99-20976 0
28 0 clueweb09-en0002-05-01921 2
39 0 clueweb09-en0008-21-02206 0
8 0 clueweb09-en0005-21-33552 0
24 0 clueweb09-en0006-99-20965 1
42 0 clueweb09-en0002-28-20679 1
49 0 clueweb09-en0006-31-28029 0
49 0 clueweb09-en0006-31-28028 0
39 0 clueweb09-en0008-21-02212 1
13 0 clueweb09-en0000-51-07068 0
44 0 clueweb09-en0001-68-17976 0
46 0 clueweb09-en0000-11-17650 0
47 0 clueweb09-en0006-91-36070 2
47 0 clueweb09-en0006-91-36069 0
10 0 clueweb09-en0010-42-20540 0
42 0 clueweb09-en0000-14-10279 0
30 0 clueweb09-en0006-39-15117 0
16 0 clueweb09-en0006-69-13198 0
26 0 clueweb09-en0006-90-31853 0
10 0 clueweb09-en0010-42-20516 1
12 0 clueweb09-en0000-18-13280 0
47 0 clueweb09-en0004-25-21085 0
10 0 clueweb09-en0010-42-20537 0
10 0 clueweb09-en0010-42-20539 0
24 0 clueweb09-en0006-62-28473 0
38 0 clueweb09-en0000-42-06598 0
43 0 clueweb09-en0007-81-36197 0
26 0 clueweb09-en0005-56-01195 1
35 0 clueweb09-en0007-03-22612 2
44 0 clueweb09-en0002-96-35753 0
8 0 clueweb09-en0000-58-00872 0
27 0 clueweb09-en0001-13-24786 2
8 0 clueweb09-en0000-00-07715 0
8 0 clueweb09-en0000-00-07714 0
26 0 clueweb09-en0007-27-32254 1
10 0 clueweb09-en0000-58-00732 0
26 0 clueweb09-en0001-28-23732 1
8 0 clueweb09-en0000-00-07701 0
8 0 clueweb09-en0000-00-07708 0
8 0 clueweb09-en0000-00-07706 0
26 0 clueweb09-en0006-57-16381 0
42 0 clueweb09-en0002-40-17526 0
24 0 clueweb09-en0011-73-18721 2
3 0 clueweb09-en0006-08-29248 0
5 0 clueweb09-en0000-02-08102 0
1 0 clueweb09-en0001-26-29952 0
16 0 clueweb09-en0004-52-16534 0
14 0 clueweb09-en0002-57-10501 0
14 0 clueweb09-en0005-97-21119 1
20 0 clueweb09-en0000-23-01247 0
5 0 clueweb09-en0000-18-08370 0
4 0 clueweb09-en0005-57-35721 0
21 0 clueweb09-en0008-91-25669 0
21 0 clueweb09-en0006-33-22794 1
43 0 clueweb09-en0008-01-00241 0
14 0 clueweb09-en0000-03-34154 0
1 0 clueweb09-en0006-28-32850 0
50 0 clueweb09-en0003-76-09872 0
15 0 clueweb09-en0011-49-09452 1
4 0 clueweb09-en0010-87-24783 0
8 0 clueweb09-en0000-43-08026 0
14 0 clueweb09-en0000-84-02802 0
26 0 clueweb09-en0003-98-28176 0
24 0 clueweb09-en0008-06-33894 0
22 0 clueweb09-en0000-83-20237 0
24 0 clueweb09-en0009-06-06322 2
12 0 clueweb09-en0005-27-36928 0
38 0 clueweb09-en0011-83-04353 0
17 0 clueweb09-en0005-98-34327 0
17 0 clueweb09-en0005-98-34326 1
10 0 clueweb09-en0007-09-36296 0
19 0 clueweb09-en0006-87-01769 0
20 0 clueweb09-en0007-28-15474 0
39 0 clueweb09-en0008-19-01223 0
3 0 clueweb09-en0009-46-17491 0
17 0 clueweb09-en0005-00-20515 0
17 0 clueweb09-en0005-00-20514 0
17 0 clueweb09-en0005-00-20511 0
11 0 clueweb09-en0006-79-29387 0
48 0 clueweb09-en0008-11-04636 0
17 0 clueweb09-en0005-00-20525 0
10 0 clueweb09-en0008-66-06215 2
41 0 clueweb09-enwp01-24-04415 0
37 0 clueweb09-en0010-31-04023 0
3 0 clueweb09-en0010-33-03620 2
23 0 clueweb09-en0000-62-01094 1
40 0 clueweb09-enwp02-30-14975 0
41 0 clueweb09-en0004-85-22004 0
5 0 clueweb09-en0002-29-29455 0
17 0 clueweb09-en0010-57-25754 0
17 0 clueweb09-en0011-01-00593 0
14 0 clueweb09-en0002-83-28828 0
21 0 clueweb09-en0004-05-22600 1
21 0 clueweb09-en0004-05-22601 2
21 0 clueweb09-en0004-05-22608 2
21 0 clueweb09-en0004-05-22609 2
21 0 clueweb09-en0004-05-22606 2
5 0 clueweb09-en0007-42-07734 0
21 0 clueweb09-en0004-05-22607 1
21 0 clueweb09-en0004-05-22604 2
21 0 clueweb09-en0004-05-22605 2
21 0 clueweb09-en0004-05-22602 1
21 0 clueweb09-en0004-05-22603 2
20 0 clueweb09-en0005-93-40277 0
14 0 clueweb09-en0002-83-28844 1
14 0 clueweb09-en0002-83-28845 0
14 0 clueweb09-en0002-83-28843 1
14 0 clueweb09-en0002-83-28841 1
14 0 clueweb09-en0002-83-28839 1
14 0 clueweb09-en0002-83-28837 2
14 0 clueweb09-en0002-83-28838 2
14 0 clueweb09-en0002-83-28835 1
14 0 clueweb09-en0002-83-28836 1
14 0 clueweb09-en0002-83-28833 1
14 0 clueweb09-en0002-83-28834 2
14 0 clueweb09-en0002-83-28831 1
14 0 clueweb09-en0002-83-28832 1
14 0 clueweb09-en0002-83-28830 1
32 0 clueweb09-en0006-09-25087 0
9 0 clueweb09-en0009-73-13024 0
13 0 clueweb09-en0001-18-32506 0
30 0 clueweb09-en0011-81-34861 0
17 0 clueweb09-en0009-49-26748 1
8 0 clueweb09-en0010-22-17919 0
21 0 clueweb09-en0004-05-22611 1
21 0 clueweb09-en0004-05-22612 2
21 0 clueweb09-en0004-05-22610 1
16 0 clueweb09-en0000-56-02893 0
21 0 clueweb09-en0004-05-22615 2
21 0 clueweb09-en0004-05-22616 2
21 0 clueweb09-en0004-05-22614 2
42 0 clueweb09-en0010-89-30032 1
34 0 clueweb09-en0001-22-16583 0
31 0 clueweb09-en0003-17-05068 1
41 0 clueweb09-en0000-22-00042 0
20 0 clueweb09-en0004-79-33822 0
31 0 clueweb09-en0003-17-05064 1
42 0 clueweb09-en0000-72-00590 0
15 0 clueweb09-en0009-17-07438 1
11 0 clueweb09-en0008-63-43169 0
19 0 clueweb09-en0009-21-28384 0
25 0 clueweb09-en0006-76-26814 0
7 0 clueweb09-en0004-09-14696 0
17 0 clueweb09-en0011-40-20545 2
14 0 clueweb09-en0011-39-26774 1
14 0 clueweb09-en0001-96-22034 0
26 0 clueweb09-en0000-00-03491 0
11 0 clueweb09-en0008-63-43170 2
49 0 clueweb09-enwp00-67-16728 0
7 0 clueweb09-enwp02-04-06540 0
42 0 clueweb09-en0006-52-04744 0
16 0 clueweb09-en0002-16-09140 0
31 0 clueweb09-en0000-09-10625 1
25 0 clueweb09-en0006-77-21974 2
31 0 clueweb09-en0000-09-10627 0
13 0 clueweb09-enwp02-23-14902 0
21 0 clueweb09-en0004-11-13385 0
27 0 clueweb09-en0003-61-13270 1
27 0 clueweb09-en0003-61-13266 0
27 0 clueweb09-en0003-61-13264 1
25 0 clueweb09-en0000-27-01612 2
3 0 clueweb09-en0006-72-35236 0
40 0 clueweb09-en0000-63-26208 0
25 0 clueweb09-en0000-13-15173 0
22 0 clueweb09-en0000-47-07015 0
39 0 clueweb09-en0008-24-24597 0
12 0 clueweb09-en0005-70-26211 1
12 0 clueweb09-en0005-70-26213 1
37 0 clueweb09-en0011-18-28783 0
27 0 clueweb09-en0003-61-13296 1
38 0 clueweb09-en0004-20-20099 0
12 0 clueweb09-en0005-70-26222 2
27 0 clueweb09-en0003-61-13281 1
7 0 clueweb09-en0008-14-05899 0
49 0 clueweb09-en0011-27-16998 0
12 0 clueweb09-en0005-70-26208 1
40 0 clueweb09-en0006-89-19978 0
30 0 clueweb09-en0001-22-10473 1
31 0 clueweb09-en0004-38-25212 1
29 0 clueweb09-en0002-71-24591 0
15 0 clueweb09-en0003-25-03708 0
15 0 clueweb09-en0002-48-16090 1
20 0 clueweb09-en0005-69-13520 0
11 0 clueweb09-en0011-72-01960 0
33 0 clueweb09-en0002-69-19418 1
30 0 clueweb09-en0001-22-10429 1
20 0 clueweb09-en0009-62-12033 0
39 0 clueweb09-en0004-38-10724 0
19 0 clueweb09-en0000-13-22825 0
27 0 clueweb09-en0009-01-03430 0
14 0 clueweb09-en0004-56-10837 0
25 0 clueweb09-en0006-42-20151 0
21 0 clueweb09-en0011-47-03358 0
32 0 clueweb09-en0002-08-23999 0
34 0 clueweb09-en0001-18-32649 0
34 0 clueweb09-en0001-18-32648 0
49 0 clueweb09-en0008-03-29306 0
16 0 clueweb09-en0010-99-29068 0
27 0 clueweb09-en0003-61-13303 1
14 0 clueweb09-en0000-79-28014 0
22 0 clueweb09-en0010-13-01138 0
24 0 clueweb09-en0001-58-07838 0
31 0 clueweb09-enwp01-96-18393 2
13 0 clueweb09-en0009-14-22600 0
49 0 clueweb09-en0000-88-11795 0
17 0 clueweb09-en0005-21-22523 1
7 0 clueweb09-en0009-52-10620 0
13 0 clueweb09-en0004-36-22025 0
47 0 clueweb09-en0008-36-16201 1
17 0 clueweb09-en0005-21-22538 0
35 0 clueweb09-en0009-42-10540 0
35 0 clueweb09-en0010-78-15807 0
7 0 clueweb09-en0000-47-11731 1
47 0 clueweb09-en0009-37-24195 0
36 0 clueweb09-en0000-01-01924 1
11 0 clueweb09-en0000-41-02422 2
11 0 clueweb09-en0000-41-02420 0
37 0 clueweb09-en0008-68-25416 0
3 0 clueweb09-en0009-85-19943 0
11 0 clueweb09-en0000-41-02416 0
1 0 clueweb09-en0011-94-21741 0
26 0 clueweb09-en0000-67-16225 0
31 0 clueweb09-en0004-22-23843 0
18 0 clueweb09-en0000-58-00856 0
42 0 clueweb09-en0004-85-18183 0
37 0 clueweb09-en0011-92-04654 0
32 0 clueweb09-en0005-24-24400 1
2 0 clueweb09-en0008-85-37761 2
13 0 clueweb09-en0000-09-06381 0
17 0 clueweb09-en0005-21-22562 0
17 0 clueweb09-en0005-21-22563 0
14 0 clueweb09-en0006-98-24958 1
17 0 clueweb09-en0005-21-22570 0
17 0 clueweb09-en0005-21-22571 0
17 0 clueweb09-en0002-75-20040 0
17 0 clueweb09-en0005-21-22573 0
39 0 clueweb09-en0006-78-11782 0
14 0 clueweb09-en0006-98-24941 0
31 0 clueweb09-en0000-33-13892 1
17 0 clueweb09-en0004-74-38481 0
25 0 clueweb09-en0009-09-00675 0
40 0 clueweb09-en0007-57-15519 0
12 0 clueweb09-en0006-33-01005 2
47 0 clueweb09-en0007-35-31567 1
47 0 clueweb09-en0007-35-31566 0
14 0 clueweb09-en0003-26-06377 0
12 0 clueweb09-en0006-33-01013 2
19 0 clueweb09-en0006-08-33548 0
7 0 clueweb09-en0006-11-00083 1
21 0 clueweb09-en0005-87-08928 0
30 0 clueweb09-en0001-53-30550 0
14 0 clueweb09-en0000-15-26537 0
39 0 clueweb09-en0001-16-00033 0
43 0 clueweb09-en0003-15-16468 0
29 0 clueweb09-en0007-14-21285 0
29 0 clueweb09-en0007-14-21270 0
31 0 clueweb09-en0005-32-21219 0
29 0 clueweb09-en0007-14-21273 0
43 0 clueweb09-en0003-15-16466 0
21 0 clueweb09-en0010-13-06224 2
19 0 clueweb09-en0003-12-00573 0
31 0 clueweb09-en0004-48-19346 2
50 0 clueweb09-en0000-89-01099 0
14 0 clueweb09-en0009-73-42022 0
44 0 clueweb09-en0007-54-47034 0
38 0 clueweb09-en0004-20-19314 0
44 0 clueweb09-en0000-56-16279 0
34 0 clueweb09-en0001-18-32712 0
44 0 clueweb09-en0007-54-47003 0
13 0 clueweb09-en0002-08-30082 0
4 0 clueweb09-en0006-90-07818 0
19 0 clueweb09-en0005-30-17699 0
45 0 clueweb09-en0006-08-34543 2
3 0 clueweb09-en0003-06-14979 0
44 0 clueweb09-en0011-58-19645 0
26 0 clueweb09-en0010-08-24862 0
26 0 clueweb09-en0004-23-05501 0
3 0 clueweb09-en0008-82-23078 0
24 0 clueweb09-en0003-36-30719 2
33 0 clueweb09-en0004-55-29340 2
47 0 clueweb09-en0011-62-16990 1
35 0 clueweb09-en0004-22-28002 2
9 0 clueweb09-en0000-23-27223 2
33 0 clueweb09-en0004-55-29319 1
33 0 clueweb09-en0004-55-29308 1
33 0 clueweb09-en0004-55-29307 1
44 0 clueweb09-en0005-78-30291 0
14 0 clueweb09-en0001-17-32190 0
33 0 clueweb09-en0004-55-29333 0
33 0 clueweb09-en0004-55-29332 0
33 0 clueweb09-en0004-55-29339 1
30 0 clueweb09-en0005-65-43683 2
33 0 clueweb09-en0004-55-29323 1
19 0 clueweb09-en0006-87-00759 0
34 0 clueweb09-en0006-82-05832 0
8 0 clueweb09-en0006-32-24645 1
34 0 clueweb09-en0006-82-05830 0
34 0 clueweb09-en0006-82-05833 2
7 0 clueweb09-en0010-75-37378 0
13 0 clueweb09-en0005-20-00379 0
13 0 clueweb09-en0005-20-00378 2
8 0 clueweb09-en0007-84-03393 0
36 0 clueweb09-en0000-11-02506 1
8 0 clueweb09-en0008-07-05593 0
49 0 clueweb09-en0001-47-13641 0
24 0 clueweb09-en0006-98-25056 0
44 0 clueweb09-enwp00-40-14330 1
33 0 clueweb09-en0004-55-29292 0
44 0 clueweb09-en0004-76-01900 1
9 0 clueweb09-en0001-14-23724 0
49 0 clueweb09-en0001-47-13657 0
26 0 clueweb09-en0011-68-21774 1
8 0 clueweb09-en0001-70-18191 0
47 0 clueweb09-en0010-20-01791 0
26 0 clueweb09-en0011-68-21788 1
27 0 clueweb09-en0002-38-02066 0
21 0 clueweb09-en0004-05-22599 2
11 0 clueweb09-en0007-17-15546 0
13 0 clueweb09-en0000-00-08439 0
38 0 clueweb09-en0002-78-23343 2
32 0 clueweb09-en0007-64-30992 1
32 0 clueweb09-en0007-64-30991 2
32 0 clueweb09-en0007-64-30994 1
32 0 clueweb09-en0007-64-30993 1
9 0 clueweb09-en0010-29-27825 1
32 0 clueweb09-en0007-64-30986 1
41 0 clueweb09-en0003-43-09429 0
45 0 clueweb09-en0009-04-19574 1
47 0 clueweb09-en0010-82-35817 1
25 0 clueweb09-en0008-36-10724 0
34 0 clueweb09-en0004-12-24939 0
26 0 clueweb09-en0002-43-06943 0
32 0 clueweb09-en0007-64-30998 1
47 0 clueweb09-en0007-55-00731 0
39 0 clueweb09-en0003-62-11142 0
41 0 clueweb09-en0009-90-00577 1
16 0 clueweb09-en0003-74-11603 1
16 0 clueweb09-en0003-74-11604 1
40 0 clueweb09-en0004-31-26983 1
30 0 clueweb09-en0001-11-21053 0
47 0 clueweb09-en0007-55-00774 0
6 0 clueweb09-en0000-15-24387 0
17 0 clueweb09-en0007-99-32973 0
30 0 clueweb09-en0001-11-21071 0
2 0 clueweb09-en0011-95-35083 0
26 0 clueweb09-en0005-75-10536 0
49 0 clueweb09-en0001-25-24573 0
34 0 clueweb09-en0001-18-32162 0
34 0 clueweb09-en0001-18-32161 0
50 0 clueweb09-en0000-35-12461 1
43 0 clueweb09-en0008-00-00749 0
50 0 clueweb09-en0004-30-12750 0
7 0 clueweb09-en0009-88-06196 2
26 0 clueweb09-en0011-53-40714 0
7 0 clueweb09-en0009-30-10691 1
12 0 clueweb09-en0011-98-37394 0
48 0 clueweb09-en0011-25-25578 0
15 0 clueweb09-en0009-88-06312 0
12 0 clueweb09-en0003-95-05514 1
38 0 clueweb09-en0008-49-26208 2
27 0 clueweb09-en0002-74-15631 0
43 0 clueweb09-en0010-40-35907 0
49 0 clueweb09-en0006-87-22957 0
35 0 clueweb09-en0008-35-07461 0
8 0 clueweb09-en0002-37-36662 0
26 0 clueweb09-en0007-27-31942 1
47 0 clueweb09-en0011-62-17582 1
29 0 clueweb09-en0000-54-09865 0
40 0 clueweb09-en0000-08-08945 0
30 0 clueweb09-en0010-05-23187 0
47 0 clueweb09-en0011-62-17593 0
34 0 clueweb09-en0005-52-26278 0
29 0 clueweb09-en0010-70-36154 0
12 0 clueweb09-en0006-31-15631 1
19 0 clueweb09-en0000-12-21222 0
12 0 clueweb09-en0006-31-15640 1
43 0 clueweb09-en0001-07-05575 0
39 0 clueweb09-en0004-85-22004 2
37 0 clueweb09-en0004-10-12692 0
36 0 clueweb09-en0004-62-24988 0
42 0 clueweb09-en0009-38-31652 0
25 0 clueweb09-en0011-49-06258 1
14 0 clueweb09-en0007-64-05358 2
3 0 clueweb09-en0000-45-05412 0
2 0 clueweb09-en0005-67-37907 0
24 0 clueweb09-en0001-65-30986 0
49 0 clueweb09-en0011-58-19261 0
20 0 clueweb09-en0011-19-23975 0
20 0 clueweb09-en0009-03-02253 0
12 0 clueweb09-en0006-75-31595 1
11 0 clueweb09-en0008-03-42421 0
11 0 clueweb09-en0008-03-42420 0
29 0 clueweb09-en0007-63-19989 0
7 0 clueweb09-en0001-57-11347 0
45 0 clueweb09-en0011-67-17450 1
20 0 clueweb09-en0007-28-05732 0
7 0 clueweb09-en0009-30-10781 0
50 0 clueweb09-en0000-35-12566 1
42 0 clueweb09-en0005-86-06624 0
24 0 clueweb09-en0005-02-34290 0
24 0 clueweb09-en0005-02-34293 0
24 0 clueweb09-en0005-02-34287 0
24 0 clueweb09-en0005-02-34288 0
37 0 clueweb09-en0007-47-13557 0
7 0 clueweb09-en0010-55-23614 0
44 0 clueweb09-en0009-31-09926 0
32 0 clueweb09-en0011-04-14586 1
9 0 clueweb09-en0010-59-09520 0
16 0 clueweb09-en0005-07-00802 1
31 0 clueweb09-en0004-97-32840 0
30 0 clueweb09-en0009-69-12683 0
32 0 clueweb09-en0010-38-15228 1
30 0 clueweb09-en0009-69-12679 0
30 0 clueweb09-en0009-69-12678 0
38 0 clueweb09-en0006-32-17634 1
9 0 clueweb09-en0004-52-37238 1
24 0 clueweb09-en0010-06-12925 0
47 0 clueweb09-en0001-52-06080 1
31 0 clueweb09-en0004-97-32857 0
31 0 clueweb09-en0004-97-32854 1
4 0 clueweb09-en0006-85-31018 0
14 0 clueweb09-en0011-39-26441 1
42 0 clueweb09-en0006-78-09615 0
14 0 clueweb09-en0003-80-03920 1
38 0 clueweb09-en0004-88-32087 1
8 0 clueweb09-en0008-63-08572 0
47 0 clueweb09-en0000-43-07875 1
12 0 clueweb09-en0005-70-26190 1
12 0 clueweb09-en0005-70-26197 1
25 0 clueweb09-en0008-40-08299 2
47 0 clueweb09-en0005-34-15832 1
37 0 clueweb09-en0008-71-11013 0
12 0 clueweb09-en0005-70-26177 1
12 0 clueweb09-en0005-70-26176 1
12 0 clueweb09-en0005-70-26182 1
33 0 clueweb09-en0001-05-27684 0
24 0 clueweb09-en0002-82-09911 0
3 0 clueweb09-en0011-76-03386 0
3 0 clueweb09-en0011-76-03385 0
46 0 clueweb09-en0001-02-25200 0
49 0 clueweb09-en0004-92-24599 0
36 0 clueweb09-en0007-25-30954 0
14 0 clueweb09-en0006-79-17859 0
34 0 clueweb09-en0006-45-31564 1
13 0 clueweb09-en0002-73-04835 0
7 0 clueweb09-en0002-91-12335 0
3 0 clueweb09-en0010-55-40674 1
8 0 clueweb09-en0005-78-12890 1
3 0 clueweb09-en0009-21-22457 0
12 0 clueweb09-en0003-54-10099 0
30 0 clueweb09-en0002-54-11357 1
30 0 clueweb09-en0006-74-03028 1
8 0 clueweb09-en0010-79-28239 0
24 0 clueweb09-en0009-78-05629 1
40 0 clueweb09-en0002-05-07597 0
30 0 clueweb09-en0001-22-10311 0
48 0 clueweb09-en0003-76-09835 0
7 0 clueweb09-en0000-29-04580 1
34 0 clueweb09-en0004-09-10865 1
9 0 clueweb09-en0007-04-29263 1
49 0 clueweb09-en0008-59-18367 0
49 0 clueweb09-en0008-59-18368 0
27 0 clueweb09-en0002-80-01742 2
21 0 clueweb09-en0004-28-21719 0
32 0 clueweb09-en0010-89-02673 0
20 0 clueweb09-en0001-13-24228 0
19 0 clueweb09-en0004-23-36571 0
7 0 clueweb09-enwp02-22-16833 0
34 0 clueweb09-en0008-57-11341 0
16 0 clueweb09-en0006-02-39086 0
17 0 clueweb09-en0010-21-41637 1
44 0 clueweb09-en0005-49-09677 0
45 0 clueweb09-en0004-02-09315 0
20 0 clueweb09-en0003-38-05990 0
50 0 clueweb09-en0006-01-23791 1
30 0 clueweb09-en0011-53-23845 1
38 0 clueweb09-en0007-71-11404 1
25 0 clueweb09-en0000-79-07001 0
24 0 clueweb09-en0008-64-22189 0
36 0 clueweb09-en0007-23-16004 0
6 0 clueweb09-en0007-00-38975 0
3 0 clueweb09-en0010-05-31860 1
29 0 clueweb09-en0004-09-20970 2
29 0 clueweb09-en0004-09-20975 0
11 0 clueweb09-en0010-69-34030 1
3 0 clueweb09-en0010-12-23157 0
6 0 clueweb09-en0003-96-19588 0
20 0 clueweb09-en0007-81-26441 0
26 0 clueweb09-en0009-57-43610 1
30 0 clueweb09-en0008-66-19658 1
29 0 clueweb09-en0004-09-20944 0
22 0 clueweb09-en0010-23-27338 0
47 0 clueweb09-en0008-91-10095 1
20 0 clueweb09-en0011-62-19800 0
17 0 clueweb09-en0011-54-26414 0
47 0 clueweb09-en0005-57-40894 0
44 0 clueweb09-en0009-07-29235 0
47 0 clueweb09-en0005-57-40892 0
26 0 clueweb09-en0005-00-03040 0
30 0 clueweb09-en0008-30-23615 2
32 0 clueweb09-en0004-20-22369 1
15 0 clueweb09-en0001-93-14822 2
31 0 clueweb09-en0011-49-05051 1
31 0 clueweb09-en0011-66-14158 1
23 0 clueweb09-en0001-18-31905 0