131 0 clueweb09-en0005-69-32136 0
144 0 clueweb09-en0010-29-32890 0
110 0 clueweb09-en0001-95-38229 1
113 0 clueweb09-en0009-93-10364 0
113 0 clueweb09-en0009-93-10365 0
131 0 clueweb09-en0005-69-32131 0
131 0 clueweb09-en0005-69-32133 0
124 0 clueweb09-en0085-13-22446 -2
136 0 clueweb09-en0011-89-16601 0
140 0 clueweb09-en0034-58-23439 0
131 0 clueweb09-en0005-69-32118 0
131 0 clueweb09-en0005-69-32125 0
131 0 clueweb09-en0005-69-32127 0
126 0 clueweb09-en0001-61-00722 0
131 0 clueweb09-en0005-69-32121 0
117 0 clueweb09-en0010-38-09301 0
116 0 clueweb09-en0036-82-23307 0
126 0 clueweb09-en0011-35-07127 0
141 0 clueweb09-en0001-59-11212 0
135 0 clueweb09-en0001-33-29444 0
137 0 clueweb09-en0007-02-22121 0
131 0 clueweb09-en0006-22-25082 0
118 0 clueweb09-en0010-81-11695 0
118 0 clueweb09-en0010-81-11694 0
118 0 clueweb09-en0010-81-11697 0
148 0 clueweb09-en0002-82-31031 0
111 0 clueweb09-en0004-16-05142 1
111 0 clueweb09-en0057-36-07216 1
135 0 clueweb09-en0007-43-35632 0
134 0 clueweb09-en0034-17-29058 0
126 0 clueweb09-en0008-26-21084 0
133 0 clueweb09-en0011-10-37121 0
130 0 clueweb09-en0009-66-08086 1
131 0 clueweb09-en0005-69-32167 0
105 0 clueweb09-en0010-00-24878 0
115 0 clueweb09-en0080-53-38929 0
147 0 clueweb09-en0039-31-10552 2
143 0 clueweb09-en0005-28-06674 0
149 0 clueweb09-en0002-04-26759 0
149 0 clueweb09-en0002-04-26750 0
118 0 clueweb09-en0010-81-11766 0
109 0 clueweb09-en0009-33-19119 0
108 0 clueweb09-en0011-81-36086 0
120 0 clueweb09-en0079-53-02790 1
145 0 clueweb09-en0005-37-28898 0
145 0 clueweb09-en0005-37-28890 0
138 0 clueweb09-en0067-89-05025 0
136 0 clueweb09-en0002-28-21220 0
146 0 clueweb09-en0010-39-15362 0
109 0 clueweb09-en0112-79-35792 0
150 0 clueweb09-en0002-31-30195 0
117 0 clueweb09-en0008-81-11984 3
118 0 clueweb09-en0010-81-11785 0
133 0 clueweb09-en0074-75-13810 0
132 0 clueweb09-en0000-43-25393 0
101 0 clueweb09-en0009-62-01021 1
138 0 clueweb09-en0010-42-00139 0
132 0 clueweb09-en0023-56-40658 1
130 0 clueweb09-en0002-11-26855 3
140 0 clueweb09-en0005-06-17763 0
133 0 clueweb09-en0006-09-33321 0
134 0 clueweb09-en0024-33-40748 0
145 0 clueweb09-en0081-97-31756 0
121 0 clueweb09-en0106-43-24974 -2
111 0 clueweb09-en0030-99-23888 0
109 0 clueweb09-en0006-82-18673 0
113 0 clueweb09-en0063-07-09634 0
130 0 clueweb09-en0008-13-11100 1
144 0 clueweb09-en0010-06-27301 1
130 0 clueweb09-en0011-64-37250 0
144 0 clueweb09-en0010-18-22149 0
130 0 clueweb09-en0002-11-26870 2
130 0 clueweb09-en0002-11-26869 1
119 0 clueweb09-en0010-05-27088 0
122 0 clueweb09-en0010-07-34891 0
140 0 clueweb09-en0005-56-36093 0
120 0 clueweb09-en0025-50-11591 0
122 0 clueweb09-en0010-07-34951 0
130 0 clueweb09-en0024-40-23076 1
147 0 clueweb09-en0011-24-24074 1
122 0 clueweb09-en0009-38-13994 0
132 0 clueweb09-en0010-58-02506 0
119 0 clueweb09-en0007-60-24765 0
107 0 clueweb09-en0011-73-23068 0
106 0 clueweb09-en0004-19-26337 0
114 0 clueweb09-en0027-56-23287 0
122 0 clueweb09-en0010-07-34903 0
129 0 clueweb09-en0022-06-03354 1
127 0 clueweb09-en0000-83-19188 0
119 0 clueweb09-en0013-43-16420 0
121 0 clueweb09-en0005-22-07694 0
121 0 clueweb09-en0010-43-23142 0
128 0 clueweb09-en0006-27-26449 0
148 0 clueweb09-en0026-18-17274 1
124 0 clueweb09-en0099-31-00582 -2
133 0 clueweb09-en0005-24-32508 1
137 0 clueweb09-en0083-31-41097 3
137 0 clueweb09-en0083-31-41094 0
146 0 clueweb09-en0011-69-09247 0
111 0 clueweb09-en0011-28-20838 1
128 0 clueweb09-en0072-75-18639 0
110 0 clueweb09-en0000-47-22821 0
102 0 clueweb09-en0020-75-15650 0
134 0 clueweb09-en0008-67-17537 0
114 0 clueweb09-en0005-96-08380 0
117 0 clueweb09-en0010-38-09291 0
118 0 clueweb09-en0010-72-29951 0
117 0 clueweb09-en0010-38-09293 2
143 0 clueweb09-en0050-49-00935 0
111 0 clueweb09-en0010-97-28829 0
135 0 clueweb09-en0009-88-26246 0
117 0 clueweb09-en0040-97-22568 1
131 0 clueweb09-en0008-66-18779 0
132 0 clueweb09-en0007-44-11118 0
101 0 clueweb09-en0066-76-27023 2
128 0 clueweb09-en0080-79-36594 1
132 0 clueweb09-en0005-55-05075 0
123 0 clueweb09-en0007-35-16217 2
139 0 clueweb09-en0015-34-14326 0
125 0 clueweb09-en0004-52-34843 1
107 0 clueweb09-en0005-53-08691 0
137 0 clueweb09-en0009-06-36412 0
117 0 clueweb09-en0004-16-16660 0
104 0 clueweb09-en0026-95-32948 0
142 0 clueweb09-en0072-48-08657 0
125 0 clueweb09-en0008-82-04995 0
128 0 clueweb09-en0006-65-16681 2
104 0 clueweb09-en0040-54-11700 0
119 0 clueweb09-en0110-23-05210 2
132 0 clueweb09-en0035-47-33089 2
147 0 clueweb09-en0004-93-29054 0
131 0 clueweb09-en0024-41-21510 0
125 0 clueweb09-en0005-90-19002 0
114 0 clueweb09-en0022-05-30533 0
147 0 clueweb09-en0107-60-25931 2
144 0 clueweb09-en0004-64-01409 0
114 0 clueweb09-en0022-05-30549 0
132 0 clueweb09-en0008-68-27557 0
138 0 clueweb09-en0034-06-19887 0
138 0 clueweb09-en0034-06-19888 0
138 0 clueweb09-en0034-06-19885 0
138 0 clueweb09-en0034-06-19886 0
123 0 clueweb09-en0054-13-32886 2
138 0 clueweb09-en0034-06-19890 0
138 0 clueweb09-en0034-06-19892 0
138 0 clueweb09-en0034-06-19894 0
138 0 clueweb09-en0034-06-19895 0
138 0 clueweb09-en0034-06-19896 0
138 0 clueweb09-en0034-06-19897 0
145 0 clueweb09-en0000-97-08939 1
102 0 clueweb09-en0008-36-20837 0
132 0 clueweb09-en0005-27-02797 1
102 0 clueweb09-en0011-10-28159 0
107 0 clueweb09-en0008-63-02837 0
115 0 clueweb09-en0007-16-12567 0
101 0 clueweb09-en0006-83-31753 0
114 0 clueweb09-en0032-02-04037 0
132 0 clueweb09-en0022-64-33879 0
126 0 clueweb09-en0015-64-28812 0
125 0 clueweb09-en0002-22-24133 0
141 0 clueweb09-en0063-24-29225 0
130 0 clueweb09-en0008-55-27648 -2
139 0 clueweb09-en0010-14-02560 0
131 0 clueweb09-en0113-63-12436 0
115 0 clueweb09-en0010-08-10159 0
128 0 clueweb09-en0079-65-21346 2
144 0 clueweb09-en0062-97-17748 1
131 0 clueweb09-en0005-69-32365 0
133 0 clueweb09-en0021-67-18964 1
130 0 clueweb09-en0036-93-37274 2
116 0 clueweb09-en0000-62-14228 0
121 0 clueweb09-en0010-62-35187 0
101 0 clueweb09-en0003-60-13047 0
144 0 clueweb09-en0005-54-16108 0
125 0 clueweb09-en0024-40-21857 0
148 0 clueweb09-en0039-20-23453 0
138 0 clueweb09-en0003-14-16926 0
128 0 clueweb09-en0120-00-30026 0
102 0 clueweb09-en0013-04-15795 0
103 0 clueweb09-en0003-25-07265 2
111 0 clueweb09-en0065-95-25353 1
130 0 clueweb09-en0009-26-18169 2
128 0 clueweb09-en0083-27-26310 1
128 0 clueweb09-en0083-27-26311 0
149 0 clueweb09-en0002-83-28784 0
115 0 clueweb09-en0081-60-03149 0
126 0 clueweb09-en0000-22-11461 0
121 0 clueweb09-en0003-29-24865 0
108 0 clueweb09-en0008-91-13070 0
114 0 clueweb09-en0038-52-11383 2
123 0 clueweb09-en0004-55-34998 0
145 0 clueweb09-en0020-00-22113 1
130 0 clueweb09-en0006-36-28499 1
136 0 clueweb09-en0004-04-18530 0
114 0 clueweb09-en0009-41-10617 0
107 0 clueweb09-en0080-70-20451 0
124 0 clueweb09-en0007-88-36925 0
104 0 clueweb09-en0011-12-35718 0
114 0 clueweb09-en0008-75-28029 0
132 0 clueweb09-en0003-07-25672 0
121 0 clueweb09-en0021-58-37982 1
134 0 clueweb09-en0005-88-21869 0
130 0 clueweb09-en0000-18-32761 2
110 0 clueweb09-en0005-92-37927 1
137 0 clueweb09-en0007-49-30761 0
149 0 clueweb09-en0019-24-14191 0
104 0 clueweb09-en0011-46-08873 0
126 0 clueweb09-en0000-22-11449 0
117 0 clueweb09-en0035-19-02672 1
121 0 clueweb09-en0006-79-29387 0
135 0 clueweb09-en0001-97-33071 0
138 0 clueweb09-en0005-82-12677 0
132 0 clueweb09-en0002-24-24055 0
130 0 clueweb09-en0000-44-35675 1
131 0 clueweb09-en0000-48-33326 0
145 0 clueweb09-en0001-49-00739 1
107 0 clueweb09-en0018-18-00902 0
120 0 clueweb09-en0006-63-15840 0
111 0 clueweb09-en0009-93-33638 0
103 0 clueweb09-en0000-86-10023 0
110 0 clueweb09-en0005-56-24443 1
104 0 clueweb09-en0008-96-24708 0
104 0 clueweb09-en0104-51-34444 1
121 0 clueweb09-en0008-80-33688 0
102 0 clueweb09-en0009-72-04019 0
141 0 clueweb09-en0005-93-34943 0
118 0 clueweb09-en0008-76-23060 0
149 0 clueweb09-en0006-36-32109 0
104 0 clueweb09-en0077-98-22610 1
108 0 clueweb09-en0008-96-30123 0
142 0 clueweb09-en0007-01-26172 0
146 0 clueweb09-en0093-31-44082 0
118 0 clueweb09-en0008-76-23080 0
146 0 clueweb09-en0006-79-25728 0
125 0 clueweb09-en0010-03-30916 0
126 0 clueweb09-en0010-99-04956 0
105 0 clueweb09-en0010-57-24575 0
131 0 clueweb09-en0005-69-32453 0
131 0 clueweb09-en0011-57-15053 0
149 0 clueweb09-en0012-19-03977 0
131 0 clueweb09-en0005-69-32450 0
126 0 clueweb09-en0009-14-24178 0
114 0 clueweb09-en0027-31-32240 0
118 0 clueweb09-en0009-36-11431 0
130 0 clueweb09-en0004-27-23957 2
110 0 clueweb09-en0048-27-40389 0
118 0 clueweb09-en0038-56-20423 0
128 0 clueweb09-en0079-65-21283 0
111 0 clueweb09-en0005-06-10297 0
117 0 clueweb09-en0060-57-23243 2
115 0 clueweb09-en0003-97-06406 0
130 0 clueweb09-en0002-18-17688 1
111 0 clueweb09-en0006-32-17677 1
117 0 clueweb09-en0132-50-25480 3
134 0 clueweb09-en0009-50-32848 0
102 0 clueweb09-en0000-88-32756 0
128 0 clueweb09-en0079-65-21292 1
125 0 clueweb09-en0035-34-19869 3
117 0 clueweb09-en0065-23-27832 0
145 0 clueweb09-en0004-25-10880 1
146 0 clueweb09-en0007-09-39044 0
108 0 clueweb09-en0011-26-13114 0
144 0 clueweb09-en0000-43-14576 0
130 0 clueweb09-en0000-42-09408 0
136 0 clueweb09-en0004-99-20406 0
130 0 clueweb09-en0025-40-00055 1
117 0 clueweb09-en0024-80-16822 0
135 0 clueweb09-en0005-11-41950 0
113 0 clueweb09-en0002-00-24212 0
130 0 clueweb09-en0074-66-32904 -2
149 0 clueweb09-en0031-25-11510 0
136 0 clueweb09-en0008-94-26376 0
133 0 clueweb09-en0008-16-26518 0
135 0 clueweb09-en0004-88-25070 0
110 0 clueweb09-en0119-50-38690 0
119 0 clueweb09-en0009-27-01534 0
118 0 clueweb09-en0010-38-20575 0
147 0 clueweb09-en0002-71-28082 0
110 0 clueweb09-en0006-15-22560 2
119 0 clueweb09-en0009-27-01526 0
132 0 clueweb09-en0010-08-32770 2
132 0 clueweb09-en0010-08-32769 0
136 0 clueweb09-en0007-53-37354 0
145 0 clueweb09-en0005-43-19721 1
143 0 clueweb09-en0005-99-16766 0
125 0 clueweb09-en0007-73-20204 1
133 0 clueweb09-en0016-66-35321 0
139 0 clueweb09-en0006-35-01728 0
128 0 clueweb09-en0077-49-24877 -2
122 0 clueweb09-en0091-89-23423 0
104 0 clueweb09-en0001-82-29525 0
145 0 clueweb09-en0005-43-19717 2
138 0 clueweb09-en0000-07-10392 0
147 0 clueweb09-en0007-36-29548 0
133 0 clueweb09-en0008-79-31563 1
131 0 clueweb09-en0073-06-14638 0
133 0 clueweb09-en0011-29-38352 0
133 0 clueweb09-en0011-09-03916 1
116 0 clueweb09-en0064-04-29224 2
134 0 clueweb09-en0108-64-32979 0
116 0 clueweb09-en0064-04-29259 2
142 0 clueweb09-en0047-22-18851 0
137 0 clueweb09-en0060-55-28483 1
144 0 clueweb09-en0028-25-05986 0
141 0 clueweb09-en0005-93-34857 0
119 0 clueweb09-en0006-57-08677 0
116 0 clueweb09-en0007-81-25069 3
137 0 clueweb09-en0010-66-10373 0
147 0 clueweb09-en0006-68-14678 1
118 0 clueweb09-en0010-81-11819 0
133 0 clueweb09-en0005-96-07675 1
120 0 clueweb09-en0011-32-07335 0
146 0 clueweb09-en0006-53-06094 0
130 0 clueweb09-en0007-80-32049 1
138 0 clueweb09-en0045-40-16148 0
130 0 clueweb09-en0003-65-02892 2
133 0 clueweb09-en0001-01-04565 0
128 0 clueweb09-en0002-40-03847 0
123 0 clueweb09-en0008-42-23349 2
141 0 clueweb09-en0033-30-24548 0
116 0 clueweb09-en0000-58-00696 -2
126 0 clueweb09-en0007-62-13937 0
141 0 clueweb09-en0033-30-24545 0
122 0 clueweb09-en0011-33-11220 0
129 0 clueweb09-en0010-62-12446 0
140 0 clueweb09-en0005-67-05150 0
130 0 clueweb09-en0035-28-34812 1
107 0 clueweb09-en0005-76-00416 0
146 0 clueweb09-en0002-66-19474 0
106 0 clueweb09-en0002-84-11587 0
146 0 clueweb09-en0002-36-07038 0
125 0 clueweb09-en0006-50-08522 0
111 0 clueweb09-en0129-41-05781 3
133 0 clueweb09-en0011-97-10788 0
114 0 clueweb09-en0003-59-22131 0
130 0 clueweb09-en0000-52-18759 1
101 0 clueweb09-en0009-14-05238 0
124 0 clueweb09-en0008-07-18903 0
104 0 clueweb09-en0011-58-18764 0
133 0 clueweb09-en0017-10-14527 1
120 0 clueweb09-en0011-48-20127 0
145 0 clueweb09-en0001-00-19991 0
147 0 clueweb09-en0021-55-03849 2
117 0 clueweb09-en0008-57-29082 1
137 0 clueweb09-en0001-59-11272 0
125 0 clueweb09-en0008-35-45166 1
137 0 clueweb09-en0008-26-03497 3
129 0 clueweb09-en0027-27-27025 0
128 0 clueweb09-en0011-41-17374 1
124 0 clueweb09-en0001-32-01884 0
140 0 clueweb09-en0031-12-34977 0
133 0 clueweb09-en0001-81-08799 1
121 0 clueweb09-en0093-67-13816 -2
107 0 clueweb09-en0011-60-29361 0
117 0 clueweb09-en0123-73-15381 0
133 0 clueweb09-en0078-46-06757 1
135 0 clueweb09-en0003-69-06844 -2
115 0 clueweb09-en0002-08-17068 0
125 0 clueweb09-en0006-61-23034 1
136 0 clueweb09-en0004-04-17807 0
137 0 clueweb09-en0012-04-17303 0
141 0 clueweb09-en0033-30-24538 0
114 0 clueweb09-en0006-05-01992 0
141 0 clueweb09-en0033-30-24532 0
141 0 clueweb09-en0033-30-24527 0
149 0 clueweb09-en0005-19-22028 1
108 0 clueweb09-en0008-58-18222 0
141 0 clueweb09-en0033-30-24520 0
147 0 clueweb09-en0007-28-24920 2
146 0 clueweb09-en0009-27-29814 0
127 0 clueweb09-en0063-75-30265 0
125 0 clueweb09-en0041-31-29497 0
131 0 clueweb09-en0004-22-15892 1
114 0 clueweb09-en0006-66-14434 0
120 0 clueweb09-en0026-85-35711 0
111 0 clueweb09-en0005-85-29641 0
142 0 clueweb09-en0011-17-42567 0
144 0 clueweb09-en0001-37-09301 0
130 0 clueweb09-en0003-50-12279 0
131 0 clueweb09-en0005-65-22901 0
133 0 clueweb09-en0025-43-40702 1
132 0 clueweb09-en0006-22-36482 0
121 0 clueweb09-en0026-36-30067 0
133 0 clueweb09-en0008-48-44263 0
119 0 clueweb09-en0119-14-11994 1
121 0 clueweb09-en0026-36-30056 0
147 0 clueweb09-en0009-24-05113 1
147 0 clueweb09-en0011-56-01745 1
119 0 clueweb09-en0071-94-07238 0
120 0 clueweb09-en0009-86-17824 0
142 0 clueweb09-en0011-17-42585 0
123 0 clueweb09-en0008-50-17599 0
109 0 clueweb09-en0004-43-19796 0
133 0 clueweb09-en0011-77-22334 0
127 0 clueweb09-en0011-60-31197 1
125 0 clueweb09-en0031-57-24846 0
145 0 clueweb09-en0005-49-08463 0
119 0 clueweb09-en0009-16-19696 0
148 0 clueweb09-en0067-23-18313 0
145 0 clueweb09-en0005-43-19914 1
135 0 clueweb09-en0110-46-19975 0
103 0 clueweb09-en0005-99-28287 0
118 0 clueweb09-en0066-90-28142 0
121 0 clueweb09-en0004-31-23239 0
121 0 clueweb09-en0004-31-23238 1
118 0 clueweb09-en0066-90-28144 0
130 0 clueweb09-en0000-10-12486 1
132 0 clueweb09-en0006-22-36451 0
126 0 clueweb09-en0003-30-14689 0
118 0 clueweb09-en0006-08-07413 0
130 0 clueweb09-en0000-23-19300 0
121 0 clueweb09-en0004-31-23240 0
132 0 clueweb09-en0114-31-24470 0
118 0 clueweb09-en0006-08-07429 0
143 0 clueweb09-en0086-23-13811 0
121 0 clueweb09-en0007-63-06318 0
125 0 clueweb09-en0109-12-30307 0
126 0 clueweb09-en0002-98-09939 0
107 0 clueweb09-en0054-25-06895 0
136 0 clueweb09-en0000-46-33801 0
128 0 clueweb09-en0011-43-05004 0
120 0 clueweb09-en0001-20-19005 0
140 0 clueweb09-en0123-91-21867 0
115 0 clueweb09-en0073-69-33694 0
134 0 clueweb09-en0010-12-23533 0
122 0 clueweb09-en0001-91-14457 0
134 0 clueweb09-en0010-12-23557 0
130 0 clueweb09-en0000-10-11506 1
101 0 clueweb09-en0010-88-00048 0
149 0 clueweb09-en0041-70-17121 0
138 0 clueweb09-en0004-03-11636 0
114 0 clueweb09-enwp02-04-09470 0
130 0 clueweb09-en0078-50-34343 1
115 0 clueweb09-en0001-19-14227 0
117 0 clueweb09-en0009-55-37233 2
142 0 clueweb09-en0104-54-06314 0
129 0 clueweb09-en0008-98-18827 0
119 0 clueweb09-en0008-30-05748 0
124 0 clueweb09-en0005-78-32937 0
133 0 clueweb09-en0005-40-05652 0
149 0 clueweb09-en0004-28-03198 0
105 0 clueweb09-en0011-20-24433 1
111 0 clueweb09-en0003-07-03503 1
122 0 clueweb09-en0001-91-14497 0
145 0 clueweb09-en0009-67-22080 0
147 0 clueweb09-en0011-77-38454 0
124 0 clueweb09-en0008-97-15201 0
102 0 clueweb09-en0007-87-29990 0
148 0 clueweb09-en0044-82-07516 0
136 0 clueweb09-en0007-57-16799 0
125 0 clueweb09-en0016-90-22682 0
111 0 clueweb09-en0052-89-24859 1
107 0 clueweb09-en0046-37-23648 0
114 0 clueweb09-en0002-28-27796 0
101 0 clueweb09-en0037-22-24499 0
121 0 clueweb09-en0091-55-31845 1
120 0 clueweb09-en0035-69-27749 0
135 0 clueweb09-en0006-02-21914 0
133 0 clueweb09-en0001-99-00848 0
104 0 clueweb09-en0106-31-33533 2
131 0 clueweb09-en0006-71-07312 0
125 0 clueweb09-en0011-94-15135 1
102 0 clueweb09-en0087-01-14076 2
102 0 clueweb09-en0087-01-14075 1
102 0 clueweb09-en0087-01-14074 1
102 0 clueweb09-en0087-01-14072 1
118 0 clueweb09-en0009-24-04403 0
147 0 clueweb09-en0004-69-26864 1
112 0 clueweb09-en0038-34-10096 0
114 0 clueweb09-en0000-03-10029 0
115 0 clueweb09-en0010-69-30817 0
142 0 clueweb09-en0129-93-10184 0
120 0 clueweb09-en0067-07-40669 0
133 0 clueweb09-en0002-56-17465 0
115 0 clueweb09-en0007-45-20991 0
130 0 clueweb09-en0000-45-09390 1
121 0 clueweb09-en0009-25-08657 1
125 0 clueweb09-en0006-62-24318 0
125 0 clueweb09-en0003-71-12655 0
124 0 clueweb09-en0008-45-08357 0
144 0 clueweb09-en0031-09-33031 1
105 0 clueweb09-en0001-47-25858 0
145 0 clueweb09-en0011-30-37792 1
115 0 clueweb09-en0011-28-26691 0
112 0 clueweb09-en0009-25-10676 0
147 0 clueweb09-en0007-36-03323 2
103 0 clueweb09-en0001-37-30565 0
131 0 clueweb09-en0008-51-20903 0
143 0 clueweb09-en0129-67-49478 0
123 0 clueweb09-en0079-06-18625 1
128 0 clueweb09-en0007-39-09140 0
130 0 clueweb09-en0005-72-14671 0
118 0 clueweb09-en0009-37-14396 0
147 0 clueweb09-en0018-50-27571 1
129 0 clueweb09-en0088-70-26543 0
144 0 clueweb09-enwp01-04-02294 0
150 0 clueweb09-en0006-18-23669 0
114 0 clueweb09-en0003-11-14459 0
133 0 clueweb09-en0005-60-19231 1
130 0 clueweb09-en0060-70-23883 0
133 0 clueweb09-en0075-64-02591 1
145 0 clueweb09-en0030-46-22681 1
137 0 clueweb09-en0067-21-05153 0
117 0 clueweb09-en0076-57-22111 0
128 0 clueweb09-en0124-13-31839 0
127 0 clueweb09-en0105-50-35192 1
132 0 clueweb09-en0003-15-17157 0
130 0 clueweb09-en0006-09-34007 1
133 0 clueweb09-en0004-50-14288 1
119 0 clueweb09-enwp01-82-16428 0
149 0 clueweb09-en0008-35-07746 1
149 0 clueweb09-en0008-35-07745 0
103 0 clueweb09-en0005-22-06308 -2
133 0 clueweb09-en0001-22-31116 0
133 0 clueweb09-en0006-74-02496 0
136 0 clueweb09-en0126-65-27197 0
147 0 clueweb09-en0093-02-22927 2
124 0 clueweb09-en0009-24-16599 1
137 0 clueweb09-en0002-50-23759 0
142 0 clueweb09-en0008-27-28098 0
115 0 clueweb09-enwp00-33-20912 0
145 0 clueweb09-en0106-37-04327 0
125 0 clueweb09-en0024-76-20229 1
142 0 clueweb09-en0010-44-11463 0
132 0 clueweb09-en0005-37-19231 0
141 0 clueweb09-en0011-42-02129 0
137 0 clueweb09-en0002-02-02191 -2
146 0 clueweb09-en0010-95-27555 0
146 0 clueweb09-en0010-95-27558 0
125 0 clueweb09-en0000-27-29321 0
125 0 clueweb09-en0000-27-29322 0
125 0 clueweb09-en0000-27-29320 0
120 0 clueweb09-en0004-99-03684 0
149 0 clueweb09-en0003-01-26794 0
149 0 clueweb09-en0003-01-26797 0
118 0 clueweb09-en0009-37-14406 0
149 0 clueweb09-en0003-01-26796 0
130 0 clueweb09-en0002-11-23499 3
118 0 clueweb09-en0000-51-00046 0
114 0 clueweb09-en0003-26-38231 1
130 0 clueweb09-en0003-72-20767 1
114 0 clueweb09-en0003-26-38234 0
149 0 clueweb09-en0003-01-26777 0
149 0 clueweb09-en0003-01-26776 0
110 0 clueweb09-en0007-61-19852 1
149 0 clueweb09-en0004-28-03201 0
120 0 clueweb09-en0038-89-10180 0
125 0 clueweb09-en0020-57-08915 0
125 0 clueweb09-en0004-52-34658 0
149 0 clueweb09-en0003-01-26789 1
115 0 clueweb09-en0011-78-11239 0
122 0 clueweb09-en0049-31-15525 0
130 0 clueweb09-en0005-04-11605 1
149 0 clueweb09-en0009-23-27757 1
126 0 clueweb09-en0032-65-29128 0
142 0 clueweb09-en0004-80-00642 0
122 0 clueweb09-en0021-72-13158 0
103 0 clueweb09-en0000-20-03692 2
146 0 clueweb09-en0117-09-29291 0
116 0 clueweb09-en0003-92-14749 3
115 0 clueweb09-en0025-82-36960 0
115 0 clueweb09-en0003-27-28164 0
119 0 clueweb09-en0010-86-28040 1
115 0 clueweb09-en0003-27-28153 0
107 0 clueweb09-en0010-67-01786 0
107 0 clueweb09-en0018-56-26355 0
149 0 clueweb09-en0028-07-08293 0
115 0 clueweb09-en0009-11-24601 0
119 0 clueweb09-en0131-59-21674 0
141 0 clueweb09-en0008-37-35553 0
130 0 clueweb09-en0007-79-28543 3
132 0 clueweb09-en0093-37-13625 0
120 0 clueweb09-en0007-63-14011 0
146 0 clueweb09-en0005-20-26256 0
129 0 clueweb09-en0034-15-38327 0
138 0 clueweb09-en0074-38-05694 0
110 0 clueweb09-en0006-02-24967 0
121 0 clueweb09-en0087-29-36687 1
114 0 clueweb09-en0006-45-19124 0
137 0 clueweb09-en0039-30-28629 3
114 0 clueweb09-en0048-24-16059 1
149 0 clueweb09-en0010-06-32219 0
135 0 clueweb09-en0003-57-13972 0
137 0 clueweb09-en0007-47-29129 0
121 0 clueweb09-en0018-85-17823 1
114 0 clueweb09-en0033-93-38749 0
144 0 clueweb09-en0038-00-24470 0
112 0 clueweb09-en0011-90-19151 0
110 0 clueweb09-en0002-27-15490 1
114 0 clueweb09-en0006-45-19119 0
124 0 clueweb09-en0006-41-09960 1
124 0 clueweb09-en0006-41-09961 0
111 0 clueweb09-en0012-77-27125 0
119 0 clueweb09-en0009-72-14145 2
123 0 clueweb09-en0010-45-18144 0
138 0 clueweb09-en0008-26-19743 0
135 0 clueweb09-en0106-47-07831 0
106 0 clueweb09-en0007-10-16310 0
102 0 clueweb09-en0010-50-18902 0
137 0 clueweb09-en0008-45-29472 0
138 0 clueweb09-en0005-54-26540 0
119 0 clueweb09-en0023-02-32475 1
150 0 clueweb09-en0011-49-05393 0
140 0 clueweb09-en0007-82-10952 0
133 0 clueweb09-en0011-94-00747 0
118 0 clueweb09-en0008-55-14134 0
136 0 clueweb09-en0002-89-03241 -2
149 0 clueweb09-en0005-86-32428 -2
102 0 clueweb09-en0012-22-29622 0
110 0 clueweb09-en0002-37-03142 0
143 0 clueweb09-en0013-33-03297 0
141 0 clueweb09-en0004-66-23139 0
115 0 clueweb09-en0025-82-36851 0
141 0 clueweb09-en0004-66-23141 0
141 0 clueweb09-en0004-66-23143 0
114 0 clueweb09-en0011-44-28036 0
107 0 clueweb09-en0013-55-34684 0
107 0 clueweb09-en0032-85-04245 0
114 0 clueweb09-en0064-64-15650 0
126 0 clueweb09-en0038-77-36215 0
111 0 clueweb09-en0104-74-03949 0
125 0 clueweb09-en0007-51-29961 0
149 0 clueweb09-en0011-12-18412 0
119 0 clueweb09-en0013-74-19188 2
149 0 clueweb09-en0090-24-37644 0
148 0 clueweb09-en0010-27-26216 0
107 0 clueweb09-en0002-82-24462 0
148 0 clueweb09-en0010-27-26218 2
115 0 clueweb09-en0001-48-14761 0
137 0 clueweb09-en0055-68-24884 3
128 0 clueweb09-en0012-73-27506 2
119 0 clueweb09-en0010-50-07857 1
116 0 clueweb09-en0117-20-00297 -2
112 0 clueweb09-en0003-80-18743 0
125 0 clueweb09-en0008-19-21946 0
125 0 clueweb09-en0001-10-17950 1
125 0 clueweb09-en0008-19-21951 0
125 0 clueweb09-en0008-27-23082 0
133 0 clueweb09-en0007-99-04543 0
123 0 clueweb09-en0011-79-05673 2
120 0 clueweb09-en0004-69-01249 0
118 0 clueweb09-en0007-80-18225 0
103 0 clueweb09-en0003-30-20202 0
131 0 clueweb09-en0009-41-24703 0
118 0 clueweb09-en0009-54-01133 0
122 0 clueweb09-en0002-96-18579 0
112 0 clueweb09-en0078-36-07881 0
119 0 clueweb09-enwp03-17-18100 0
114 0 clueweb09-en0010-73-02554 0
148 0 clueweb09-en0011-62-18365 0
138 0 clueweb09-en0008-42-06968 0
121 0 clueweb09-en0005-07-36785 0
143 0 clueweb09-en0000-01-12781 0
133 0 clueweb09-en0005-32-23809 1
142 0 clueweb09-en0018-56-26355 0
135 0 clueweb09-en0010-85-41740 0
125 0 clueweb09-en0004-66-22758 0
136 0 clueweb09-en0033-93-32112 0
128 0 clueweb09-en0091-93-03532 0
119 0 clueweb09-en0002-34-12904 0
105 0 clueweb09-en0011-19-17025 0
105 0 clueweb09-en0006-11-21059 1
114 0 clueweb09-en0032-37-01404 1
134 0 clueweb09-en0029-02-03948 0
149 0 clueweb09-en0001-64-17129 0
132 0 clueweb09-en0008-40-13617 0
149 0 clueweb09-en0019-40-15128 0
146 0 clueweb09-en0007-81-11131 0
137 0 clueweb09-en0040-55-06457 0
120 0 clueweb09-en0073-77-05842 0
146 0 clueweb09-en0025-59-19239 0
137 0 clueweb09-en0000-39-07125 0
109 0 clueweb09-en0004-33-14498 0
117 0 clueweb09-en0008-10-08756 0
133 0 clueweb09-en0108-13-09399 0
150 0 clueweb09-en0011-42-05113 0
145 0 clueweb09-en0001-21-26006 1
139 0 clueweb09-en0077-62-22333 0
134 0 clueweb09-en0008-76-07083 0
146 0 clueweb09-en0011-41-13333 0
136 0 clueweb09-en0007-44-15236 0
107 0 clueweb09-en0096-56-02439 1
116 0 clueweb09-en0001-33-05644 -2
134 0 clueweb09-en0008-76-07071 0
142 0 clueweb09-en0051-41-08764 0
147 0 clueweb09-en0005-22-35434 0
107 0 clueweb09-en0001-35-23293 -2
142 0 clueweb09-en0040-56-21884 0
150 0 clueweb09-en0005-74-16220 0
119 0 clueweb09-en0022-34-10089 2
147 0 clueweb09-en0005-22-35425 1
126 0 clueweb09-en0008-87-33133 0
148 0 clueweb09-en0004-62-25027 0
137 0 clueweb09-en0010-78-01589 0
121 0 clueweb09-en0036-79-24694 1
147 0 clueweb09-en0005-22-35411 0
121 0 clueweb09-en0006-02-26273 0
138 0 clueweb09-en0004-62-19376 0
147 0 clueweb09-en0005-22-35409 1
121 0 clueweb09-en0013-06-06102 1
144 0 clueweb09-en0026-73-40386 0
121 0 clueweb09-en0006-02-26299 0
114 0 clueweb09-en0016-71-06861 0
121 0 clueweb09-en0006-02-26297 1
117 0 clueweb09-en0008-80-32730 3
121 0 clueweb09-en0013-06-06105 0
121 0 clueweb09-en0013-06-06104 1
121 0 clueweb09-en0013-06-06103 1
121 0 clueweb09-en0006-02-26284 0
133 0 clueweb09-en0007-30-10883 1
147 0 clueweb09-en0008-40-12715 0
134 0 clueweb09-en0105-24-27819 0
130 0 clueweb09-en0076-54-31285 0
141 0 clueweb09-en0000-16-17757 0
140 0 clueweb09-en0025-62-38840 0
106 0 clueweb09-en0011-10-27660 0
143 0 clueweb09-en0000-96-12541 0
111 0 clueweb09-en0011-28-21164 1
125 0 clueweb09-en0006-90-29607 0
125 0 clueweb09-en0006-90-29606 1
147 0 clueweb09-en0018-87-26430 0
114 0 clueweb09-en0005-93-35404 0
146 0 clueweb09-en0131-24-48740 0
110 0 clueweb09-en0002-43-26732 0
136 0 clueweb09-en0009-84-39305 0
140 0 clueweb09-en0009-91-21497 0
102 0 clueweb09-en0000-78-27950 0
126 0 clueweb09-en0009-62-11377 0
135 0 clueweb09-en0007-46-26511 0
101 0 clueweb09-en0010-42-04786 0
112 0 clueweb09-en0007-58-14517 0
113 0 clueweb09-en0009-93-09972 0
133 0 clueweb09-en0001-25-10032 -2
127 0 clueweb09-en0007-85-36503 1
133 0 clueweb09-en0001-25-10062 -2
133 0 clueweb09-en0004-79-22216 0
130 0 clueweb09-en0093-66-40497 1
106 0 clueweb09-en0008-91-28699 0
103 0 clueweb09-en0005-29-38615 0
130 0 clueweb09-en0000-08-20420 1
125 0 clueweb09-en0011-05-27819 0
102 0 clueweb09-en0009-95-35358 0
146 0 clueweb09-en0067-30-20659 0
130 0 clueweb09-en0002-68-12603 1
103 0 clueweb09-en0005-29-38642 0
122 0 clueweb09-en0041-79-28220 0
150 0 clueweb09-en0011-67-23151 0
102 0 clueweb09-en0009-95-35355 0
108 0 clueweb09-en0011-39-10962 0
103 0 clueweb09-en0005-29-38656 0
144 0 clueweb09-en0096-39-24165 0
119 0 clueweb09-en0010-76-18950 1
119 0 clueweb09-en0010-76-18951 0
145 0 clueweb09-en0008-97-13085 0
107 0 clueweb09-enwp01-32-02844 0
103 0 clueweb09-en0005-29-38661 0
111 0 clueweb09-en0083-05-01149 3
110 0 clueweb09-en0007-78-01887 0
120 0 clueweb09-en0005-60-09526 0
144 0 clueweb09-en0096-39-24148 1
124 0 clueweb09-en0133-34-11638 1
125 0 clueweb09-en0006-90-29687 1
108 0 clueweb09-en0011-26-13932 0
135 0 clueweb09-en0017-66-02787 0
122 0 clueweb09-en0012-79-30982 0
111 0 clueweb09-en0005-35-10640 0
102 0 clueweb09-en0033-51-23255 0
121 0 clueweb09-en0013-06-06098 0
121 0 clueweb09-en0013-06-06090 0
118 0 clueweb09-en0014-01-13270 0
111 0 clueweb09-en0024-05-30031 1
144 0 clueweb09-en0010-77-04189 0
130 0 clueweb09-en0004-75-36075 0
137 0 clueweb09-en0035-17-03613 1
125 0 clueweb09-en0133-10-46800 0
110 0 clueweb09-en0025-34-31415 0
139 0 clueweb09-en0009-05-01375 0
129 0 clueweb09-en0009-59-33709 0
118 0 clueweb09-en0023-60-24398 0
132 0 clueweb09-en0004-80-13195 0
150 0 clueweb09-en0011-42-05017 0
133 0 clueweb09-en0009-71-23796 1
122 0 clueweb09-en0004-13-27169 0
119 0 clueweb09-en0011-96-19839 1
134 0 clueweb09-en0024-71-19586 0
143 0 clueweb09-en0048-41-16523 0
121 0 clueweb09-en0003-59-09407 0
130 0 clueweb09-en0064-05-29952 3
141 0 clueweb09-en0006-83-16619 0
139 0 clueweb09-en0042-01-05826 0
127 0 clueweb09-en0007-85-36516 2
123 0 clueweb09-en0062-44-02431 2
139 0 clueweb09-en0011-13-08252 0
150 0 clueweb09-enwp01-39-06837 0
118 0 clueweb09-en0058-56-23111 0
123 0 clueweb09-en0012-77-15613 2
133 0 clueweb09-en0000-27-01464 0
136 0 clueweb09-en0002-28-06478 -2
130 0 clueweb09-en0064-37-17048 1
102 0 clueweb09-en0000-78-27924 0
149 0 clueweb09-en0059-93-02373 0
145 0 clueweb09-en0010-93-25891 0
119 0 clueweb09-en0008-73-30826 0
122 0 clueweb09-en0007-68-24682 0
111 0 clueweb09-en0012-02-23791 0
133 0 clueweb09-en0009-64-12422 0
144 0 clueweb09-en0103-91-01904 0
144 0 clueweb09-en0103-91-01901 0
141 0 clueweb09-en0006-83-16515 0
119 0 clueweb09-en0123-50-34245 1
110 0 clueweb09-en0011-42-23184 0
116 0 clueweb09-en0020-85-26113 0
147 0 clueweb09-en0006-52-24640 2
119 0 clueweb09-en0004-97-26213 0
141 0 clueweb09-en0114-03-18285 0
143 0 clueweb09-en0000-97-07668 0
149 0 clueweb09-en0001-54-14891 0
121 0 clueweb09-en0002-72-00578 1
109 0 clueweb09-en0002-25-14424 0
132 0 clueweb09-en0009-54-01133 0
119 0 clueweb09-en0004-97-26260 0
138 0 clueweb09-en0008-69-12755 0
119 0 clueweb09-en0008-73-30878 0
114 0 clueweb09-en0053-01-28985 1
110 0 clueweb09-en0001-67-06945 0
119 0 clueweb09-en0008-73-30892 1
130 0 clueweb09-en0010-13-35992 1
119 0 clueweb09-en0008-73-30884 1
130 0 clueweb09-en0010-13-35994 3
130 0 clueweb09-en0010-13-35993 2
134 0 clueweb09-en0009-49-10760 0
126 0 clueweb09-en0009-97-23887 0
130 0 clueweb09-en0001-21-18914 2
131 0 clueweb09-en0011-31-12708 0
117 0 clueweb09-en0005-07-02393 3
107 0 clueweb09-en0128-23-16716 0
128 0 clueweb09-en0131-91-27137 0
149 0 clueweb09-enwp00-84-01049 0
111 0 clueweb09-en0009-05-17480 0
101 0 clueweb09-en0009-42-25689 0
116 0 clueweb09-enwp01-17-00930 3
127 0 clueweb09-en0007-58-25467 0
133 0 clueweb09-en0002-06-29932 0
107 0 clueweb09-en0024-33-23355 0
146 0 clueweb09-en0023-88-00459 0
121 0 clueweb09-en0009-00-31144 0
143 0 clueweb09-en0005-28-17814 0
126 0 clueweb09-en0009-97-23924 0
106 0 clueweb09-en0008-43-04739 0
138 0 clueweb09-en0000-58-19671 0
114 0 clueweb09-en0005-56-11306 0
101 0 clueweb09-en0009-42-25661 0
145 0 clueweb09-en0000-00-07898 1
131 0 clueweb09-en0010-13-05413 0
139 0 clueweb09-en0009-49-40503 0
130 0 clueweb09-en0003-15-16426 0
138 0 clueweb09-en0007-92-32807 0
135 0 clueweb09-en0010-62-39823 0
138 0 clueweb09-en0011-27-33808 0
143 0 clueweb09-en0005-96-23942 0
133 0 clueweb09-en0010-27-06729 1
126 0 clueweb09-en0011-57-15409 0
143 0 clueweb09-en0007-71-07467 0
124 0 clueweb09-en0126-13-17273 -2
121 0 clueweb09-en0075-26-12424 2
149 0 clueweb09-en0019-25-06987 0
133 0 clueweb09-en0007-32-27132 1
128 0 clueweb09-en0001-25-34374 0
117 0 clueweb09-en0004-85-00634 1
106 0 clueweb09-en0022-19-05017 0
130 0 clueweb09-en0002-98-32576 1
117 0 clueweb09-en0102-65-27025 1
120 0 clueweb09-en0008-01-01494 0
142 0 clueweb09-en0000-14-14796 0
134 0 clueweb09-en0003-16-12635 0
134 0 clueweb09-en0003-16-12630 0
140 0 clueweb09-en0007-24-31715 0
121 0 clueweb09-en0010-51-10438 1
109 0 clueweb09-en0024-21-15373 0
134 0 clueweb09-en0003-16-12640 0
133 0 clueweb09-en0056-06-16490 1
136 0 clueweb09-en0001-41-24717 0
129 0 clueweb09-en0006-58-31932 0
133 0 clueweb09-en0079-06-08263 1
136 0 clueweb09-en0011-27-04430 0
140 0 clueweb09-enwp01-28-20207 0
149 0 clueweb09-en0004-78-16468 0
126 0 clueweb09-en0055-83-19851 0
123 0 clueweb09-en0010-73-26087 0
132 0 clueweb09-en0010-84-01158 2
131 0 clueweb09-en0009-11-16390 0
103 0 clueweb09-en0007-66-06293 1
117 0 clueweb09-en0008-01-40287 2
150 0 clueweb09-en0010-92-18800 0
118 0 clueweb09-en0052-98-42264 0
134 0 clueweb09-en0024-57-30878 0
133 0 clueweb09-en0006-15-08493 0
125 0 clueweb09-en0010-80-02318 0
120 0 clueweb09-en0002-66-10742 0
147 0 clueweb09-en0076-45-06824 0
128 0 clueweb09-en0011-17-24899 0
125 0 clueweb09-en0021-39-08703 0
125 0 clueweb09-en0021-39-08700 0
125 0 clueweb09-en0021-39-08701 0
138 0 clueweb09-en0011-09-12074 0
123 0 clueweb09-en0007-01-14104 2
130 0 clueweb09-en0003-93-13430 2
120 0 clueweb09-en0002-66-10713 0
122 0 clueweb09-en0009-85-26878 0
148 0 clueweb09-en0010-73-33057 0
107 0 clueweb09-en0005-34-19968 0
144 0 clueweb09-en0041-52-28577 0
111 0 clueweb09-en0009-05-17431 0
140 0 clueweb09-enwp00-50-06959 0
135 0 clueweb09-en0010-83-02225 0
114 0 clueweb09-en0079-80-04585 0
145 0 clueweb09-en0049-27-27764 0
136 0 clueweb09-en0005-63-13734 0
148 0 clueweb09-en0010-77-41648 0
123 0 clueweb09-en0009-66-16969 2
110 0 clueweb09-en0009-32-22437 0
125 0 clueweb09-en0005-27-22769 0
104 0 clueweb09-en0005-07-08911 0
144 0 clueweb09-en0081-43-28899 2
142 0 clueweb09-en0000-14-14803 0
148 0 clueweb09-en0002-57-11571 1
144 0 clueweb09-en0003-57-14649 0
137 0 clueweb09-en0053-92-19549 0
116 0 clueweb09-en0003-18-24484 3
116 0 clueweb09-en0003-18-24488 3
130 0 clueweb09-en0033-28-00538 2
104 0 clueweb09-en0005-07-08905 0
132 0 clueweb09-en0010-58-15403 0
127 0 clueweb09-en0052-88-38365 1
140 0 clueweb09-en0007-54-25687 0
137 0 clueweb09-en0011-78-35912 0
132 0 clueweb09-en0032-27-29143 2
102 0 clueweb09-en0002-06-00753 0
135 0 clueweb09-en0007-50-27928 0
133 0 clueweb09-en0008-39-03844 0
114 0 clueweb09-en0007-06-09124 0
103 0 clueweb09-en0004-15-30534 2
109 0 clueweb09-en0008-03-34431 0
115 0 clueweb09-en0006-00-32817 0
125 0 clueweb09-en0002-05-26026 0
137 0 clueweb09-en0010-14-03200 0
142 0 clueweb09-en0001-33-05644 0
134 0 clueweb09-en0008-88-07051 0
105 0 clueweb09-en0003-14-28987 0
107 0 clueweb09-en0005-43-32059 0
107 0 clueweb09-en0005-43-32060 0
105 0 clueweb09-en0040-14-13895 0
131 0 clueweb09-en0010-05-02826 0
117 0 clueweb09-en0002-38-15845 0
120 0 clueweb09-en0129-35-17762 -2
131 0 clueweb09-en0132-75-05689 0
123 0 clueweb09-en0062-51-19810 1
121 0 clueweb09-en0008-39-14103 0
141 0 clueweb09-en0008-96-23509 0
103 0 clueweb09-en0005-51-30743 0
101 0 clueweb09-en0010-02-08076 0
133 0 clueweb09-en0005-29-34691 1
129 0 clueweb09-en0098-18-18445 0
136 0 clueweb09-en0007-55-13116 0
114 0 clueweb09-en0021-78-14547 0
119 0 clueweb09-en0006-47-22402 0
121 0 clueweb09-en0001-49-23538 0
133 0 clueweb09-en0008-92-13708 0
115 0 clueweb09-en0010-67-03387 0
102 0 clueweb09-en0100-68-05225 1
121 0 clueweb09-en0006-79-29412 0
130 0 clueweb09-en0005-32-23826 2
139 0 clueweb09-en0020-84-04434 0
144 0 clueweb09-en0011-14-09374 0
145 0 clueweb09-en0007-48-34860 0
115 0 clueweb09-en0011-12-11084 0
141 0 clueweb09-en0010-60-04891 0
111 0 clueweb09-en0008-52-25733 1
130 0 clueweb09-en0093-86-16071 0
149 0 clueweb09-en0119-96-00863 0
138 0 clueweb09-en0007-90-36953 0
121 0 clueweb09-en0006-79-29721 0
123 0 clueweb09-en0023-67-05188 2
105 0 clueweb09-en0040-26-22198 1
142 0 clueweb09-en0007-38-17222 0
144 0 clueweb09-en0003-95-23280 0
129 0 clueweb09-en0066-93-15976 0
144 0 clueweb09-en0003-95-23278 0
144 0 clueweb09-en0003-95-23279 0
135 0 clueweb09-en0001-81-23610 0
144 0 clueweb09-en0003-95-23272 0
144 0 clueweb09-en0003-95-23273 0
144 0 clueweb09-en0003-95-23274 0
144 0 clueweb09-en0003-95-23275 0
144 0 clueweb09-en0003-95-23276 0
144 0 clueweb09-en0003-95-23277 0
130 0 clueweb09-en0002-98-32748 2
108 0 clueweb09-en0005-52-34900 0
130 0 clueweb09-en0002-98-32740 3
130 0 clueweb09-en0002-98-32741 3
130 0 clueweb09-en0002-98-32745 3
133 0 clueweb09-en0007-89-16986 0
101 0 clueweb09-en0080-50-44092 1
132 0 clueweb09-en0009-79-35184 0
145 0 clueweb09-en0036-47-19460 2
130 0 clueweb09-en0076-36-35199 1
130 0 clueweb09-en0002-98-32736 3
130 0 clueweb09-en0002-98-32739 3
130 0 clueweb09-en0002-98-32738 3
128 0 clueweb09-en0046-02-23199 2
116 0 clueweb09-en0004-93-29054 0
104 0 clueweb09-en0010-41-20854 0
120 0 clueweb09-en0061-59-08192 0
127 0 clueweb09-en0008-47-06011 0
107 0 clueweb09-en0005-43-32340 0
135 0 clueweb09-en0009-71-01732 0
127 0 clueweb09-en0011-89-00192 0
131 0 clueweb09-en0011-54-11793 0
143 0 clueweb09-en0008-90-13924 0
126 0 clueweb09-en0007-21-20312 0
145 0 clueweb09-en0005-51-25512 0
105 0 clueweb09-en0010-80-37763 0
142 0 clueweb09-en0008-51-06686 0
104 0 clueweb09-en0001-10-15107 0
107 0 clueweb09-en0034-01-38609 0
138 0 clueweb09-en0002-93-06679 0
112 0 clueweb09-en0008-69-34251 0
112 0 clueweb09-en0008-69-34253 0
146 0 clueweb09-en0009-15-09505 0
112 0 clueweb09-en0008-69-34249 0
141 0 clueweb09-en0000-60-08296 0
124 0 clueweb09-en0006-89-19616 0
134 0 clueweb09-en0011-70-18147 0
114 0 clueweb09-enwp00-99-23608 0
103 0 clueweb09-en0077-63-10490 0
103 0 clueweb09-en0002-35-04742 0
118 0 clueweb09-en0008-06-17988 0
114 0 clueweb09-en0003-63-13897 0
130 0 clueweb09-en0090-09-32900 0
115 0 clueweb09-en0010-62-01962 0
102 0 clueweb09-en0000-90-17112 0
117 0 clueweb09-en0002-31-09027 1
109 0 clueweb09-en0000-20-01521 0
107 0 clueweb09-en0001-44-28286 0
115 0 clueweb09-en0002-01-27916 0
115 0 clueweb09-en0009-93-10017 0
115 0 clueweb09-en0010-67-03264 0
111 0 clueweb09-en0004-39-19721 3
105 0 clueweb09-en0035-54-02934 1
115 0 clueweb09-en0010-67-03290 0
115 0 clueweb09-en0002-14-00529 0
121 0 clueweb09-en0006-79-29615 0
133 0 clueweb09-en0009-55-09286 0
126 0 clueweb09-en0002-45-18455 0
135 0 clueweb09-en0009-26-17001 0
133 0 clueweb09-en0011-33-25745 0
130 0 clueweb09-en0002-98-32627 1
130 0 clueweb09-en0002-98-32626 1
101 0 clueweb09-en0009-15-15863 0
136 0 clueweb09-en0007-44-02292 0
143 0 clueweb09-en0121-47-37288 0
118 0 clueweb09-en0006-60-42543 0
146 0 clueweb09-en0004-86-21189 0
119 0 clueweb09-en0006-44-04841 0
104 0 clueweb09-en0005-63-00400 0
118 0 clueweb09-en0003-30-20683 0
110 0 clueweb09-en0001-21-27135 0
123 0 clueweb09-en0051-69-43896 2
104 0 clueweb09-en0092-64-17140 0
101 0 clueweb09-en0002-26-21862 0
102 0 clueweb09-en0039-18-40914 0
125 0 clueweb09-en0087-47-12276 0
143 0 clueweb09-en0007-72-05121 0
108 0 clueweb09-en0002-37-03279 0
138 0 clueweb09-en0006-04-24005 0
131 0 clueweb09-en0001-63-33801 0
130 0 clueweb09-en0004-07-21124 2
102 0 clueweb09-en0018-79-12348 0
126 0 clueweb09-en0033-45-01637 0
128 0 clueweb09-en0002-83-22669 0
126 0 clueweb09-en0133-00-29767 0
132 0 clueweb09-en0009-01-10333 1
108 0 clueweb09-en0001-00-23507 0
122 0 clueweb09-en0005-19-16764 0
116 0 clueweb09-en0010-99-04752 1
120 0 clueweb09-en0104-17-07015 -2
102 0 clueweb09-en0009-07-05695 0
135 0 clueweb09-en0008-99-29153 0
104 0 clueweb09-en0006-37-10404 0
145 0 clueweb09-en0009-81-07112 1
147 0 clueweb09-en0009-37-31561 1
115 0 clueweb09-en0000-45-19126 0
112 0 clueweb09-en0007-18-05501 0
131 0 clueweb09-en0120-84-04109 0
114 0 clueweb09-en0026-57-12915 0
131 0 clueweb09-en0025-47-01538 0
107 0 clueweb09-en0106-26-25309 0
102 0 clueweb09-en0001-80-25064 0
105 0 clueweb09-en0007-80-36554 0
128 0 clueweb09-en0024-48-04976 1
125 0 clueweb09-en0007-59-32863 0
145 0 clueweb09-en0022-49-07364 0
149 0 clueweb09-en0001-21-25495 0
147 0 clueweb09-en0023-65-06290 0
128 0 clueweb09-en0007-59-32898 0
134 0 clueweb09-en0068-54-37092 0
120 0 clueweb09-en0008-43-05096 0
105 0 clueweb09-en0025-70-42854 0
121 0 clueweb09-en0006-79-29672 0
130 0 clueweb09-en0003-16-15294 1
116 0 clueweb09-en0047-07-04773 1
131 0 clueweb09-enwp00-33-20065 0
110 0 clueweb09-en0011-67-16110 0
108 0 clueweb09-en0008-68-07901 1
125 0 clueweb09-en0004-43-08457 0
110 0 clueweb09-en0026-73-35441 0
149 0 clueweb09-en0003-70-14626 0
106 0 clueweb09-en0001-07-00052 0
147 0 clueweb09-en0082-28-17435 1
147 0 clueweb09-en0008-20-14923 0
110 0 clueweb09-en0001-09-25429 2
148 0 clueweb09-en0066-42-41626 0
124 0 clueweb09-en0008-75-09828 0
120 0 clueweb09-en0002-15-00168 0
102 0 clueweb09-en0001-83-22882 0
138 0 clueweb09-en0005-25-04646 0
123 0 clueweb09-en0008-05-30912 0
114 0 clueweb09-en0006-05-02064 0
114 0 clueweb09-en0007-03-14413 0
133 0 clueweb09-en0011-36-01502 0
115 0 clueweb09-en0005-41-23415 0
141 0 clueweb09-en0001-43-08740 1
114 0 clueweb09-en0006-05-02043 0
133 0 clueweb09-en0051-05-40238 1
114 0 clueweb09-en0002-48-07255 0
110 0 clueweb09-en0013-47-27254 1
145 0 clueweb09-en0009-95-07004 0
149 0 clueweb09-en0005-34-36015 0
114 0 clueweb09-en0011-77-18496 2
114 0 clueweb09-en0011-77-18498 0
125 0 clueweb09-en0008-91-01047 0
121 0 clueweb09-en0023-24-08708 0
129 0 clueweb09-en0023-04-20359 0
145 0 clueweb09-en0020-75-16478 1
128 0 clueweb09-en0006-69-01847 1
122 0 clueweb09-en0062-47-44939 0
116 0 clueweb09-en0005-01-41296 0
117 0 clueweb09-en0008-38-01972 1
135 0 clueweb09-en0002-64-20672 0
122 0 clueweb09-en0001-96-33357 0
144 0 clueweb09-en0004-97-04446 0
105 0 clueweb09-en0054-89-23151 1
135 0 clueweb09-en0041-28-31366 0
147 0 clueweb09-en0035-28-03711 1
145 0 clueweb09-en0005-21-23530 0
107 0 clueweb09-enwp01-32-04863 0
117 0 clueweb09-en0004-81-29695 0
140 0 clueweb09-enwp01-24-03912 0
109 0 clueweb09-en0026-24-29917 0
133 0 clueweb09-en0004-67-05621 0
122 0 clueweb09-en0009-55-15272 0
144 0 clueweb09-en0007-66-07468 0
125 0 clueweb09-en0026-07-02478 1
135 0 clueweb09-en0005-81-41107 0
126 0 clueweb09-en0024-53-43982 0
121 0 clueweb09-en0010-15-12474 0
118 0 clueweb09-en0001-27-02539 0
101 0 clueweb09-en0011-37-21292 0
131 0 clueweb09-en0108-83-13241 0
119 0 clueweb09-en0002-79-18453 0
121 0 clueweb09-en0010-15-12486 0
120 0 clueweb09-en0005-22-16341 0
121 0 clueweb09-en0010-15-12456 0
122 0 clueweb09-en0011-80-01257 0
122 0 clueweb09-en0011-80-01258 0
148 0 clueweb09-en0060-78-28356 2
122 0 clueweb09-en0011-80-01256 0
129 0 clueweb09-en0005-60-37250 0
148 0 clueweb09-en0092-48-31889 0
117 0 clueweb09-en0009-31-18462 1
142 0 clueweb09-en0007-25-02502 0
126 0 clueweb09-en0002-45-18518 0
144 0 clueweb09-en0007-66-07475 0
114 0 clueweb09-en0011-45-11787 0
143 0 clueweb09-en0004-23-22670 0
117 0 clueweb09-en0006-92-11307 0
132 0 clueweb09-en0013-74-17605 0
117 0 clueweb09-en0006-92-11310 1
107 0 clueweb09-en0010-40-35660 0
147 0 clueweb09-en0003-12-19049 0
125 0 clueweb09-en0007-26-22896 0
111 0 clueweb09-en0079-38-09680 1
130 0 clueweb09-en0001-65-19865 3
115 0 clueweb09-en0008-00-33838 0
130 0 clueweb09-en0001-65-19856 1
129 0 clueweb09-en0000-08-19963 0
137 0 clueweb09-en0009-72-27849 0
132 0 clueweb09-en0064-36-31429 0
131 0 clueweb09-en0002-49-15525 0
145 0 clueweb09-en0007-52-06687 0
145 0 clueweb09-en0007-52-06689 0
134 0 clueweb09-en0009-04-32839 0
121 0 clueweb09-en0107-03-28951 0
119 0 clueweb09-en0010-82-12479 2
133 0 clueweb09-en0006-18-35994 0
111 0 clueweb09-en0009-95-14302 1
146 0 clueweb09-en0018-13-01061 0
142 0 clueweb09-en0011-36-24170 0
145 0 clueweb09-en0007-52-06683 0
123 0 clueweb09-en0001-42-06743 0
131 0 clueweb09-en0130-29-37275 -2
116 0 clueweb09-en0015-09-00296 3
125 0 clueweb09-en0095-72-03230 0
116 0 clueweb09-en0000-09-00651 1
135 0 clueweb09-en0000-44-08912 0
125 0 clueweb09-en0049-76-27234 0
138 0 clueweb09-en0020-60-12946 0
138 0 clueweb09-en0020-60-12948 0
108 0 clueweb09-en0004-75-23281 0
138 0 clueweb09-en0020-60-12949 0
129 0 clueweb09-en0001-28-16090 0
139 0 clueweb09-enwp00-59-13548 0
129 0 clueweb09-en0001-28-16095 0
131 0 clueweb09-en0007-72-30860 0
129 0 clueweb09-en0006-59-36175 0
142 0 clueweb09-en0001-74-01932 0
145 0 clueweb09-en0004-64-14157 0
121 0 clueweb09-en0003-70-07243 0
121 0 clueweb09-en0003-70-07240 0
145 0 clueweb09-en0004-64-14161 0
104 0 clueweb09-en0063-49-18914 0
145 0 clueweb09-en0004-64-14175 0
145 0 clueweb09-en0004-64-14179 0
145 0 clueweb09-en0004-64-14178 0
102 0 clueweb09-en0011-30-38981 0
145 0 clueweb09-en0004-64-14183 0
145 0 clueweb09-en0004-64-14163 0
109 0 clueweb09-en0005-42-10478 0
145 0 clueweb09-en0004-64-14170 0
103 0 clueweb09-en0008-44-25480 0
116 0 clueweb09-en0026-30-17646 1
148 0 clueweb09-en0001-48-16686 0
124 0 clueweb09-en0007-34-21982 1
121 0 clueweb09-en0006-02-25935 1
137 0 clueweb09-en0008-86-22217 0
141 0 clueweb09-en0009-95-02402 0
128 0 clueweb09-en0044-54-15798 0
143 0 clueweb09-en0000-15-06742 0
137 0 clueweb09-en0100-04-36924 1
126 0 clueweb09-en0009-66-05325 0
105 0 clueweb09-en0005-43-26076 0
105 0 clueweb09-en0005-43-26074 0
125 0 clueweb09-en0064-33-31269 1
139 0 clueweb09-enwp01-34-07387 0
145 0 clueweb09-en0004-64-14187 0
145 0 clueweb09-en0004-64-14186 0
145 0 clueweb09-en0004-64-14185 0
115 0 clueweb09-en0008-54-30172 0
114 0 clueweb09-en0008-73-13963 0
110 0 clueweb09-en0005-19-29021 1
133 0 clueweb09-en0008-37-19310 0
117 0 clueweb09-en0001-10-20359 1
103 0 clueweb09-en0052-41-03470 1
107 0 clueweb09-en0000-84-09296 0
138 0 clueweb09-en0005-07-14126 0
133 0 clueweb09-en0006-37-22486 0
139 0 clueweb09-en0024-88-35926 0
125 0 clueweb09-en0054-10-26837 0
120 0 clueweb09-en0007-73-27803 0
149 0 clueweb09-en0007-78-28402 0
118 0 clueweb09-en0008-87-02140 0
129 0 clueweb09-en0001-28-16119 0
129 0 clueweb09-en0001-28-16114 0
131 0 clueweb09-en0027-76-26785 0
107 0 clueweb09-en0006-91-14699 0
148 0 clueweb09-en0067-24-02295 1
129 0 clueweb09-en0001-28-16122 0
129 0 clueweb09-en0001-28-16121 0
133 0 clueweb09-en0000-04-03707 0
121 0 clueweb09-en0091-19-02712 0
121 0 clueweb09-en0091-19-02711 0
115 0 clueweb09-en0009-34-19965 0
146 0 clueweb09-en0001-20-20491 0
104 0 clueweb09-en0007-72-28758 0
117 0 clueweb09-en0004-59-01057 0
131 0 clueweb09-en0007-40-21490 0
134 0 clueweb09-en0027-82-39239 0
102 0 clueweb09-en0073-82-14089 1
112 0 clueweb09-en0010-69-35823 0
139 0 clueweb09-en0009-21-08485 0
114 0 clueweb09-en0009-57-24580 0
110 0 clueweb09-en0052-61-12477 0
121 0 clueweb09-en0000-96-02497 0
122 0 clueweb09-en0027-52-20399 2
116 0 clueweb09-en0006-99-05118 0
114 0 clueweb09-en0065-54-40248 0
142 0 clueweb09-en0011-88-12618 0
121 0 clueweb09-en0006-02-25803 0
129 0 clueweb09-en0092-41-26270 0
114 0 clueweb09-en0011-45-11925 0
114 0 clueweb09-en0011-45-11928 0
121 0 clueweb09-en0051-35-12760 2
125 0 clueweb09-en0005-26-21412 0
147 0 clueweb09-en0011-19-30925 0
125 0 clueweb09-en0010-13-06518 0
126 0 clueweb09-en0011-57-30841 0
104 0 clueweb09-en0000-70-03503 0
141 0 clueweb09-en0050-28-00252 0
107 0 clueweb09-en0002-79-07481 0
142 0 clueweb09-en0072-69-13058 1
130 0 clueweb09-en0003-88-31170 -2
114 0 clueweb09-en0053-26-19464 0
130 0 clueweb09-en0008-31-33999 0
128 0 clueweb09-en0008-08-08537 0
129 0 clueweb09-en0001-28-16101 0
129 0 clueweb09-en0001-28-16100 0
149 0 clueweb09-enwp00-82-00758 0
133 0 clueweb09-en0010-98-18711 0
139 0 clueweb09-en0037-16-01596 0
130 0 clueweb09-en0001-65-19805 3
119 0 clueweb09-en0025-36-08992 2
116 0 clueweb09-en0011-21-33357 0
115 0 clueweb09-en0002-85-30999 0
125 0 clueweb09-en0060-41-12217 0
133 0 clueweb09-en0009-61-35400 0
138 0 clueweb09-en0038-72-29681 0
139 0 clueweb09-en0022-63-17478 0
135 0 clueweb09-en0000-39-04460 0
128 0 clueweb09-en0077-94-33020 0
133 0 clueweb09-en0000-67-20962 0
137 0 clueweb09-en0006-61-33708 0
131 0 clueweb09-en0005-24-24959 -2
137 0 clueweb09-en0122-93-28935 1
133 0 clueweb09-en0000-43-27885 0
119 0 clueweb09-en0004-22-07924 2
116 0 clueweb09-en0120-30-21501 2
150 0 clueweb09-en0040-98-19782 0
146 0 clueweb09-en0009-70-00532 0
141 0 clueweb09-en0035-84-28528 1
117 0 clueweb09-en0011-75-27547 0
133 0 clueweb09-en0000-51-33933 0
140 0 clueweb09-en0007-82-11613 0
141 0 clueweb09-en0035-84-28530 2
114 0 clueweb09-en0009-35-00823 0
132 0 clueweb09-en0052-46-08269 0
114 0 clueweb09-en0008-45-42225 0
114 0 clueweb09-en0008-45-42222 0
147 0 clueweb09-en0008-89-07484 2
143 0 clueweb09-en0050-37-21666 0
148 0 clueweb09-en0056-19-24816 1
148 0 clueweb09-en0056-19-24815 2
148 0 clueweb09-en0056-19-24817 0
105 0 clueweb09-en0025-09-24557 0
104 0 clueweb09-en0006-12-01860 0
143 0 clueweb09-en0010-51-19912 0
106 0 clueweb09-en0001-07-00143 0
148 0 clueweb09-en0005-05-36863 2
104 0 clueweb09-en0105-60-08060 0
133 0 clueweb09-en0000-90-10260 1
136 0 clueweb09-en0008-79-23924 0
132 0 clueweb09-en0042-01-15725 0
101 0 clueweb09-en0054-53-05380 1
125 0 clueweb09-en0011-14-30542 1
146 0 clueweb09-en0064-42-03824 0
110 0 clueweb09-en0010-49-06313 0
145 0 clueweb09-en0004-04-13863 0
147 0 clueweb09-en0050-34-27723 2
119 0 clueweb09-en0008-97-15013 0
140 0 clueweb09-en0000-96-12661 0
107 0 clueweb09-en0011-94-07457 0
135 0 clueweb09-en0036-41-13944 0
132 0 clueweb09-en0002-21-40488 0
144 0 clueweb09-en0054-68-23677 0
144 0 clueweb09-en0054-68-23678 1
105 0 clueweb09-en0008-74-13842 0
135 0 clueweb09-en0004-50-21536 0
114 0 clueweb09-en0019-77-27170 1
137 0 clueweb09-en0010-88-05534 0
141 0 clueweb09-en0007-18-01336 0
119 0 clueweb09-en0011-58-19426 0
114 0 clueweb09-enwp01-85-09478 0
127 0 clueweb09-en0009-31-04990 0
114 0 clueweb09-en0008-27-18782 0
111 0 clueweb09-en0013-42-19029 2
136 0 clueweb09-en0002-76-22280 0
122 0 clueweb09-en0027-52-20412 0
146 0 clueweb09-en0008-78-04143 0
121 0 clueweb09-en0006-02-25756 0
105 0 clueweb09-en0062-47-25894 1
121 0 clueweb09-en0040-13-07826 2
119 0 clueweb09-en0034-78-41901 0
103 0 clueweb09-enwp02-28-06546 0
103 0 clueweb09-en0048-31-40180 2
121 0 clueweb09-en0006-02-25773 0
121 0 clueweb09-en0006-02-25772 1
150 0 clueweb09-en0004-42-19463 0
110 0 clueweb09-en0108-81-36049 0
120 0 clueweb09-en0092-27-10135 0
130 0 clueweb09-en0005-03-35103 0
116 0 clueweb09-en0007-81-08532 0
114 0 clueweb09-en0011-39-31244 0
136 0 clueweb09-en0008-01-17099 0
145 0 clueweb09-en0011-16-25568 0
133 0 clueweb09-en0012-46-09882 0
117 0 clueweb09-en0107-42-18424 2
123 0 clueweb09-en0005-65-43633 0
150 0 clueweb09-en0000-75-31420 0
114 0 clueweb09-en0047-89-09390 2
114 0 clueweb09-en0004-53-09448 0
120 0 clueweb09-en0018-16-01480 0
128 0 clueweb09-en0006-17-02923 0
124 0 clueweb09-en0076-84-08327 0
119 0 clueweb09-en0066-31-25170 0
144 0 clueweb09-en0006-23-03669 0
118 0 clueweb09-en0108-58-24429 2
121 0 clueweb09-en0006-47-04116 0
133 0 clueweb09-en0001-03-14492 0
143 0 clueweb09-en0004-16-18625 0
143 0 clueweb09-en0004-16-18624 0
111 0 clueweb09-en0008-30-32588 1
134 0 clueweb09-en0132-34-02585 1
132 0 clueweb09-en0076-60-40864 0
126 0 clueweb09-en0002-19-15651 0
135 0 clueweb09-en0105-21-29020 0
105 0 clueweb09-en0008-92-11096 0
119 0 clueweb09-en0007-10-00865 2
134 0 clueweb09-en0040-47-09255 0
125 0 clueweb09-en0097-39-05616 1
105 0 clueweb09-en0011-19-16915 1
147 0 clueweb09-en0010-56-07823 2
108 0 clueweb09-en0040-83-42041 2
114 0 clueweb09-en0009-56-24110 0
140 0 clueweb09-enwp01-65-05523 0
105 0 clueweb09-en0008-92-11083 0
103 0 clueweb09-en0005-29-38456 0
103 0 clueweb09-en0005-29-38454 0
145 0 clueweb09-en0025-53-28932 0
103 0 clueweb09-en0005-29-38463 0
103 0 clueweb09-en0005-29-38460 0
120 0 clueweb09-en0003-78-03332 0
148 0 clueweb09-en0004-90-06921 0
109 0 clueweb09-en0130-84-04864 0
103 0 clueweb09-en0005-29-38484 0
137 0 clueweb09-en0073-47-18908 1
131 0 clueweb09-en0010-22-26414 0
126 0 clueweb09-en0007-54-47003 0
133 0 clueweb09-en0039-04-07901 1
135 0 clueweb09-en0007-93-38564 0
150 0 clueweb09-en0011-41-12756 0
108 0 clueweb09-en0000-80-16898 0
150 0 clueweb09-en0011-41-12725 0
144 0 clueweb09-en0012-22-09632 1
104 0 clueweb09-en0037-55-14776 0
141 0 clueweb09-en0092-22-22880 0
147 0 clueweb09-en0006-18-21046 2
141 0 clueweb09-en0092-22-22883 0
141 0 clueweb09-en0092-22-22884 0
141 0 clueweb09-en0092-22-22881 0
141 0 clueweb09-en0092-22-22882 0
103 0 clueweb09-en0005-29-38405 0
146 0 clueweb09-en0092-20-22663 0
142 0 clueweb09-en0003-85-17877 0
103 0 clueweb09-en0008-28-17995 2
133 0 clueweb09-en0018-41-15470 0
136 0 clueweb09-en0023-96-30161 0
133 0 clueweb09-en0002-81-13445 1
138 0 clueweb09-en0044-72-25846 0
104 0 clueweb09-en0001-01-04174 0
104 0 clueweb09-en0001-01-04176 0
146 0 clueweb09-en0007-94-28647 0
115 0 clueweb09-en0009-82-39729 0
149 0 clueweb09-en0040-91-41443 0
137 0 clueweb09-en0027-51-39181 3
108 0 clueweb09-en0004-24-16359 0
130 0 clueweb09-en0005-84-31598 0
135 0 clueweb09-en0005-87-33931 0
125 0 clueweb09-en0000-79-06309 0
123 0 clueweb09-en0003-24-16460 2
146 0 clueweb09-en0005-53-39219 0
103 0 clueweb09-en0005-29-38607 0
144 0 clueweb09-en0041-67-06319 0
144 0 clueweb09-en0041-67-06317 0
144 0 clueweb09-en0041-67-06318 0
144 0 clueweb09-en0041-67-06315 0
144 0 clueweb09-en0041-67-06316 0
144 0 clueweb09-en0041-67-06313 0
144 0 clueweb09-en0041-67-06314 0
144 0 clueweb09-en0046-32-07317 0
125 0 clueweb09-en0031-17-15524 0
143 0 clueweb09-en0087-80-32121 0
133 0 clueweb09-en0005-69-32402 0
149 0 clueweb09-en0055-18-04629 0
134 0 clueweb09-en0015-59-09739 0
118 0 clueweb09-en0010-49-04041 0
134 0 clueweb09-en0015-59-09738 0
104 0 clueweb09-en0004-89-14707 0
118 0 clueweb09-en0007-93-19930 0
142 0 clueweb09-en0023-71-38636 0
111 0 clueweb09-en0008-21-31909 3
150 0 clueweb09-en0039-66-06454 0
103 0 clueweb09-en0002-37-20250 2
116 0 clueweb09-en0005-28-12571 0
144 0 clueweb09-en0041-67-06293 0
125 0 clueweb09-en0010-69-19878 1
111 0 clueweb09-en0000-61-19248 0
127 0 clueweb09-en0025-58-27329 0
144 0 clueweb09-en0041-67-06287 1
107 0 clueweb09-en0053-85-36447 0
148 0 clueweb09-en0010-13-05061 1
108 0 clueweb09-en0004-25-26446 0
103 0 clueweb09-en0026-98-04640 1
121 0 clueweb09-en0022-44-19302 1
108 0 clueweb09-en0000-37-11459 0
111 0 clueweb09-en0000-47-08761 1
118 0 clueweb09-en0010-27-19856 0
124 0 clueweb09-en0011-34-09644 0
132 0 clueweb09-en0008-69-10291 0
123 0 clueweb09-en0011-28-21136 2
120 0 clueweb09-en0037-06-03535 0
117 0 clueweb09-en0048-64-30678 0
134 0 clueweb09-en0028-50-06100 0
131 0 clueweb09-en0006-45-23812 0
118 0 clueweb09-en0003-14-18473 0
103 0 clueweb09-en0008-97-25623 -2
134 0 clueweb09-en0023-01-36897 0
130 0 clueweb09-en0129-32-14895 3
149 0 clueweb09-en0026-49-02498 0
101 0 clueweb09-en0001-69-04553 0
130 0 clueweb09-en0000-55-09104 1
103 0 clueweb09-en0068-79-41810 2
145 0 clueweb09-en0075-78-09696 1
132 0 clueweb09-en0010-61-12405 0
132 0 clueweb09-en0010-61-12404 0
148 0 clueweb09-en0045-08-23336 0
108 0 clueweb09-en0025-65-35717 2
118 0 clueweb09-en0008-68-27595 0
119 0 clueweb09-en0005-86-25595 1
102 0 clueweb09-en0005-25-17247 0
145 0 clueweb09-en0023-32-23363 0
139 0 clueweb09-en0081-63-14524 0
121 0 clueweb09-en0008-03-34287 0
102 0 clueweb09-en0008-64-21623 0
147 0 clueweb09-en0072-34-20909 1
114 0 clueweb09-en0000-56-03099 1
133 0 clueweb09-en0001-39-12719 1
120 0 clueweb09-en0071-57-09477 0
134 0 clueweb09-en0001-42-07569 0
111 0 clueweb09-en0011-74-27356 3
126 0 clueweb09-en0001-14-19288 0
107 0 clueweb09-en0001-06-32027 0
147 0 clueweb09-en0078-66-12619 0
149 0 clueweb09-en0008-10-11732 0
132 0 clueweb09-en0010-61-12452 0
132 0 clueweb09-en0010-61-12453 0
134 0 clueweb09-en0000-76-23754 0
149 0 clueweb09-en0010-31-27455 0
143 0 clueweb09-en0004-16-18846 0
105 0 clueweb09-en0008-91-00280 0
134 0 clueweb09-en0006-25-36626 0
117 0 clueweb09-en0033-57-34759 3
132 0 clueweb09-en0010-61-12430 0
132 0 clueweb09-en0010-61-12447 2
130 0 clueweb09-en0091-23-32832 0
132 0 clueweb09-en0010-61-12442 0
132 0 clueweb09-en0010-61-12440 0
132 0 clueweb09-en0010-61-12445 2
132 0 clueweb09-en0010-61-12446 2
132 0 clueweb09-en0010-61-12443 2
132 0 clueweb09-en0010-61-12444 0
132 0 clueweb09-en0010-61-12414 0
132 0 clueweb09-en0010-61-12415 0
117 0 clueweb09-en0068-88-08120 0
126 0 clueweb09-en0032-00-24468 0
136 0 clueweb09-en0005-61-26870 0
123 0 clueweb09-en0066-71-27456 2
132 0 clueweb09-en0010-61-12428 0
107 0 clueweb09-en0033-53-09830 0
133 0 clueweb09-en0005-71-09892 0
132 0 clueweb09-en0010-61-12420 0
132 0 clueweb09-en0010-61-12421 0
145 0 clueweb09-en0037-75-29695 0
133 0 clueweb09-en0008-50-27073 1
128 0 clueweb09-en0003-99-20205 0
123 0 clueweb09-en0004-55-35084 2
140 0 clueweb09-enwp01-29-04701 0
107 0 clueweb09-en0010-18-27024 0
107 0 clueweb09-en0011-94-04069 0
121 0 clueweb09-en0085-05-26569 2
120 0 clueweb09-en0133-29-45255 0
133 0 clueweb09-en0010-70-36476 1
106 0 clueweb09-en0096-43-14685 0
147 0 clueweb09-en0000-88-09539 1
118 0 clueweb09-en0005-99-33491 0
116 0 clueweb09-en0000-09-00581 1
143 0 clueweb09-en0010-42-04799 0
114 0 clueweb09-en0009-94-35607 0
122 0 clueweb09-en0005-28-10545 0
114 0 clueweb09-en0003-80-04069 0
126 0 clueweb09-en0030-88-21766 0
137 0 clueweb09-en0017-03-32488 1
117 0 clueweb09-en0025-86-12869 1
137 0 clueweb09-en0012-76-23311 3
132 0 clueweb09-en0009-67-35716 2
144 0 clueweb09-en0014-05-31274 0
145 0 clueweb09-en0016-44-13354 1
120 0 clueweb09-en0009-56-23345 0
106 0 clueweb09-en0064-40-01185 0
104 0 clueweb09-en0040-62-19218 0
127 0 clueweb09-en0025-25-10982 0
128 0 clueweb09-en0005-83-10079 0
146 0 clueweb09-en0053-66-03667 0
148 0 clueweb09-en0095-73-22144 1
133 0 clueweb09-en0000-30-07106 0
124 0 clueweb09-en0000-61-26262 -2
102 0 clueweb09-en0008-78-29697 0
144 0 clueweb09-en0006-73-00209 0
117 0 clueweb09-en0006-58-35528 0
135 0 clueweb09-en0096-72-34487 0
109 0 clueweb09-en0004-44-35573 0
108 0 clueweb09-en0005-37-25872 0
145 0 clueweb09-en0037-75-29692 0
136 0 clueweb09-en0005-31-20589 0
139 0 clueweb09-en0053-17-19028 0
140 0 clueweb09-en0006-02-12848 0
147 0 clueweb09-en0011-37-20943 0
122 0 clueweb09-en0028-37-32473 0
143 0 clueweb09-en0008-06-11368 0
136 0 clueweb09-en0005-31-20574 0
144 0 clueweb09-en0007-04-01555 0
130 0 clueweb09-en0000-24-26752 1
121 0 clueweb09-en0022-44-19187 1
149 0 clueweb09-en0001-77-05755 0
140 0 clueweb09-en0008-81-10389 0
102 0 clueweb09-en0000-31-10666 0
104 0 clueweb09-en0001-01-04351 0
105 0 clueweb09-en0005-84-33705 0
121 0 clueweb09-en0022-44-19199 0
138 0 clueweb09-en0000-16-13601 1
102 0 clueweb09-en0000-31-10670 0
127 0 clueweb09-en0007-77-19403 0
118 0 clueweb09-en0010-68-18770 0
125 0 clueweb09-en0008-45-09229 0
104 0 clueweb09-en0091-90-32988 2
146 0 clueweb09-en0007-94-28448 0
106 0 clueweb09-en0009-21-12971 0
146 0 clueweb09-en0007-94-28454 0
146 0 clueweb09-en0007-94-28452 0
149 0 clueweb09-en0006-68-38815 0
129 0 clueweb09-en0001-46-30682 0
111 0 clueweb09-en0018-56-02240 0
116 0 clueweb09-en0005-25-23923 1
106 0 clueweb09-en0000-56-07677 0
133 0 clueweb09-en0001-48-28888 0
104 0 clueweb09-en0000-32-04140 0
143 0 clueweb09-en0004-16-18789 0
121 0 clueweb09-en0004-17-10485 1
131 0 clueweb09-en0007-85-26500 0
133 0 clueweb09-en0002-73-20428 0
114 0 clueweb09-en0011-65-01794 0
124 0 clueweb09-en0003-26-16591 0
132 0 clueweb09-en0045-21-00421 0
149 0 clueweb09-en0092-81-19440 1
135 0 clueweb09-en0000-59-30980 0
138 0 clueweb09-en0005-12-32995 0
106 0 clueweb09-en0004-49-41821 0
132 0 clueweb09-en0010-61-12390 0
103 0 clueweb09-en0005-29-38381 0
127 0 clueweb09-en0007-05-23889 0
134 0 clueweb09-en0002-73-02119 0
129 0 clueweb09-en0000-61-32819 0
149 0 clueweb09-en0073-62-04476 0
128 0 clueweb09-en0011-57-21107 0
143 0 clueweb09-en0004-16-18803 0
122 0 clueweb09-en0057-48-14991 0
114 0 clueweb09-en0132-39-41799 0
118 0 clueweb09-en0009-86-38617 0
119 0 clueweb09-en0010-86-27618 0
114 0 clueweb09-en0011-65-01807 0
116 0 clueweb09-en0008-58-26139 3
147 0 clueweb09-en0000-08-18566 0
126 0 clueweb09-en0011-45-29017 0
106 0 clueweb09-en0004-70-04557 0
138 0 clueweb09-en0005-00-24237 0
105 0 clueweb09-en0004-54-10351 1
130 0 clueweb09-en0009-40-13567 1
144 0 clueweb09-en0014-05-31194 1
130 0 clueweb09-en0009-40-13568 1
111 0 clueweb09-en0026-57-18246 3
111 0 clueweb09-en0026-57-18245 3
111 0 clueweb09-en0026-57-18244 3
111 0 clueweb09-en0026-57-18243 3
126 0 clueweb09-en0131-62-39593 0
144 0 clueweb09-en0014-05-31189 0
148 0 clueweb09-en0035-33-00831 1
131 0 clueweb09-en0011-12-09620 0
148 0 clueweb09-en0010-37-27558 0
135 0 clueweb09-en0009-02-15262 0
130 0 clueweb09-en0005-72-14976 0
132 0 clueweb09-en0008-17-14260 0
115 0 clueweb09-en0017-59-11899 0
140 0 clueweb09-en0002-25-10701 0
133 0 clueweb09-en0011-93-04361 0
129 0 clueweb09-en0009-15-34226 0
104 0 clueweb09-en0000-58-00948 -2
131 0 clueweb09-en0008-87-39089 0
126 0 clueweb09-en0011-41-29879 0
117 0 clueweb09-en0007-68-10496 0
124 0 clueweb09-en0004-55-29301 0
123 0 clueweb09-en0004-87-14883 2
116 0 clueweb09-en0124-15-13345 1
128 0 clueweb09-en0007-80-33178 2
128 0 clueweb09-en0007-80-33177 2
107 0 clueweb09-en0004-04-08253 0
128 0 clueweb09-en0007-80-33169 0
128 0 clueweb09-en0007-80-33167 2
114 0 clueweb09-en0025-43-26758 0
107 0 clueweb09-en0092-76-08183 0
138 0 clueweb09-en0002-33-01567 0
128 0 clueweb09-en0025-78-39699 0
126 0 clueweb09-en0011-03-04824 0
121 0 clueweb09-en0009-45-04203 0
110 0 clueweb09-en0007-55-08524 0
136 0 clueweb09-en0009-60-01486 0
128 0 clueweb09-en0030-75-00700 0
118 0 clueweb09-en0132-47-41448 0
126 0 clueweb09-en0011-41-29867 1
126 0 clueweb09-en0011-41-29865 0
131 0 clueweb09-en0004-35-33569 0
131 0 clueweb09-en0021-73-02199 0
145 0 clueweb09-en0010-79-19518 1
111 0 clueweb09-en0012-71-06494 1
105 0 clueweb09-en0000-29-24722 0
130 0 clueweb09-en0005-46-27933 0
118 0 clueweb09-en0132-47-41452 1
123 0 clueweb09-en0008-21-13959 2
105 0 clueweb09-en0001-11-20980 0
102 0 clueweb09-en0003-13-19421 0
147 0 clueweb09-en0026-52-18461 2
148 0 clueweb09-en0010-13-05310 1
104 0 clueweb09-en0006-91-00452 0
147 0 clueweb09-en0009-44-19879 0
110 0 clueweb09-en0004-03-18765 1
124 0 clueweb09-en0000-83-25301 1
111 0 clueweb09-en0024-95-31589 0
135 0 clueweb09-en0007-44-26595 0
147 0 clueweb09-en0012-62-09193 2
106 0 clueweb09-en0003-19-04070 0
133 0 clueweb09-en0002-88-21102 0
101 0 clueweb09-en0008-24-24500 0
110 0 clueweb09-en0007-55-08509 0
107 0 clueweb09-en0078-12-02151 1
140 0 clueweb09-en0001-48-24578 0
146 0 clueweb09-en0064-37-17064 0
134 0 clueweb09-en0113-01-10521 0
132 0 clueweb09-en0054-19-17017 0
146 0 clueweb09-en0011-58-19575 0
136 0 clueweb09-enwp01-22-03197 0
142 0 clueweb09-en0009-37-31567 1
134 0 clueweb09-en0007-65-43050 0
131 0 clueweb09-en0011-49-10612 0
130 0 clueweb09-en0090-67-36466 0
124 0 clueweb09-en0004-55-29292 0
118 0 clueweb09-en0009-01-41459 0
135 0 clueweb09-en0005-61-26764 0
135 0 clueweb09-en0079-80-07418 2
133 0 clueweb09-en0004-77-34956 0
137 0 clueweb09-en0114-68-22859 2
145 0 clueweb09-en0012-93-41420 1
139 0 clueweb09-en0007-52-15851 0
130 0 clueweb09-en0004-04-34128 1
108 0 clueweb09-en0049-42-14017 0
129 0 clueweb09-en0015-58-00559 0
147 0 clueweb09-en0010-32-12840 1
144 0 clueweb09-en0115-79-36071 0
133 0 clueweb09-enwp00-55-21429 1
105 0 clueweb09-en0026-54-18240 1
129 0 clueweb09-en0045-91-13605 0
135 0 clueweb09-en0006-54-03603 0
122 0 clueweb09-en0003-51-24365 0
122 0 clueweb09-en0003-51-24363 0
148 0 clueweb09-en0053-01-37171 1
109 0 clueweb09-en0009-22-28256 0
137 0 clueweb09-en0039-52-13802 2
110 0 clueweb09-en0005-41-31467 0
122 0 clueweb09-en0003-51-24377 0
125 0 clueweb09-en0004-29-25046 0
146 0 clueweb09-en0024-73-19668 0
133 0 clueweb09-en0011-57-15053 0
125 0 clueweb09-en0009-03-33464 0
138 0 clueweb09-en0023-28-14299 0
101 0 clueweb09-en0002-25-14422 0
129 0 clueweb09-en0046-31-22772 0
136 0 clueweb09-en0024-77-19442 0
130 0 clueweb09-en0000-64-07267 3
138 0 clueweb09-en0054-32-08877 0
132 0 clueweb09-en0007-42-38625 0
114 0 clueweb09-en0005-75-35702 0
142 0 clueweb09-en0049-51-01152 0
101 0 clueweb09-en0011-71-15097 0
143 0 clueweb09-en0051-81-18842 1
143 0 clueweb09-en0051-81-18843 1
143 0 clueweb09-en0051-81-18841 1
106 0 clueweb09-en0034-96-21420 0
110 0 clueweb09-en0064-36-14812 1
127 0 clueweb09-en0022-01-30036 0
127 0 clueweb09-en0022-01-30035 0
110 0 clueweb09-en0009-14-20922 0
127 0 clueweb09-en0009-98-18150 0
118 0 clueweb09-en0008-41-24619 -2
148 0 clueweb09-en0011-88-18902 0
148 0 clueweb09-en0011-88-18901 0
142 0 clueweb09-en0009-37-31454 0
148 0 clueweb09-en0082-56-00703 0
121 0 clueweb09-en0121-08-15554 2
148 0 clueweb09-en0082-56-00711 0
119 0 clueweb09-en0024-25-08371 2
120 0 clueweb09-en0008-86-30427 0
116 0 clueweb09-en0077-19-04900 0
130 0 clueweb09-en0005-38-19588 0
114 0 clueweb09-en0080-90-19576 1
136 0 clueweb09-en0005-14-09699 0
131 0 clueweb09-en0005-37-38382 0
135 0 clueweb09-en0052-06-33107 0
118 0 clueweb09-en0004-87-08824 0
118 0 clueweb09-en0004-87-08823 0
134 0 clueweb09-en0036-66-04122 0
121 0 clueweb09-en0006-50-12939 0
111 0 clueweb09-en0011-34-11071 0
105 0 clueweb09-enwp01-31-03948 0
128 0 clueweb09-en0000-10-21253 0
116 0 clueweb09-en0006-69-30871 2
134 0 clueweb09-en0001-84-15163 0
144 0 clueweb09-en0052-52-40175 0
114 0 clueweb09-en0010-18-27749 0
132 0 clueweb09-en0010-21-01828 0
150 0 clueweb09-en0011-52-03677 0
141 0 clueweb09-en0021-16-18762 0
149 0 clueweb09-en0001-28-20712 0
139 0 clueweb09-en0006-96-19676 0
149 0 clueweb09-en0003-57-14820 0
124 0 clueweb09-en0003-54-23453 0
123 0 clueweb09-en0054-40-26541 2
120 0 clueweb09-en0010-59-31404 0
136 0 clueweb09-en0024-03-38946 0
136 0 clueweb09-en0008-90-07392 0
120 0 clueweb09-en0002-00-26624 0
104 0 clueweb09-en0004-07-02797 0
126 0 clueweb09-en0002-08-14421 0
129 0 clueweb09-en0102-73-12525 0
138 0 clueweb09-en0076-55-28465 0
138 0 clueweb09-en0109-52-38263 0
114 0 clueweb09-en0006-18-26075 0
135 0 clueweb09-en0006-22-23094 0
106 0 clueweb09-en0009-21-31544 0
138 0 clueweb09-en0014-02-19364 0
114 0 clueweb09-en0000-18-11619 0
131 0 clueweb09-en0005-69-31886 0
131 0 clueweb09-en0005-69-31887 0
132 0 clueweb09-en0010-80-26865 0
121 0 clueweb09-en0121-52-09551 1
131 0 clueweb09-en0005-69-31899 0
114 0 clueweb09-en0067-80-17032 1
118 0 clueweb09-en0008-66-23442 0
139 0 clueweb09-en0001-63-29922 0
102 0 clueweb09-en0007-98-05165 0
126 0 clueweb09-en0003-01-10376 0
144 0 clueweb09-en0017-16-34057 0
118 0 clueweb09-en0005-78-28182 0
145 0 clueweb09-en0011-42-31340 1
102 0 clueweb09-en0008-71-01423 0
137 0 clueweb09-en0008-86-10998 1
103 0 clueweb09-en0038-93-31403 2
133 0 clueweb09-en0018-49-28494 0
111 0 clueweb09-en0000-95-28886 0
132 0 clueweb09-en0009-21-20768 0
130 0 clueweb09-en0013-48-06510 2
134 0 clueweb09-en0078-81-03657 0
121 0 clueweb09-en0001-17-26886 0
146 0 clueweb09-en0010-96-21363 0
142 0 clueweb09-en0058-24-13701 1
114 0 clueweb09-en0012-87-38332 0
132 0 clueweb09-en0009-21-20786 0
130 0 clueweb09-en0005-24-23208 0
130 0 clueweb09-en0133-29-21381 3
120 0 clueweb09-en0067-20-21139 0
120 0 clueweb09-en0011-54-39565 0
120 0 clueweb09-en0011-54-39568 0
118 0 clueweb09-en0010-45-10953 0
139 0 clueweb09-en0006-27-28490 0
125 0 clueweb09-en0024-20-15553 1
132 0 clueweb09-en0008-30-02810 0
136 0 clueweb09-en0017-25-10018 0
135 0 clueweb09-en0009-26-14382 0
118 0 clueweb09-en0011-56-33490 0
133 0 clueweb09-en0010-05-02826 0
122 0 clueweb09-en0010-40-35660 0
150 0 clueweb09-en0003-58-03532 0
107 0 clueweb09-en0004-50-21125 0
133 0 clueweb09-en0012-44-38433 0
110 0 clueweb09-en0009-74-07049 0
127 0 clueweb09-en0037-48-01438 1
116 0 clueweb09-en0006-69-30751 2
127 0 clueweb09-en0037-48-01440 0
117 0 clueweb09-en0009-62-31613 0
117 0 clueweb09-en0001-30-10102 0
137 0 clueweb09-en0005-71-29240 1
131 0 clueweb09-en0007-82-02476 0
120 0 clueweb09-en0021-88-11814 0
121 0 clueweb09-en0005-58-33280 0
141 0 clueweb09-en0001-32-13116 0
108 0 clueweb09-en0032-11-26928 0
103 0 clueweb09-en0036-58-19318 2
141 0 clueweb09-en0001-32-13107 0
111 0 clueweb09-en0013-03-24558 1
107 0 clueweb09-en0133-29-28163 0
126 0 clueweb09-en0010-54-17550 0
125 0 clueweb09-en0043-25-12537 1
136 0 clueweb09-en0004-11-26756 0
116 0 clueweb09-en0011-42-10742 1
118 0 clueweb09-en0010-73-19428 0
128 0 clueweb09-en0011-14-18009 0
145 0 clueweb09-en0004-41-07016 0
133 0 clueweb09-en0008-01-39975 0
116 0 clueweb09-en0011-42-10757 1
144 0 clueweb09-en0010-61-31460 1
114 0 clueweb09-en0010-21-29553 0
101 0 clueweb09-en0008-24-24493 0
131 0 clueweb09-en0005-69-31902 0
144 0 clueweb09-en0087-47-15720 0
133 0 clueweb09-en0002-42-10263 0
125 0 clueweb09-en0010-77-07124 0
111 0 clueweb09-en0011-89-01953 0
148 0 clueweb09-en0013-04-07974 0
148 0 clueweb09-en0013-04-07973 2
140 0 clueweb09-en0095-76-03920 0
101 0 clueweb09-en0007-71-07471 0
137 0 clueweb09-en0001-15-00847 2
127 0 clueweb09-en0007-20-35695 0
128 0 clueweb09-en0000-47-08604 0
124 0 clueweb09-en0009-27-11756 0
143 0 clueweb09-en0005-42-02798 0
120 0 clueweb09-en0008-81-22383 0
119 0 clueweb09-en0012-96-21908 0
145 0 clueweb09-en0010-41-37295 0
110 0 clueweb09-en0087-49-05982 2
134 0 clueweb09-en0068-85-02417 0
150 0 clueweb09-en0011-41-12654 0
136 0 clueweb09-en0008-34-04574 0
139 0 clueweb09-en0009-23-27946 0
139 0 clueweb09-en0003-84-03300 0
118 0 clueweb09-en0010-45-10688 0
136 0 clueweb09-en0020-58-24392 0
118 0 clueweb09-en0010-45-10695 0
133 0 clueweb09-en0009-84-12979 1
104 0 clueweb09-en0011-21-29318 0
136 0 clueweb09-en0006-29-01411 0
102 0 clueweb09-en0002-57-36032 0
132 0 clueweb09-en0039-10-28192 0
114 0 clueweb09-en0036-22-01552 0
147 0 clueweb09-en0003-22-08738 0
127 0 clueweb09-en0023-35-05594 1
117 0 clueweb09-en0010-88-17550 1
131 0 clueweb09-en0005-69-32556 0
114 0 clueweb09-en0022-99-30135 0
119 0 clueweb09-en0110-16-25504 0
116 0 clueweb09-en0006-69-30684 2
116 0 clueweb09-en0006-69-30685 2
134 0 clueweb09-en0006-46-03570 0
128 0 clueweb09-en0008-58-00699 0
104 0 clueweb09-en0000-75-30538 0
119 0 clueweb09-en0010-13-15785 1
131 0 clueweb09-en0007-84-37338 0
122 0 clueweb09-en0005-92-13580 0
136 0 clueweb09-en0006-29-01493 0
123 0 clueweb09-en0024-72-32548 0
104 0 clueweb09-en0008-00-38317 0
136 0 clueweb09-en0004-04-18308 0
149 0 clueweb09-en0009-26-16917 0
107 0 clueweb09-en0007-99-09108 0
117 0 clueweb09-en0008-11-00871 1
129 0 clueweb09-en0051-33-37440 0
121 0 clueweb09-en0009-41-36934 0
142 0 clueweb09-en0005-49-40181 0
147 0 clueweb09-en0018-77-29438 1
128 0 clueweb09-en0010-65-21242 2
136 0 clueweb09-en0005-51-31338 0
114 0 clueweb09-en0073-00-11487 0
124 0 clueweb09-en0012-79-15769 1
147 0 clueweb09-en0093-68-08610 2
121 0 clueweb09-en0000-24-23499 0
149 0 clueweb09-en0008-32-24252 0
121 0 clueweb09-en0000-24-23493 0
126 0 clueweb09-en0005-25-25719 0
121 0 clueweb09-en0000-24-23485 0
136 0 clueweb09-en0005-51-31313 -2
149 0 clueweb09-en0019-32-20716 0
122 0 clueweb09-en0005-92-13584 0
116 0 clueweb09-en0010-68-18656 1
124 0 clueweb09-en0041-79-12011 0
147 0 clueweb09-en0001-27-04284 0
132 0 clueweb09-en0010-69-34416 2
131 0 clueweb09-en0005-69-32537 0
106 0 clueweb09-en0009-42-19184 0
106 0 clueweb09-en0009-42-19183 0
129 0 clueweb09-en0006-59-35456 0
131 0 clueweb09-en0021-77-22325 0
135 0 clueweb09-en0009-90-00561 0
105 0 clueweb09-en0011-73-21785 1
123 0 clueweb09-en0004-49-40979 1
133 0 clueweb09-en0008-77-20168 0
112 0 clueweb09-en0024-82-29062 0
145 0 clueweb09-en0001-00-20061 2
105 0 clueweb09-en0011-73-21776 0
122 0 clueweb09-en0025-81-25939 0
110 0 clueweb09-en0035-27-02831 0
107 0 clueweb09-en0063-54-35027 0
142 0 clueweb09-en0023-81-20410 0
126 0 clueweb09-en0003-59-33872 0
123 0 clueweb09-en0011-68-32076 0
140 0 clueweb09-en0001-05-23691 0
126 0 clueweb09-en0003-51-05591 0
140 0 clueweb09-en0007-89-03010 0
133 0 clueweb09-en0040-94-38178 0
109 0 clueweb09-en0009-40-00529 0
133 0 clueweb09-en0011-88-33314 0
120 0 clueweb09-en0009-16-37583 0
133 0 clueweb09-en0009-80-04457 0
133 0 clueweb09-en0004-70-02159 1
114 0 clueweb09-en0121-55-11419 0
130 0 clueweb09-en0102-52-20523 1
105 0 clueweb09-enwp01-36-05128 0
135 0 clueweb09-en0038-68-05572 0
134 0 clueweb09-en0005-27-12393 0
122 0 clueweb09-en0005-92-13626 0
135 0 clueweb09-en0010-08-11150 0
135 0 clueweb09-en0010-08-11155 0
130 0 clueweb09-en0006-51-07853 0
135 0 clueweb09-en0003-52-05858 0
111 0 clueweb09-en0040-79-23690 3
104 0 clueweb09-en0010-19-18110 0
145 0 clueweb09-en0005-27-38105 0
111 0 clueweb09-en0040-79-23691 3
111 0 clueweb09-en0040-79-23692 3
111 0 clueweb09-en0040-79-23685 3
104 0 clueweb09-en0010-19-18108 0
109 0 clueweb09-en0054-78-16538 0
111 0 clueweb09-en0040-79-23688 3
144 0 clueweb09-en0007-93-24525 0
114 0 clueweb09-en0005-19-32948 0
149 0 clueweb09-en0001-12-03645 0
114 0 clueweb09-en0040-34-21181 1
106 0 clueweb09-en0006-79-11103 -2
135 0 clueweb09-en0006-22-14646 0
126 0 clueweb09-en0106-77-19071 0
141 0 clueweb09-en0019-70-24365 0
111 0 clueweb09-en0009-26-16605 0
148 0 clueweb09-en0005-49-40190 0
136 0 clueweb09-en0000-42-05378 0
141 0 clueweb09-en0019-70-24358 0
141 0 clueweb09-en0019-70-24361 0
132 0 clueweb09-en0006-16-06277 0
126 0 clueweb09-en0003-59-33908 1
144 0 clueweb09-en0008-38-37186 0
145 0 clueweb09-en0009-22-01091 0
142 0 clueweb09-en0037-68-26323 0
126 0 clueweb09-en0028-06-00122 0
121 0 clueweb09-en0001-17-15434 1
123 0 clueweb09-en0013-03-24612 0
142 0 clueweb09-en0037-68-26329 0
126 0 clueweb09-en0028-06-00119 0
115 0 clueweb09-en0001-08-01579 0
133 0 clueweb09-en0001-46-21260 1
138 0 clueweb09-en0011-26-30801 0
139 0 clueweb09-en0003-44-18296 0
106 0 clueweb09-en0010-43-26478 0
142 0 clueweb09-en0008-62-37931 0
115 0 clueweb09-en0001-08-01593 0
115 0 clueweb09-en0001-08-01591 0
115 0 clueweb09-en0001-08-01592 0
115 0 clueweb09-en0001-08-01590 0
128 0 clueweb09-en0090-52-31814 0
121 0 clueweb09-en0000-24-23501 0
141 0 clueweb09-en0000-55-06918 0
135 0 clueweb09-en0015-29-25683 0
105 0 clueweb09-en0022-23-14271 0
137 0 clueweb09-en0007-32-18762 0
104 0 clueweb09-en0058-84-12674 0
139 0 clueweb09-en0003-34-05593 0
123 0 clueweb09-en0083-66-17213 2
133 0 clueweb09-en0011-82-05765 0
102 0 clueweb09-en0127-74-29913 1
102 0 clueweb09-en0127-74-29914 1
149 0 clueweb09-en0011-98-31792 0
111 0 clueweb09-en0012-67-21362 1
111 0 clueweb09-en0008-35-45253 1
115 0 clueweb09-en0025-20-32630 0
105 0 clueweb09-en0004-46-21561 0
148 0 clueweb09-en0010-22-20825 0
115 0 clueweb09-en0004-00-29933 0
132 0 clueweb09-en0000-86-12558 0
144 0 clueweb09-en0011-78-22437 0
102 0 clueweb09-en0055-23-40214 0
104 0 clueweb09-en0008-48-11335 0
116 0 clueweb09-en0011-33-02179 1
123 0 clueweb09-en0045-88-35233 1
115 0 clueweb09-en0003-84-03265 0
107 0 clueweb09-en0039-33-34312 0
147 0 clueweb09-en0020-61-27619 1
145 0 clueweb09-en0008-03-24770 0
139 0 clueweb09-en0001-54-14878 0
131 0 clueweb09-en0001-24-30783 0
111 0 clueweb09-en0008-38-41252 2
111 0 clueweb09-en0008-38-41251 2
111 0 clueweb09-en0057-43-25237 -2
104 0 clueweb09-en0035-05-35030 0
106 0 clueweb09-en0109-85-04295 0
133 0 clueweb09-en0076-34-07323 1
132 0 clueweb09-en0127-99-22907 0
110 0 clueweb09-en0005-00-10331 0
132 0 clueweb09-en0011-58-19736 -2
121 0 clueweb09-en0001-84-18016 0
130 0 clueweb09-en0008-86-22212 0
146 0 clueweb09-en0006-55-07836 0
112 0 clueweb09-en0009-83-28901 0
132 0 clueweb09-en0041-51-14980 0
111 0 clueweb09-en0011-57-22217 3
123 0 clueweb09-en0048-56-26894 2
105 0 clueweb09-en0070-00-07947 1
144 0 clueweb09-en0006-95-11551 0
133 0 clueweb09-en0004-74-24941 0
118 0 clueweb09-en0010-28-25319 0
133 0 clueweb09-en0038-78-03857 0
138 0 clueweb09-en0049-76-25536 0
135 0 clueweb09-en0022-89-01003 0
102 0 clueweb09-en0008-06-01161 0
149 0 clueweb09-en0001-93-20942 0
111 0 clueweb09-en0005-11-31370 1
116 0 clueweb09-en0105-57-26794 1
121 0 clueweb09-en0008-75-36425 0
119 0 clueweb09-en0009-82-01790 1
119 0 clueweb09-en0009-82-01791 2
105 0 clueweb09-en0002-99-19685 0
140 0 clueweb09-en0008-02-19315 0
137 0 clueweb09-en0007-32-18803 0
134 0 clueweb09-en0007-08-15678 0
131 0 clueweb09-en0009-23-11934 0
127 0 clueweb09-en0009-76-20500 0
134 0 clueweb09-enwp00-18-04603 0
126 0 clueweb09-en0006-10-16591 0
139 0 clueweb09-en0011-79-29654 0
139 0 clueweb09-en0011-79-29656 0
135 0 clueweb09-en0005-81-41045 0
145 0 clueweb09-en0048-28-35779 0
143 0 clueweb09-en0007-21-03189 0
135 0 clueweb09-en0005-81-41030 0
104 0 clueweb09-en0006-79-20046 0
135 0 clueweb09-en0005-81-41020 0
124 0 clueweb09-en0006-84-32372 0
143 0 clueweb09-en0007-21-03190 0
125 0 clueweb09-en0051-09-41746 0
138 0 clueweb09-en0008-96-18910 0
141 0 clueweb09-en0006-03-33783 0
135 0 clueweb09-en0005-81-41039 0
135 0 clueweb09-en0009-90-09080 0
128 0 clueweb09-en0041-89-12429 0
131 0 clueweb09-en0000-04-15697 0
140 0 clueweb09-en0009-42-01281 0
146 0 clueweb09-en0120-28-04265 0
132 0 clueweb09-en0006-06-28433 0
139 0 clueweb09-en0079-84-09247 0
139 0 clueweb09-en0079-84-09243 0
139 0 clueweb09-en0079-84-09240 0
133 0 clueweb09-en0029-77-32818 1
116 0 clueweb09-en0036-77-18454 2
129 0 clueweb09-en0079-93-33982 0
141 0 clueweb09-en0006-03-33731 0
129 0 clueweb09-en0010-32-15584 0
130 0 clueweb09-en0011-34-03032 0
124 0 clueweb09-en0007-00-09937 0
124 0 clueweb09-en0007-00-09939 0
126 0 clueweb09-en0079-96-15795 0
124 0 clueweb09-en0007-00-09932 0
124 0 clueweb09-en0007-00-09931 0
124 0 clueweb09-en0007-00-09934 0
124 0 clueweb09-en0007-00-09933 0
124 0 clueweb09-en0007-00-09936 0
124 0 clueweb09-en0007-00-09935 0
138 0 clueweb09-en0080-21-24413 0
137 0 clueweb09-en0007-32-18696 0
124 0 clueweb09-en0007-00-09943 0
137 0 clueweb09-en0011-51-09889 0
116 0 clueweb09-en0004-20-28423 0
130 0 clueweb09-en0017-61-12554 1
102 0 clueweb09-en0010-24-24336 0
103 0 clueweb09-en0011-12-18390 0
101 0 clueweb09-en0010-56-30018 1
130 0 clueweb09-en0025-93-15622 1
119 0 clueweb09-en0009-59-21593 0
135 0 clueweb09-en0005-81-41098 0
147 0 clueweb09-en0011-03-04913 0
146 0 clueweb09-en0079-53-00200 0
104 0 clueweb09-en0040-47-24504 2
105 0 clueweb09-en0007-59-00916 1
137 0 clueweb09-en0003-05-04198 0
102 0 clueweb09-en0006-63-01860 0
144 0 clueweb09-en0052-61-30255 0
120 0 clueweb09-en0010-95-35643 0
125 0 clueweb09-en0001-64-14941 0
125 0 clueweb09-en0053-78-00188 0
105 0 clueweb09-en0121-71-12856 0
101 0 clueweb09-en0027-56-22831 0
111 0 clueweb09-en0002-26-08576 3
142 0 clueweb09-en0030-65-24544 0
131 0 clueweb09-en0009-22-36735 0
129 0 clueweb09-en0009-33-10916 0
147 0 clueweb09-en0008-70-07138 0
129 0 clueweb09-en0008-37-27096 0
119 0 clueweb09-en0000-57-08248 0
146 0 clueweb09-en0079-53-00197 0
146 0 clueweb09-en0079-53-00199 0
116 0 clueweb09-en0019-12-05441 3
145 0 clueweb09-en0009-29-16760 0
138 0 clueweb09-en0009-06-21433 0
124 0 clueweb09-en0006-84-32364 0
104 0 clueweb09-en0010-25-02363 0
114 0 clueweb09-en0037-90-03696 0
134 0 clueweb09-en0010-44-16307 0
147 0 clueweb09-en0003-44-21226 0
147 0 clueweb09-en0005-58-26909 2
128 0 clueweb09-en0036-38-32256 2
129 0 clueweb09-en0008-37-27054 0
107 0 clueweb09-en0009-18-16848 0
138 0 clueweb09-en0005-88-08884 0
104 0 clueweb09-en0006-79-20118 0