58 0 clueweb09-en0009-77-27565 0
79 0 clueweb09-en0002-11-23502 1
84 0 clueweb09-en0008-78-11731 1
79 0 clueweb09-en0002-98-32792 1
83 0 clueweb09-en0009-90-10321 0
72 0 clueweb09-en0027-47-08557 0
56 0 clueweb09-en0025-58-29262 0
59 0 clueweb09-en0002-43-28849 0
71 0 clueweb09-en0006-66-20416 0
84 0 clueweb09-en0002-83-28882 2
54 0 clueweb09-en0002-24-26964 0
82 0 clueweb09-en0008-52-26492 1
64 0 clueweb09-en0021-40-02835 2
94 0 clueweb09-en0000-07-24932 0
54 0 clueweb09-en0016-13-21883 0
70 0 clueweb09-en0051-44-26543 0
75 0 clueweb09-en0011-25-27358 2
71 0 clueweb09-en0032-38-12575 0
54 0 clueweb09-en0017-47-16346 1
87 0 clueweb09-en0010-36-13961 0
56 0 clueweb09-en0118-24-43336 0
71 0 clueweb09-en0019-45-32337 0
56 0 clueweb09-en0021-32-04896 0
98 0 clueweb09-en0010-27-07066 0
71 0 clueweb09-en0009-36-34056 0
71 0 clueweb09-en0009-36-34035 0
82 0 clueweb09-en0049-71-01539 2
87 0 clueweb09-en0031-04-20569 1
90 0 clueweb09-en0009-19-10717 0
85 0 clueweb09-en0082-27-07281 0
94 0 clueweb09-en0012-83-00047 0
91 0 clueweb09-en0000-36-16002 0
64 0 clueweb09-en0006-09-33462 1
75 0 clueweb09-en0022-49-10602 0
74 0 clueweb09-en0081-21-14810 0
63 0 clueweb09-en0011-37-24177 0
96 0 clueweb09-en0003-45-04980 0
72 0 clueweb09-en0057-55-08224 1
63 0 clueweb09-en0025-20-16641 0
78 0 clueweb09-en0127-99-44498 1
94 0 clueweb09-en0008-86-22104 0
68 0 clueweb09-en0038-58-07817 0
87 0 clueweb09-en0016-72-31171 0
59 0 clueweb09-en0079-19-31953 1
84 0 clueweb09-en0012-73-11669 2
69 0 clueweb09-en0024-20-15648 0
74 0 clueweb09-en0026-14-38593 0
52 0 clueweb09-enwp03-38-10842 0
70 0 clueweb09-en0008-32-38939 0
96 0 clueweb09-en0004-02-33246 0
73 0 clueweb09-en0003-43-08004 1
74 0 clueweb09-en0024-04-21688 0
96 0 clueweb09-en0012-43-15441 0
88 0 clueweb09-en0009-50-23188 0
94 0 clueweb09-en0005-04-04065 0
81 0 clueweb09-en0000-62-03892 0
56 0 clueweb09-en0004-26-15600 0
88 0 clueweb09-en0005-67-35263 0
55 0 clueweb09-en0073-66-20331 0
62 0 clueweb09-en0094-73-16702 0
96 0 clueweb09-en0123-67-40870 0
68 0 clueweb09-en0010-09-10301 0
88 0 clueweb09-en0127-80-29899 0
65 0 clueweb09-en0131-35-47127 0
88 0 clueweb09-en0079-28-28325 0
54 0 clueweb09-en0000-45-13479 1
55 0 clueweb09-en0009-57-41424 0
75 0 clueweb09-en0005-59-36546 2
94 0 clueweb09-en0011-72-09747 0
60 0 clueweb09-en0133-16-11815 1
56 0 clueweb09-en0007-24-16582 0
87 0 clueweb09-en0020-91-02344 0
75 0 clueweb09-en0021-42-21695 0
92 0 clueweb09-en0007-09-17443 0
86 0 clueweb09-en0005-31-06506 0
80 0 clueweb09-en0081-96-16900 0
77 0 clueweb09-en0006-77-03769 0
96 0 clueweb09-en0032-97-30205 0
92 0 clueweb09-en0005-70-09704 0
65 0 clueweb09-en0006-56-15879 0
54 0 clueweb09-en0009-46-02753 1
63 0 clueweb09-en0009-71-07452 1
80 0 clueweb09-en0027-62-12476 1
64 0 clueweb09-en0061-48-17392 1
68 0 clueweb09-en0001-94-02653 0
71 0 clueweb09-en0007-36-24159 1
92 0 clueweb09-en0011-06-19161 0
86 0 clueweb09-en0003-76-13930 0
72 0 clueweb09-en0001-72-21990 1
96 0 clueweb09-en0007-09-14691 0
64 0 clueweb09-en0012-99-13151 0
79 0 clueweb09-en0034-27-27217 1
64 0 clueweb09-en0038-19-23955 0
64 0 clueweb09-en0038-19-23949 1
51 0 clueweb09-en0010-03-30909 0
84 0 clueweb09-en0011-39-26948 2
58 0 clueweb09-en0000-84-02833 2
71 0 clueweb09-en0026-55-04623 0
51 0 clueweb09-en0023-33-01036 0
55 0 clueweb09-en0005-31-25475 0
93 0 clueweb09-en0011-81-02200 0
58 0 clueweb09-en0004-43-10859 1
92 0 clueweb09-en0016-65-20124 0
60 0 clueweb09-en0040-44-40037 1
75 0 clueweb09-en0003-60-21368 0
90 0 clueweb09-en0001-13-09425 0
62 0 clueweb09-en0011-58-31570 0
69 0 clueweb09-en0022-17-14331 0
92 0 clueweb09-en0002-16-16693 0
58 0 clueweb09-en0005-12-02710 0
70 0 clueweb09-en0001-32-01542 0
82 0 clueweb09-en0009-24-23522 0
81 0 clueweb09-en0008-01-24269 0
91 0 clueweb09-en0001-51-00107 0
70 0 clueweb09-en0001-32-01501 0
73 0 clueweb09-en0037-20-18993 1
72 0 clueweb09-en0013-13-24406 2
62 0 clueweb09-en0007-84-23867 0
52 0 clueweb09-en0003-78-03123 0
66 0 clueweb09-en0053-70-43966 0
84 0 clueweb09-en0011-57-15239 0
64 0 clueweb09-en0008-65-17269 0
70 0 clueweb09-en0008-90-05191 0
96 0 clueweb09-en0010-16-40809 0
88 0 clueweb09-en0001-99-12608 0
56 0 clueweb09-en0036-96-35148 2
56 0 clueweb09-enwp01-89-14221 0
92 0 clueweb09-en0001-80-29821 0
97 0 clueweb09-en0030-00-16449 1
86 0 clueweb09-en0005-07-31322 0
87 0 clueweb09-en0030-73-07607 0
78 0 clueweb09-en0000-06-13005 0
54 0 clueweb09-en0001-13-09714 1
70 0 clueweb09-en0008-31-28478 0
93 0 clueweb09-en0024-40-22754 0
79 0 clueweb09-en0000-47-32376 0
54 0 clueweb09-en0000-91-06556 1
51 0 clueweb09-en0008-37-05398 0
94 0 clueweb09-en0000-10-11519 0
86 0 clueweb09-en0002-91-15853 0
97 0 clueweb09-en0012-47-18805 2
61 0 clueweb09-en0063-52-06992 0
58 0 clueweb09-en0000-01-20208 0
83 0 clueweb09-en0000-02-23162 0
92 0 clueweb09-en0009-26-14668 0
81 0 clueweb09-en0009-34-17782 0
94 0 clueweb09-en0011-72-09586 0
82 0 clueweb09-en0022-14-37673 0
98 0 clueweb09-en0013-29-06264 0
62 0 clueweb09-en0027-08-15965 1
67 0 clueweb09-en0002-53-12321 0
62 0 clueweb09-en0027-08-15921 1
67 0 clueweb09-enwp00-53-08637 1
62 0 clueweb09-en0027-08-15996 0
68 0 clueweb09-en0010-09-10253 0
90 0 clueweb09-en0002-31-22472 0
61 0 clueweb09-en0040-98-07923 0
77 0 clueweb09-en0000-13-30627 0
87 0 clueweb09-en0009-57-41779 0
88 0 clueweb09-en0007-94-37363 0
94 0 clueweb09-en0000-10-11356 0
70 0 clueweb09-en0006-10-11583 0
70 0 clueweb09-en0011-81-17307 0
69 0 clueweb09-en0008-10-18170 0
86 0 clueweb09-en0010-20-16699 0
70 0 clueweb09-en0004-68-01658 0
58 0 clueweb09-en0133-23-03332 0
70 0 clueweb09-en0010-84-14296 0
83 0 clueweb09-en0001-18-16772 1
81 0 clueweb09-en0000-47-33066 1
82 0 clueweb09-en0028-06-07771 0
54 0 clueweb09-en0010-08-34493 0
52 0 clueweb09-en0023-09-19988 0
79 0 clueweb09-en0000-55-11473 2
88 0 clueweb09-en0036-96-37863 0
97 0 clueweb09-en0000-30-14358 0
55 0 clueweb09-en0010-08-06683 2
96 0 clueweb09-en0003-05-10455 0
92 0 clueweb09-en0133-50-06698 -2
87 0 clueweb09-en0011-50-26063 0
51 0 clueweb09-en0010-86-27049 0
51 0 clueweb09-en0010-86-27053 1
61 0 clueweb09-en0019-48-14339 0
70 0 clueweb09-enwp00-16-09686 0
89 0 clueweb09-en0004-96-15653 0
64 0 clueweb09-en0008-95-24301 2
84 0 clueweb09-en0004-27-23942 2
64 0 clueweb09-en0009-35-00676 1
70 0 clueweb09-en0023-00-03228 0
51 0 clueweb09-en0007-15-05458 0
58 0 clueweb09-en0008-16-35851 0
65 0 clueweb09-en0011-45-11420 0
94 0 clueweb09-en0000-10-11931 0
55 0 clueweb09-en0026-54-40696 0
66 0 clueweb09-en0129-93-10184 0
67 0 clueweb09-en0008-63-34252 1
83 0 clueweb09-en0019-79-13211 1
59 0 clueweb09-en0002-53-20163 3
99 0 clueweb09-en0010-78-32219 0
94 0 clueweb09-en0000-08-20417 0
64 0 clueweb09-en0007-66-08671 1
51 0 clueweb09-en0007-15-05425 0
60 0 clueweb09-en0011-33-09654 0
84 0 clueweb09-en0006-17-27912 2
93 0 clueweb09-en0038-55-01187 0
89 0 clueweb09-en0088-95-25525 1
88 0 clueweb09-en0008-32-15378 0
97 0 clueweb09-en0009-26-17790 2
63 0 clueweb09-en0060-65-11224 1
72 0 clueweb09-en0002-88-36222 1
56 0 clueweb09-en0090-35-29197 0
83 0 clueweb09-en0002-96-35752 1
56 0 clueweb09-en0013-72-06270 1
67 0 clueweb09-en0004-49-05650 0
68 0 clueweb09-en0092-58-44370 0
84 0 clueweb09-en0002-83-19055 1
91 0 clueweb09-en0010-45-35885 0
58 0 clueweb09-en0003-82-03704 0
99 0 clueweb09-en0009-31-09926 0
98 0 clueweb09-en0001-57-31349 1
70 0 clueweb09-en0006-99-04743 0
70 0 clueweb09-en0006-99-04741 0
82 0 clueweb09-en0001-09-30396 0
83 0 clueweb09-en0008-59-07457 0
54 0 clueweb09-en0002-37-02290 0
54 0 clueweb09-en0002-37-02291 0
81 0 clueweb09-en0011-93-21583 0
72 0 clueweb09-en0001-77-29101 1
59 0 clueweb09-en0007-84-23711 0
72 0 clueweb09-en0007-68-09203 0
56 0 clueweb09-en0009-44-07039 0
70 0 clueweb09-en0002-23-02267 0
54 0 clueweb09-en0009-23-03595 0
54 0 clueweb09-en0000-39-04628 2
79 0 clueweb09-en0005-04-11659 2
84 0 clueweb09-en0010-34-43700 2
79 0 clueweb09-en0005-04-11637 2
79 0 clueweb09-en0005-04-11628 2
79 0 clueweb09-en0005-04-11627 2
79 0 clueweb09-en0005-04-11609 2
79 0 clueweb09-en0005-04-11602 2
79 0 clueweb09-en0005-04-11604 2
79 0 clueweb09-en0005-04-11603 2
89 0 clueweb09-en0009-18-27331 1
82 0 clueweb09-en0003-95-00252 1
99 0 clueweb09-en0001-88-00550 0
84 0 clueweb09-en0011-50-17854 0
60 0 clueweb09-en0005-74-16997 0
61 0 clueweb09-en0001-24-16389 0
70 0 clueweb09-en0008-31-19455 0
69 0 clueweb09-en0009-36-35956 1
92 0 clueweb09-en0129-27-10645 0
92 0 clueweb09-en0003-92-18419 0
69 0 clueweb09-en0009-36-35961 0
69 0 clueweb09-en0009-36-35960 0
69 0 clueweb09-en0009-36-35959 0
62 0 clueweb09-en0003-68-28654 0
62 0 clueweb09-en0035-74-39593 0
64 0 clueweb09-en0006-58-33054 1
67 0 clueweb09-en0050-80-30674 1
52 0 clueweb09-en0001-13-09714 0
55 0 clueweb09-en0011-57-15850 0
84 0 clueweb09-en0000-39-04580 1
63 0 clueweb09-en0004-99-31089 0
75 0 clueweb09-en0007-79-28542 0
82 0 clueweb09-en0001-85-32559 0
73 0 clueweb09-en0009-10-39514 0
52 0 clueweb09-en0020-47-11087 0
82 0 clueweb09-en0029-50-23346 0
71 0 clueweb09-en0026-78-37203 0
70 0 clueweb09-en0050-46-19369 0
88 0 clueweb09-en0052-77-02208 0
77 0 clueweb09-en0009-77-05291 0
91 0 clueweb09-en0043-94-00742 0
54 0 clueweb09-en0011-84-37272 1
69 0 clueweb09-en0024-75-22925 0
84 0 clueweb09-en0007-66-08955 2
64 0 clueweb09-en0019-17-23948 1
73 0 clueweb09-en0036-17-39157 0
54 0 clueweb09-en0131-16-50968 1
64 0 clueweb09-en0001-44-38354 0
64 0 clueweb09-en0024-68-36987 1
67 0 clueweb09-en0008-10-39995 0
88 0 clueweb09-en0007-90-30405 0
81 0 clueweb09-en0003-22-21553 0
54 0 clueweb09-en0091-98-43605 1
84 0 clueweb09-en0010-14-17402 2
70 0 clueweb09-en0080-15-07475 0
61 0 clueweb09-en0048-59-12951 0
83 0 clueweb09-en0005-74-34984 0
81 0 clueweb09-en0018-93-28373 2
82 0 clueweb09-en0011-06-44257 0
71 0 clueweb09-en0010-45-15378 2
77 0 clueweb09-en0002-12-04613 0
92 0 clueweb09-en0003-31-14199 0
77 0 clueweb09-en0119-94-33565 0
78 0 clueweb09-en0011-06-19665 0
54 0 clueweb09-en0000-56-16949 0
59 0 clueweb09-en0025-86-19578 0
59 0 clueweb09-en0005-43-20641 0
58 0 clueweb09-en0008-11-12258 0
92 0 clueweb09-en0003-31-14214 0
75 0 clueweb09-en0003-97-29914 0
61 0 clueweb09-en0002-09-08941 1
84 0 clueweb09-en0002-76-15589 1
78 0 clueweb09-en0008-80-41068 0
90 0 clueweb09-enwp01-98-01711 0
70 0 clueweb09-enwp02-30-18069 0
96 0 clueweb09-en0001-45-21800 0
92 0 clueweb09-en0002-98-01248 0
62 0 clueweb09-en0054-79-22410 0
62 0 clueweb09-en0016-49-16909 1
87 0 clueweb09-en0002-22-31797 0
87 0 clueweb09-en0009-86-06753 1
97 0 clueweb09-en0132-37-44502 1
70 0 clueweb09-en0128-44-14966 -2
64 0 clueweb09-en0002-56-10314 0
70 0 clueweb09-en0000-80-16438 0
98 0 clueweb09-en0000-98-11159 -2
75 0 clueweb09-en0021-71-15184 0
82 0 clueweb09-en0009-01-47225 0
92 0 clueweb09-en0002-98-01207 0
82 0 clueweb09-en0057-42-02149 0
64 0 clueweb09-en0054-96-30770 0
86 0 clueweb09-en0004-51-20976 0
84 0 clueweb09-en0013-13-25600 1
74 0 clueweb09-en0003-02-12910 -2
84 0 clueweb09-en0013-13-25597 1
72 0 clueweb09-en0116-27-12366 2
81 0 clueweb09-en0011-58-31570 0
90 0 clueweb09-en0048-61-06058 0
59 0 clueweb09-en0000-75-31835 0
59 0 clueweb09-en0008-78-29669 0
67 0 clueweb09-en0006-68-04361 0
64 0 clueweb09-en0022-38-04440 0
63 0 clueweb09-en0094-66-37974 1
97 0 clueweb09-en0000-01-04890 0
57 0 clueweb09-en0126-06-39330 0
93 0 clueweb09-en0094-39-14373 0
84 0 clueweb09-en0055-94-40716 2
62 0 clueweb09-en0005-31-06506 0
70 0 clueweb09-en0055-15-20167 0
74 0 clueweb09-en0037-73-24830 0
73 0 clueweb09-en0013-84-01897 0
51 0 clueweb09-en0042-04-02334 0
96 0 clueweb09-en0133-59-20789 0
73 0 clueweb09-en0013-84-01820 1
73 0 clueweb09-en0013-84-01822 1
73 0 clueweb09-en0013-84-01824 0
85 0 clueweb09-en0008-44-12820 0
85 0 clueweb09-en0008-44-12821 0
73 0 clueweb09-en0013-84-01813 1
73 0 clueweb09-en0013-84-01814 1
73 0 clueweb09-en0013-84-01816 0
73 0 clueweb09-en0013-84-01817 1
73 0 clueweb09-en0013-84-01866 1
94 0 clueweb09-en0006-49-16901 0
73 0 clueweb09-en0013-84-01857 1
73 0 clueweb09-en0013-84-01858 1
70 0 clueweb09-en0083-96-22474 1
82 0 clueweb09-en0008-12-16699 0
51 0 clueweb09-en0079-76-37482 0
78 0 clueweb09-en0006-20-34083 0
98 0 clueweb09-en0003-93-13085 0
73 0 clueweb09-en0013-84-01798 1
72 0 clueweb09-en0008-86-07517 1
87 0 clueweb09-en0003-94-13872 1
52 0 clueweb09-en0024-17-23069 0
87 0 clueweb09-en0013-34-04227 0
73 0 clueweb09-en0009-60-39550 2
57 0 clueweb09-en0013-61-29515 0
60 0 clueweb09-en0033-08-09644 0
81 0 clueweb09-en0000-43-00677 0
96 0 clueweb09-en0000-02-26725 0
61 0 clueweb09-en0017-93-04138 1
52 0 clueweb09-en0032-15-26517 0
83 0 clueweb09-en0002-30-25454 0
73 0 clueweb09-en0027-40-35851 0
98 0 clueweb09-en0003-57-14330 2
54 0 clueweb09-en0005-72-33022 0
96 0 clueweb09-en0081-42-41824 0
84 0 clueweb09-en0000-44-35596 2
61 0 clueweb09-en0000-98-11159 -2
94 0 clueweb09-en0029-10-08629 0
59 0 clueweb09-en0005-49-08223 1
92 0 clueweb09-en0004-16-03399 0
51 0 clueweb09-en0008-73-10401 0
86 0 clueweb09-en0001-79-08949 0
75 0 clueweb09-en0000-10-19208 0
78 0 clueweb09-en0048-47-26641 0
75 0 clueweb09-en0000-10-19242 0
75 0 clueweb09-en0000-10-19230 0
75 0 clueweb09-en0000-10-19231 1
75 0 clueweb09-en0000-10-19235 1
75 0 clueweb09-en0000-10-19225 0
59 0 clueweb09-en0131-03-21428 0
65 0 clueweb09-en0010-49-37475 1
68 0 clueweb09-en0009-60-26510 0
51 0 clueweb09-en0012-17-28510 0
77 0 clueweb09-en0007-03-26492 0
75 0 clueweb09-en0011-61-46139 1
90 0 clueweb09-en0023-70-36367 3
68 0 clueweb09-en0009-60-26545 0
85 0 clueweb09-en0011-54-36603 0
64 0 clueweb09-en0006-44-26095 1
64 0 clueweb09-en0006-44-26097 0
87 0 clueweb09-en0007-10-03631 1
98 0 clueweb09-en0006-38-01410 0
89 0 clueweb09-en0031-68-16275 1
77 0 clueweb09-en0002-48-01131 0
74 0 clueweb09-en0013-62-20635 1
61 0 clueweb09-en0022-90-06545 1
54 0 clueweb09-en0001-20-12390 1
97 0 clueweb09-en0002-37-04731 1
58 0 clueweb09-en0006-16-21837 0
86 0 clueweb09-en0054-85-32546 0
51 0 clueweb09-en0011-96-09369 0
53 0 clueweb09-en0001-41-06899 0
82 0 clueweb09-en0002-84-20533 0
70 0 clueweb09-en0054-43-18385 0
78 0 clueweb09-en0018-85-27597 0
67 0 clueweb09-en0066-03-26684 1
69 0 clueweb09-en0007-74-24842 0
84 0 clueweb09-en0012-46-06081 1
55 0 clueweb09-en0003-82-01957 1
75 0 clueweb09-en0008-75-20759 1
84 0 clueweb09-en0012-46-06096 2
58 0 clueweb09-en0005-72-03360 1
97 0 clueweb09-en0005-95-12577 0
98 0 clueweb09-en0003-66-16191 1
84 0 clueweb09-en0042-50-02283 1
55 0 clueweb09-en0009-69-17458 1
58 0 clueweb09-en0011-56-22217 2
62 0 clueweb09-en0019-90-26156 0
92 0 clueweb09-en0090-40-44910 0
61 0 clueweb09-en0000-93-06653 0
88 0 clueweb09-en0038-44-05616 1
66 0 clueweb09-en0040-95-22463 0
83 0 clueweb09-en0006-09-31469 0
92 0 clueweb09-en0002-40-12328 -2
67 0 clueweb09-en0065-98-38377 1
62 0 clueweb09-en0013-51-19178 0
59 0 clueweb09-en0011-64-36561 0
92 0 clueweb09-en0008-10-17866 0
70 0 clueweb09-en0009-27-13988 0
75 0 clueweb09-en0007-52-09680 1
56 0 clueweb09-en0091-41-20826 2
83 0 clueweb09-en0009-76-02837 0
92 0 clueweb09-en0018-50-23137 1
77 0 clueweb09-en0017-56-26629 0
96 0 clueweb09-en0007-81-01794 2
92 0 clueweb09-en0001-34-13559 0
65 0 clueweb09-en0127-35-29286 0
70 0 clueweb09-en0008-73-30826 0
94 0 clueweb09-en0000-10-12112 0
70 0 clueweb09-en0008-73-30833 0
70 0 clueweb09-en0008-73-30847 0
52 0 clueweb09-en0008-78-30205 0
62 0 clueweb09-en0010-33-27598 1
74 0 clueweb09-en0011-21-29233 1
52 0 clueweb09-en0071-00-13370 0
61 0 clueweb09-en0000-84-02870 0
87 0 clueweb09-en0029-70-08200 0
54 0 clueweb09-en0006-52-30377 1
73 0 clueweb09-en0003-16-15263 0
70 0 clueweb09-en0005-36-04171 0
84 0 clueweb09-en0000-53-33459 2
74 0 clueweb09-en0002-83-20774 2
75 0 clueweb09-en0008-54-30379 2
96 0 clueweb09-en0007-81-01780 1
78 0 clueweb09-en0006-36-18793 0
64 0 clueweb09-en0040-45-08306 1
82 0 clueweb09-en0000-04-34374 0
81 0 clueweb09-en0011-18-12330 0
70 0 clueweb09-en0008-16-26367 0
53 0 clueweb09-en0001-41-06901 0
96 0 clueweb09-en0006-61-23112 0
59 0 clueweb09-en0011-84-33753 3
79 0 clueweb09-en0027-24-01817 0
63 0 clueweb09-en0001-90-07533 0
94 0 clueweb09-en0004-37-15267 0
82 0 clueweb09-en0078-15-23508 0
57 0 clueweb09-en0027-69-21310 0
87 0 clueweb09-en0009-78-33393 1
61 0 clueweb09-en0004-69-37387 2
64 0 clueweb09-en0024-40-22013 2
72 0 clueweb09-en0007-74-09686 0
81 0 clueweb09-en0005-31-06506 0
98 0 clueweb09-en0005-31-06506 0
99 0 clueweb09-en0000-43-24087 0
74 0 clueweb09-en0002-79-02285 0
70 0 clueweb09-en0008-73-30853 0
70 0 clueweb09-en0008-73-30856 0
70 0 clueweb09-en0008-73-30855 0
70 0 clueweb09-en0008-73-30865 0
87 0 clueweb09-en0131-64-01747 0
63 0 clueweb09-en0003-18-20342 0
87 0 clueweb09-en0037-48-35723 0
88 0 clueweb09-en0039-41-03791 2
56 0 clueweb09-en0035-48-25431 2
55 0 clueweb09-en0003-98-22796 0
75 0 clueweb09-en0009-29-36017 0
87 0 clueweb09-en0008-03-31012 0
91 0 clueweb09-en0000-98-11159 0
92 0 clueweb09-en0126-37-09543 0
86 0 clueweb09-en0009-17-06058 0
88 0 clueweb09-en0009-09-16028 1
79 0 clueweb09-en0011-54-29845 0
87 0 clueweb09-en0045-82-37486 0
75 0 clueweb09-en0011-53-33422 1
75 0 clueweb09-en0011-53-33418 0
72 0 clueweb09-en0012-64-07514 1
70 0 clueweb09-en0007-54-29289 0
94 0 clueweb09-en0000-10-12501 0
56 0 clueweb09-en0008-89-30310 0
64 0 clueweb09-en0008-39-04131 1
61 0 clueweb09-en0008-52-23051 0
76 0 clueweb09-en0007-48-34723 1
72 0 clueweb09-en0007-32-03443 2
64 0 clueweb09-en0008-39-04161 0
62 0 clueweb09-en0023-45-12777 1
88 0 clueweb09-en0006-23-33812 0
92 0 clueweb09-en0012-75-04681 0
75 0 clueweb09-en0011-53-33362 0
98 0 clueweb09-en0001-54-00124 0
54 0 clueweb09-en0013-76-12940 1
74 0 clueweb09-en0005-31-06506 0
66 0 clueweb09-en0048-11-25254 0
55 0 clueweb09-en0090-23-20253 0
61 0 clueweb09-en0129-13-32790 0
62 0 clueweb09-en0036-10-28072 1
91 0 clueweb09-en0008-95-08839 0
89 0 clueweb09-en0001-85-20463 0
85 0 clueweb09-en0106-82-25126 1
85 0 clueweb09-en0106-82-25127 1
90 0 clueweb09-en0066-37-12425 2
64 0 clueweb09-en0003-70-25249 0
64 0 clueweb09-en0008-43-20058 1
81 0 clueweb09-en0000-09-03586 0
84 0 clueweb09-en0000-53-33252 1
73 0 clueweb09-en0011-13-40695 1
72 0 clueweb09-en0009-57-43556 0
87 0 clueweb09-en0015-25-11075 0
64 0 clueweb09-en0011-57-13869 1
71 0 clueweb09-en0002-22-18906 0
70 0 clueweb09-en0004-34-03581 0
54 0 clueweb09-en0020-69-02846 1
88 0 clueweb09-en0021-24-04990 0
78 0 clueweb09-en0006-43-34052 1
98 0 clueweb09-en0011-79-19084 1
82 0 clueweb09-en0130-34-55317 3
72 0 clueweb09-en0003-65-02886 2
72 0 clueweb09-en0000-42-16358 1
74 0 clueweb09-en0000-73-04555 0
52 0 clueweb09-en0119-64-28195 0
81 0 clueweb09-en0009-69-37177 0
92 0 clueweb09-en0006-17-27451 0
84 0 clueweb09-en0001-96-09729 0
79 0 clueweb09-en0005-70-07059 2
82 0 clueweb09-en0071-65-10173 0
98 0 clueweb09-en0006-87-30856 0
87 0 clueweb09-en0002-37-29447 0
82 0 clueweb09-en0009-08-01867 0
94 0 clueweb09-en0000-10-12943 0
64 0 clueweb09-en0001-44-01657 2
65 0 clueweb09-en0007-87-30661 0
80 0 clueweb09-en0035-54-30045 1
87 0 clueweb09-en0081-02-12789 0
54 0 clueweb09-en0001-77-02409 0
66 0 clueweb09-en0005-31-06506 0
92 0 clueweb09-en0002-83-12797 0
64 0 clueweb09-en0004-47-20383 0
54 0 clueweb09-en0000-56-17024 0
54 0 clueweb09-en0060-93-01862 0
65 0 clueweb09-en0009-08-32517 1
81 0 clueweb09-en0020-72-00553 0
84 0 clueweb09-en0031-37-03302 1
54 0 clueweb09-en0023-54-03409 0
70 0 clueweb09-en0005-92-13215 0
55 0 clueweb09-en0003-75-26869 0
57 0 clueweb09-en0030-92-00243 2
51 0 clueweb09-en0034-44-13157 1
52 0 clueweb09-en0090-07-27472 0
62 0 clueweb09-en0041-63-17913 2
65 0 clueweb09-en0008-51-30297 0
87 0 clueweb09-en0009-06-17131 0
74 0 clueweb09-en0006-16-06531 1
66 0 clueweb09-en0032-06-22286 -2
96 0 clueweb09-en0040-58-13153 0
55 0 clueweb09-en0004-90-06608 1
58 0 clueweb09-en0011-06-34780 0
52 0 clueweb09-en0000-54-14011 0
63 0 clueweb09-en0005-31-06506 0
85 0 clueweb09-en0026-02-16717 1
52 0 clueweb09-en0000-54-14063 0
75 0 clueweb09-en0005-75-19620 1
71 0 clueweb09-en0008-10-01842 1
71 0 clueweb09-en0008-10-01815 0
86 0 clueweb09-en0080-52-17600 -2
61 0 clueweb09-en0007-54-06014 0
62 0 clueweb09-en0131-18-45524 0
83 0 clueweb09-en0007-27-28565 0
85 0 clueweb09-en0037-54-40343 1
94 0 clueweb09-en0013-17-00541 0
81 0 clueweb09-en0007-21-35851 0
92 0 clueweb09-en0011-74-05802 0
70 0 clueweb09-en0002-14-02442 0
92 0 clueweb09-en0011-74-05807 0
64 0 clueweb09-enwp00-56-17266 0
51 0 clueweb09-en0010-03-31177 0
89 0 clueweb09-en0010-55-36297 0
84 0 clueweb09-en0004-73-02995 1
59 0 clueweb09-en0001-61-27020 0
98 0 clueweb09-en0011-58-31570 0
78 0 clueweb09-en0006-59-05145 2
82 0 clueweb09-en0043-89-18200 0
79 0 clueweb09-en0010-13-36004 2
88 0 clueweb09-en0005-01-04037 1
77 0 clueweb09-en0024-40-19964 0
67 0 clueweb09-en0010-77-18022 0
74 0 clueweb09-en0075-89-08856 2
77 0 clueweb09-en0021-46-30764 0
72 0 clueweb09-en0003-42-13787 0
79 0 clueweb09-en0000-13-10931 0
81 0 clueweb09-en0002-01-21814 0
56 0 clueweb09-en0041-73-05282 0
88 0 clueweb09-en0130-01-19215 1
79 0 clueweb09-en0000-10-12602 1
96 0 clueweb09-en0012-21-17977 0
94 0 clueweb09-en0005-70-07055 0
52 0 clueweb09-en0007-62-26160 0
51 0 clueweb09-en0002-79-23132 0
75 0 clueweb09-en0007-67-09593 0
65 0 clueweb09-en0008-68-10256 0
88 0 clueweb09-en0006-22-31295 1
54 0 clueweb09-en0001-13-11540 1
94 0 clueweb09-en0012-50-06359 0
83 0 clueweb09-en0122-21-21565 1
93 0 clueweb09-en0026-21-13505 0
94 0 clueweb09-en0002-23-26404 0
65 0 clueweb09-en0127-35-29320 0
97 0 clueweb09-en0004-90-04736 0
70 0 clueweb09-en0009-68-23332 2
52 0 clueweb09-en0007-62-26154 0
52 0 clueweb09-en0007-62-26113 0
98 0 clueweb09-enwp03-01-12460 0
67 0 clueweb09-en0035-30-26977 1
91 0 clueweb09-en0009-26-04413 1
84 0 clueweb09-en0010-11-14483 2
67 0 clueweb09-en0041-45-02393 1
56 0 clueweb09-en0008-27-10548 0
73 0 clueweb09-en0064-10-10258 1
87 0 clueweb09-en0010-85-26925 1
69 0 clueweb09-en0046-73-00872 0
72 0 clueweb09-en0002-77-29359 2
83 0 clueweb09-en0003-39-21549 0
70 0 clueweb09-en0002-65-19747 0
81 0 clueweb09-en0004-93-03195 0
75 0 clueweb09-en0009-74-36334 1
70 0 clueweb09-en0022-53-17568 0
82 0 clueweb09-en0010-28-09443 0
87 0 clueweb09-en0008-81-28359 0
65 0 clueweb09-en0006-70-16789 1
94 0 clueweb09-en0012-94-28609 0
84 0 clueweb09-en0002-30-25944 0
64 0 clueweb09-en0009-44-14513 0
54 0 clueweb09-en0087-52-07067 0
54 0 clueweb09-en0009-19-12153 0
64 0 clueweb09-en0036-98-11914 2
55 0 clueweb09-en0005-72-06096 2
64 0 clueweb09-en0020-86-12442 1
54 0 clueweb09-en0009-69-20207 0
60 0 clueweb09-en0003-84-08122 0
80 0 clueweb09-en0036-94-20999 0
69 0 clueweb09-en0015-68-10419 0
79 0 clueweb09-en0008-26-26814 -2
64 0 clueweb09-en0008-26-14261 0
81 0 clueweb09-en0002-37-04320 1
64 0 clueweb09-en0024-40-20964 1
63 0 clueweb09-en0008-26-29097 1
78 0 clueweb09-en0005-70-09223 0
93 0 clueweb09-en0047-76-14166 0
60 0 clueweb09-en0015-00-08797 0
62 0 clueweb09-en0105-81-41922 0
51 0 clueweb09-en0026-77-09317 2
59 0 clueweb09-en0020-64-04495 3
63 0 clueweb09-en0036-57-36495 0
92 0 clueweb09-en0003-93-06036 0
62 0 clueweb09-en0007-88-17939 1
65 0 clueweb09-en0002-30-16737 1
99 0 clueweb09-en0011-62-10974 0
75 0 clueweb09-en0041-58-25167 1
62 0 clueweb09-en0011-31-06717 0
74 0 clueweb09-en0009-01-27115 0
94 0 clueweb09-en0075-31-26722 0
51 0 clueweb09-en0035-02-35262 1
63 0 clueweb09-en0025-92-08398 1
83 0 clueweb09-en0001-18-17200 1
58 0 clueweb09-en0005-31-06506 0
61 0 clueweb09-en0092-34-22478 0
85 0 clueweb09-en0004-52-23784 1
61 0 clueweb09-en0007-94-00189 0
54 0 clueweb09-en0017-09-09950 0
77 0 clueweb09-en0032-30-34033 0
55 0 clueweb09-en0001-00-25704 0
79 0 clueweb09-en0011-72-09607 2
70 0 clueweb09-en0008-02-12018 0
57 0 clueweb09-en0012-18-16059 1
97 0 clueweb09-enwp00-42-25106 1
79 0 clueweb09-en0011-72-09614 1
55 0 clueweb09-en0001-46-07885 0
62 0 clueweb09-en0050-60-01689 0
83 0 clueweb09-en0002-30-26464 0
75 0 clueweb09-en0075-99-02389 1
70 0 clueweb09-en0051-75-26598 0
70 0 clueweb09-en0051-75-26596 0
75 0 clueweb09-en0007-66-09666 1
59 0 clueweb09-en0020-91-09042 0
70 0 clueweb09-en0000-38-13602 0
73 0 clueweb09-en0011-44-07866 0
75 0 clueweb09-en0012-64-36139 1
70 0 clueweb09-en0011-64-09374 0
89 0 clueweb09-en0010-91-28025 1
94 0 clueweb09-en0011-58-31570 0
70 0 clueweb09-en0011-81-19447 0
84 0 clueweb09-en0001-05-18576 2
87 0 clueweb09-en0081-60-19898 0
94 0 clueweb09-en0008-45-17972 0
76 0 clueweb09-en0002-83-20795 2
64 0 clueweb09-en0012-57-02113 0
54 0 clueweb09-en0006-43-32420 1
99 0 clueweb09-en0004-99-03684 0
69 0 clueweb09-en0040-77-12306 0
81 0 clueweb09-en0006-30-36045 0
55 0 clueweb09-en0096-17-22308 2
74 0 clueweb09-en0003-65-25773 0
99 0 clueweb09-en0000-01-00267 1
51 0 clueweb09-en0011-01-24941 1
61 0 clueweb09-en0005-80-05545 0
60 0 clueweb09-en0102-29-15781 0
82 0 clueweb09-en0000-70-33739 0
62 0 clueweb09-en0131-13-53067 0
89 0 clueweb09-en0005-77-15193 0
75 0 clueweb09-en0003-67-23458 0
94 0 clueweb09-en0010-13-35982 0
73 0 clueweb09-en0003-93-14904 0
84 0 clueweb09-en0013-13-24254 1
84 0 clueweb09-en0005-96-05302 1
54 0 clueweb09-en0006-58-15819 0
54 0 clueweb09-en0000-56-15882 2
54 0 clueweb09-en0000-56-15878 1
74 0 clueweb09-en0005-60-12349 0
74 0 clueweb09-en0005-60-12348 0
59 0 clueweb09-en0034-76-05625 0
54 0 clueweb09-en0005-96-07658 1
65 0 clueweb09-en0009-10-03717 0
52 0 clueweb09-en0036-23-36218 0
61 0 clueweb09-en0000-84-17852 0
96 0 clueweb09-en0006-71-03671 1
69 0 clueweb09-en0019-49-02938 0
87 0 clueweb09-en0026-99-32442 1
89 0 clueweb09-en0011-85-24374 0
83 0 clueweb09-en0005-68-01917 0
77 0 clueweb09-en0036-38-24804 2
62 0 clueweb09-en0004-20-18893 0
67 0 clueweb09-en0012-77-01870 0
84 0 clueweb09-en0009-79-18155 2
98 0 clueweb09-en0006-79-29721 1
81 0 clueweb09-en0012-47-18877 2
77 0 clueweb09-en0050-21-15801 0
77 0 clueweb09-en0133-28-10903 0
88 0 clueweb09-en0093-12-23934 0
70 0 clueweb09-en0009-45-18482 0
62 0 clueweb09-en0023-95-29361 0
64 0 clueweb09-en0047-24-04960 0
55 0 clueweb09-en0132-86-09728 2
55 0 clueweb09-en0007-66-38790 0
56 0 clueweb09-en0083-54-05215 0
71 0 clueweb09-en0006-17-27576 1
69 0 clueweb09-en0000-77-14789 1
84 0 clueweb09-en0004-50-21761 2
72 0 clueweb09-en0012-77-22173 0
73 0 clueweb09-en0075-52-19399 1
63 0 clueweb09-en0024-54-17501 1
77 0 clueweb09-en0005-39-26379 0
77 0 clueweb09-en0026-36-29205 0
82 0 clueweb09-en0008-51-30588 2
54 0 clueweb09-en0004-09-37781 1
72 0 clueweb09-en0101-33-00344 0
59 0 clueweb09-en0007-73-19670 0
70 0 clueweb09-en0009-91-33652 0
61 0 clueweb09-en0008-31-25166 1
97 0 clueweb09-en0004-47-12542 0
97 0 clueweb09-en0004-47-12516 0
87 0 clueweb09-en0011-51-19616 0
61 0 clueweb09-en0011-58-31570 0
87 0 clueweb09-en0022-84-37516 0
51 0 clueweb09-en0073-03-21481 0
83 0 clueweb09-en0000-03-17338 0
65 0 clueweb09-en0011-54-12900 0
72 0 clueweb09-en0009-13-28033 1
74 0 clueweb09-en0010-34-43290 0
71 0 clueweb09-en0004-74-10613 1
64 0 clueweb09-en0077-12-33595 2
92 0 clueweb09-en0001-98-15977 0
54 0 clueweb09-en0002-54-23903 1
52 0 clueweb09-en0130-76-11495 0
82 0 clueweb09-en0009-93-18562 0
88 0 clueweb09-en0133-71-08462 0
88 0 clueweb09-en0024-23-05644 1
87 0 clueweb09-en0002-75-32608 0
51 0 clueweb09-en0009-84-34320 1
51 0 clueweb09-en0080-61-28934 0
52 0 clueweb09-en0003-24-06143 0
94 0 clueweb09-en0006-51-07848 0
96 0 clueweb09-en0006-27-35965 1
61 0 clueweb09-en0000-15-02963 0
83 0 clueweb09-en0005-75-30455 0
64 0 clueweb09-en0010-16-17459 1
75 0 clueweb09-en0000-10-11988 0
90 0 clueweb09-en0006-31-31315 3
56 0 clueweb09-en0006-37-20683 1
59 0 clueweb09-en0011-85-26480 0
60 0 clueweb09-en0004-80-28964 1
70 0 clueweb09-en0034-66-17417 1
54 0 clueweb09-en0013-78-10056 0
61 0 clueweb09-en0005-00-18953 0
94 0 clueweb09-en0005-31-06506 0
97 0 clueweb09-en0132-67-10355 0
82 0 clueweb09-en0004-63-25519 0
98 0 clueweb09-en0035-66-33752 0
84 0 clueweb09-en0062-10-09892 0
90 0 clueweb09-en0009-80-12855 2
75 0 clueweb09-en0000-71-33522 1
88 0 clueweb09-en0005-55-16402 1
56 0 clueweb09-en0005-75-19483 0
83 0 clueweb09-en0127-59-08848 0
84 0 clueweb09-en0042-49-00692 0
99 0 clueweb09-en0000-02-25082 0
72 0 clueweb09-en0013-31-25903 0
58 0 clueweb09-en0003-58-20287 2
92 0 clueweb09-enwp02-04-16478 0